720 1160
1 2.000000e+02 0.000000e+00 0.000000e+00
2 1.224606e-14 1.000000e+02 0.000000e+00
3 1.224606e-14 1.000000e+02 1.000000e+03
4 2.000000e+02 0.000000e+00 1.000000e+03
5 1.102146e-14 9.000000e+01 0.000000e+00
6 1.800000e+02 0.000000e+00 0.000000e+00
7 1.102146e-14 9.000000e+01 1.000000e+03
8 1.800000e+02 0.000000e+00 1.000000e+03
9 -2.000000e+02 1.224606e-14 0.000000e+00
10 -2.000000e+02 1.224606e-14 1.000000e+03
11 -1.800000e+02 1.102146e-14 0.000000e+00
12 -1.800000e+02 1.102146e-14 1.000000e+03
13 -3.673819e-14 -1.000000e+02 1.000000e+03
14 -3.673819e-14 -1.000000e+02 0.000000e+00
15 -3.306437e-14 -9.000000e+01 1.000000e+03
16 -3.306437e-14 -9.000000e+01 0.000000e+00
17 1.805166e+02 4.305164e+01 0.000000e+00
18 1.411367e+02 7.085271e+01 0.000000e+00
19 9.582743e+01 8.777400e+01 0.000000e+00
20 4.832070e+01 9.703751e+01 0.000000e+00
21 0.000000e+00 1.000000e+02 8.000000e+02
22 0.000000e+00 1.000000e+02 6.000000e+02
23 0.000000e+00 1.000000e+02 4.000000e+02
24 0.000000e+00 1.000000e+02 2.000000e+02
25 1.805166e+02 4.305164e+01 1.000000e+03
26 1.411367e+02 7.085271e+01 1.000000e+03
27 9.582743e+01 8.777400e+01 1.000000e+03
28 4.832070e+01 9.703751e+01 1.000000e+03
29 2.000000e+02 0.000000e+00 2.000000e+02
30 2.000000e+02 0.000000e+00 4.000000e+02
31 2.000000e+02 0.000000e+00 6.000000e+02
32 2.000000e+02 0.000000e+00 8.000000e+02
33 0.000000e+00 9.800000e+01 0.000000e+00
34 0.000000e+00 9.600000e+01 0.000000e+00
35 0.000000e+00 9.400000e+01 0.000000e+00
36 0.000000e+00 9.200000e+01 0.000000e+00
37 1.624649e+02 3.874647e+01 0.000000e+00
38 1.270230e+02 6.376744e+01 0.000000e+00
39 8.624469e+01 7.899660e+01 0.000000e+00
40 4.348863e+01 8.733376e+01 0.000000e+00
41 1.840000e+02 0.000000e+00 0.000000e+00
42 1.880000e+02 0.000000e+00 0.000000e+00
43 1.920000e+02 0.000000e+00 0.000000e+00
44 1.960000e+02 0.000000e+00 0.000000e+00
45 0.000000e+00 9.000000e+01 8.000000e+02
46 0.000000e+00 9.000000e+01 6.000000e+02
47 0.000000e+00 9.000000e+01 4.000000e+02
48 0.000000e+00 9.000000e+01 2.000000e+02
49 0.000000e+00 9.800000e+01 1.000000e+03
50 0.000000e+00 9.600000e+01 1.000000e+03
51 0.000000e+00 9.400000e+01 1.000000e+03
52 0.000000e+00 9.200000e+01 1.000000e+03
53 1.624649e+02 3.874647e+01 1.000000e+03
54 1.270230e+02 6.376744e+01 1.000000e+03
55 8.624469e+01 7.899660e+01 1.000000e+03
56 4.348863e+01 8.733376e+01 1.000000e+03
57 1.840000e+02 0.000000e+00 1.000000e+03
58 1.880000e+02 0.000000e+00 1.000000e+03
59 1.920000e+02 0.000000e+00 1.000000e+03
60 1.960000e+02 0.000000e+00 1.000000e+03
61 1.800000e+02 0.000000e+00 2.000000e+02
62 1.800000e+02 0.000000e+00 4.000000e+02
63 1.800000e+02 0.000000e+00 6.000000e+02
64 1.800000e+02 0.000000e+00 8.000000e+02
65 -4.832070e+01 9.703751e+01 0.000000e+00
66 -9.582743e+01 8.777400e+01 0.000000e+00
67 -1.411367e+02 7.085271e+01 0.000000e+00
68 -1.805166e+02 4.305164e+01 0.000000e+00
69 -2.000000e+02 0.000000e+00 8.000000e+02
70 -2.000000e+02 0.000000e+00 6.000000e+02
71 -2.000000e+02 0.000000e+00 4.000000e+02
72 -2.000000e+02 0.000000e+00 2.000000e+02
73 -4.832070e+01 9.703751e+01 1.000000e+03
74 -9.582743e+01 8.777400e+01 1.000000e+03
75 -1.411367e+02 7.085271e+01 1.000000e+03
76 -1.805166e+02 4.305164e+01 1.000000e+03
77 -1.960000e+02 0.000000e+00 0.000000e+00
78 -1.920000e+02 0.000000e+00 0.000000e+00
79 -1.880000e+02 0.000000e+00 0.000000e+00
80 -1.840000e+02 0.000000e+00 0.000000e+00
81 -4.348863e+01 8.733376e+01 0.000000e+00
82 -8.624469e+01 7.899660e+01 0.000000e+00
83 -1.270230e+02 6.376744e+01 0.000000e+00
84 -1.624649e+02 3.874647e+01 0.000000e+00
85 -1.800000e+02 0.000000e+00 8.000000e+02
86 -1.800000e+02 0.000000e+00 6.000000e+02
87 -1.800000e+02 0.000000e+00 4.000000e+02
88 -1.800000e+02 0.000000e+00 2.000000e+02
89 -1.960000e+02 0.000000e+00 1.000000e+03
90 -1.920000e+02 0.000000e+00 1.000000e+03
91 -1.880000e+02 0.000000e+00 1.000000e+03
92 -1.840000e+02 0.000000e+00 1.000000e+03
93 -4.348863e+01 8.733376e+01 1.000000e+03
94 -8.624469e+01 7.899660e+01 1.000000e+03
95 -1.270230e+02 6.376744e+01 1.000000e+03
96 -1.624649e+02 3.874647e+01 1.000000e+03
97 4.832070e+01 -9.703751e+01 1.000000e+03
98 9.582743e+01 -8.777400e+01 1.000000e+03
99 1.411367e+02 -7.085271e+01 1.000000e+03
100 1.805166e+02 -4.305164e+01 1.000000e+03
101 0.000000e+00 -1.000000e+02 8.000000e+02
102 0.000000e+00 -1.000000e+02 6.000000e+02
103 0.000000e+00 -1.000000e+02 4.000000e+02
104 0.000000e+00 -1.000000e+02 2.000000e+02
105 4.832070e+01 -9.703751e+01 0.000000e+00
106 9.582743e+01 -8.777400e+01 0.000000e+00
107 1.411367e+02 -7.085271e+01 0.000000e+00
108 1.805166e+02 -4.305164e+01 0.000000e+00
109 4.348863e+01 -8.733376e+01 1.000000e+03
110 8.624469e+01 -7.899660e+01 1.000000e+03
111 1.270230e+02 -6.376744e+01 1.000000e+03
112 1.624649e+02 -3.874647e+01 1.000000e+03
113 0.000000e+00 -9.200000e+01 1.000000e+03
114 0.000000e+00 -9.400000e+01 1.000000e+03
115 0.000000e+00 -9.600000e+01 1.000000e+03
116 0.000000e+00 -9.800000e+01 1.000000e+03
117 0.000000e+00 -9.200000e+01 0.000000e+00
118 0.000000e+00 -9.400000e+01 0.000000e+00
119 0.000000e+00 -9.600000e+01 0.000000e+00
120 0.000000e+00 -9.800000e+01 0.000000e+00
121 0.000000e+00 -9.000000e+01 8.000000e+02
122 0.000000e+00 -9.000000e+01 6.000000e+02
123 0.000000e+00 -9.000000e+01 4.000000e+02
124 0.000000e+00 -9.000000e+01 2.000000e+02
125 4.348863e+01 -8.733376e+01 0.000000e+00
126 8.624469e+01 -7.899660e+01 0.000000e+00
127 1.270230e+02 -6.376744e+01 0.000000e+00
128 1.624649e+02 -3.874647e+01 0.000000e+00
129 -1.805166e+02 -4.305164e+01 1.000000e+03
130 -1.411367e+02 -7.085271e+01 1.000000e+03
131 -9.582743e+01 -8.777400e+01 1.000000e+03
132 -4.832070e+01 -9.703751e+01 1.000000e+03
133 -1.805166e+02 -4.305164e+01 0.000000e+00
134 -1.411367e+02 -7.085271e+01 0.000000e+00
135 -9.582743e+01 -8.777400e+01 0.000000e+00
136 -4.832070e+01 -9.703751e+01 0.000000e+00
137 -1.624649e+02 -3.874647e+01 1.000000e+03
138 -1.270230e+02 -6.376744e+01 1.000000e+03
139 -8.624469e+01 -7.899660e+01 1.000000e+03
140 -4.348863e+01 -8.733376e+01 1.000000e+03
141 -1.624649e+02 -3.874647e+01 0.000000e+00
142 -1.270230e+02 -6.376744e+01 0.000000e+00
143 -8.624469e+01 -7.899660e+01 0.000000e+00
144 -4.348863e+01 -8.733376e+01 0.000000e+00
145 1.805166e+02 4.305164e+01 2.000000e+02
146 1.805166e+02 4.305164e+01 4.000000e+02
147 1.805166e+02 4.305164e+01 6.000000e+02
148 1.805166e+02 4.305164e+01 8.000000e+02
149 1.411367e+02 7.085271e+01 2.000000e+02
150 1.411367e+02 7.085271e+01 4.000000e+02
151 1.411367e+02 7.085271e+01 6.000000e+02
152 1.411367e+02 7.085271e+01 8.000000e+02
153 9.582743e+01 8.777400e+01 2.000000e+02
154 9.582743e+01 8.777400e+01 4.000000e+02
155 9.582743e+01 8.777400e+01 6.000000e+02
156 9.582743e+01 8.777400e+01 8.000000e+02
157 4.832070e+01 9.703751e+01 2.000000e+02
158 4.832070e+01 9.703751e+01 4.000000e+02
159 4.832070e+01 9.703751e+01 6.000000e+02
160 4.832070e+01 9.703751e+01 8.000000e+02
161 4.735429e+01 9.509676e+01 0.000000e+00
162 4.638787e+01 9.315601e+01 0.000000e+00
163 4.542146e+01 9.121526e+01 0.000000e+00
164 4.445504e+01 8.927451e+01 0.000000e+00
165 9.391089e+01 8.601852e+01 0.000000e+00
166 9.199434e+01 8.426304e+01 0.000000e+00
167 9.007779e+01 8.250756e+01 0.000000e+00
168 8.816124e+01 8.075208e+01 0.000000e+00
169 1.383140e+02 6.943566e+01 0.000000e+00
170 1.354912e+02 6.801860e+01 0.000000e+00
171 1.326685e+02 6.660155e+01 0.000000e+00
172 1.298458e+02 6.518449e+01 0.000000e+00
173 1.769062e+02 4.219060e+01 0.000000e+00
174 1.732959e+02 4.132957e+01 0.000000e+00
175 1.696856e+02 4.046854e+01 0.000000e+00
176 1.660752e+02 3.960751e+01 0.000000e+00
177 0.000000e+00 9.800000e+01 2.000000e+02
178 0.000000e+00 9.800000e+01 4.000000e+02
179 0.000000e+00 9.800000e+01 6.000000e+02
180 0.000000e+00 9.800000e+01 8.000000e+02
181 0.000000e+00 9.600000e+01 2.000000e+02
182 0.000000e+00 9.600000e+01 4.000000e+02
183 0.000000e+00 9.600000e+01 6.000000e+02
184 0.000000e+00 9.600000e+01 8.000000e+02
185 0.000000e+00 9.400000e+01 2.000000e+02
186 0.000000e+00 9.400000e+01 4.000000e+02
187 0.000000e+00 9.400000e+01 6.000000e+02
188 0.000000e+00 9.400000e+01 8.000000e+02
189 0.000000e+00 9.200000e+01 2.000000e+02
190 0.000000e+00 9.200000e+01 4.000000e+02
191 0.000000e+00 9.200000e+01 6.000000e+02
192 0.000000e+00 9.200000e+01 8.000000e+02
193 1.769062e+02 4.219060e+01 1.000000e+03
194 1.732959e+02 4.132957e+01 1.000000e+03
195 1.696856e+02 4.046854e+01 1.000000e+03
196 1.660752e+02 3.960751e+01 1.000000e+03
197 1.383140e+02 6.943566e+01 1.000000e+03
198 1.354912e+02 6.801860e+01 1.000000e+03
199 1.326685e+02 6.660155e+01 1.000000e+03
200 1.298458e+02 6.518449e+01 1.000000e+03
201 9.391089e+01 8.601852e+01 1.000000e+03
202 9.199434e+01 8.426304e+01 1.000000e+03
203 9.007779e+01 8.250756e+01 1.000000e+03
204 8.816124e+01 8.075208e+01 1.000000e+03
205 4.735429e+01 9.509676e+01 1.000000e+03
206 4.638787e+01 9.315601e+01 1.000000e+03
207 4.542146e+01 9.121526e+01 1.000000e+03
208 4.445504e+01 8.927451e+01 1.000000e+03
209 1.840000e+02 0.000000e+00 2.000000e+02
210 1.840000e+02 0.000000e+00 4.000000e+02
211 1.840000e+02 0.000000e+00 6.000000e+02
212 1.840000e+02 0.000000e+00 8.000000e+02
213 1.880000e+02 0.000000e+00 2.000000e+02
214 1.880000e+02 0.000000e+00 4.000000e+02
215 1.880000e+02 0.000000e+00 6.000000e+02
216 1.880000e+02 0.000000e+00 8.000000e+02
217 1.920000e+02 0.000000e+00 2.000000e+02
218 1.920000e+02 0.000000e+00 4.000000e+02
219 1.920000e+02 0.000000e+00 6.000000e+02
220 1.920000e+02 0.000000e+00 8.000000e+02
221 1.960000e+02 0.000000e+00 2.000000e+02
222 1.960000e+02 0.000000e+00 4.000000e+02
223 1.960000e+02 0.000000e+00 6.000000e+02
224 1.960000e+02 0.000000e+00 8.000000e+02
225 4.348863e+01 8.733376e+01 2.000000e+02
226 4.348863e+01 8.733376e+01 4.000000e+02
227 4.348863e+01 8.733376e+01 6.000000e+02
228 4.348863e+01 8.733376e+01 8.000000e+02
229 8.624469e+01 7.899660e+01 2.000000e+02
230 8.624469e+01 7.899660e+01 4.000000e+02
231 8.624469e+01 7.899660e+01 6.000000e+02
232 8.624469e+01 7.899660e+01 8.000000e+02
233 1.270230e+02 6.376744e+01 2.000000e+02
234 1.270230e+02 6.376744e+01 4.000000e+02
235 1.270230e+02 6.376744e+01 6.000000e+02
236 1.270230e+02 6.376744e+01 8.000000e+02
237 1.624649e+02 3.874647e+01 2.000000e+02
238 1.624649e+02 3.874647e+01 4.000000e+02
239 1.624649e+02 3.874647e+01 6.000000e+02
240 1.624649e+02 3.874647e+01 8.000000e+02
241 -4.832070e+01 9.703751e+01 2.000000e+02
242 -4.832070e+01 9.703751e+01 4.000000e+02
243 -4.832070e+01 9.703751e+01 6.000000e+02
244 -4.832070e+01 9.703751e+01 8.000000e+02
245 -9.582743e+01 8.777400e+01 2.000000e+02
246 -9.582743e+01 8.777400e+01 4.000000e+02
247 -9.582743e+01 8.777400e+01 6.000000e+02
248 -9.582743e+01 8.777400e+01 8.000000e+02
249 -1.411367e+02 7.085271e+01 2.000000e+02
250 -1.411367e+02 7.085271e+01 4.000000e+02
251 -1.411367e+02 7.085271e+01 6.000000e+02
252 -1.411367e+02 7.085271e+01 8.000000e+02
253 -1.805166e+02 4.305164e+01 2.000000e+02
254 -1.805166e+02 4.305164e+01 4.000000e+02
255 -1.805166e+02 4.305164e+01 6.000000e+02
256 -1.805166e+02 4.305164e+01 8.000000e+02
257 -1.769062e+02 4.219060e+01 0.000000e+00
258 -1.732959e+02 4.132957e+01 0.000000e+00
259 -1.696856e+02 4.046854e+01 0.000000e+00
260 -1.660752e+02 3.960751e+01 0.000000e+00
261 -1.383140e+02 6.943566e+01 0.000000e+00
262 -1.354912e+02 6.801860e+01 0.000000e+00
263 -1.326685e+02 6.660155e+01 0.000000e+00
264 -1.298458e+02 6.518449e+01 0.000000e+00
265 -9.391088e+01 8.601852e+01 0.000000e+00
266 -9.199434e+01 8.426304e+01 0.000000e+00
267 -9.007779e+01 8.250756e+01 0.000000e+00
268 -8.816124e+01 8.075208e+01 0.000000e+00
269 -4.735429e+01 9.509676e+01 0.000000e+00
270 -4.638787e+01 9.315601e+01 0.000000e+00
271 -4.542146e+01 9.121526e+01 0.000000e+00
272 -4.445504e+01 8.927451e+01 0.000000e+00
273 -1.960000e+02 0.000000e+00 2.000000e+02
274 -1.960000e+02 0.000000e+00 4.000000e+02
275 -1.960000e+02 0.000000e+00 6.000000e+02
276 -1.960000e+02 0.000000e+00 8.000000e+02
277 -1.920000e+02 0.000000e+00 2.000000e+02
278 -1.920000e+02 0.000000e+00 4.000000e+02
279 -1.920000e+02 0.000000e+00 6.000000e+02
280 -1.920000e+02 0.000000e+00 8.000000e+02
281 -1.880000e+02 0.000000e+00 2.000000e+02
282 -1.880000e+02 0.000000e+00 4.000000e+02
283 -1.880000e+02 0.000000e+00 6.000000e+02
284 -1.880000e+02 0.000000e+00 8.000000e+02
285 -1.840000e+02 0.000000e+00 2.000000e+02
286 -1.840000e+02 0.000000e+00 4.000000e+02
287 -1.840000e+02 0.000000e+00 6.000000e+02
288 -1.840000e+02 0.000000e+00 8.000000e+02
289 -4.735429e+01 9.509676e+01 1.000000e+03
290 -4.638787e+01 9.315601e+01 1.000000e+03
291 -4.542146e+01 9.121526e+01 1.000000e+03
292 -4.445504e+01 8.927451e+01 1.000000e+03
293 -9.391088e+01 8.601852e+01 1.000000e+03
294 -9.199434e+01 8.426304e+01 1.000000e+03
295 -9.007779e+01 8.250756e+01 1.000000e+03
296 -8.816124e+01 8.075208e+01 1.000000e+03
297 -1.383140e+02 6.943566e+01 1.000000e+03
298 -1.354912e+02 6.801860e+01 1.000000e+03
299 -1.326685e+02 6.660155e+01 1.000000e+03
300 -1.298458e+02 6.518449e+01 1.000000e+03
301 -1.769062e+02 4.219060e+01 1.000000e+03
302 -1.732959e+02 4.132957e+01 1.000000e+03
303 -1.696856e+02 4.046854e+01 1.000000e+03
304 -1.660752e+02 3.960751e+01 1.000000e+03
305 -1.624649e+02 3.874647e+01 2.000000e+02
306 -1.624649e+02 3.874647e+01 4.000000e+02
307 -1.624649e+02 3.874647e+01 6.000000e+02
308 -1.624649e+02 3.874647e+01 8.000000e+02
309 -1.270230e+02 6.376744e+01 2.000000e+02
310 -1.270230e+02 6.376744e+01 4.000000e+02
311 -1.270230e+02 6.376744e+01 6.000000e+02
312 -1.270230e+02 6.376744e+01 8.000000e+02
313 -8.624469e+01 7.899660e+01 2.000000e+02
314 -8.624469e+01 7.899660e+01 4.000000e+02
315 -8.624469e+01 7.899660e+01 6.000000e+02
316 -8.624469e+01 7.899660e+01 8.000000e+02
317 -4.348863e+01 8.733376e+01 2.000000e+02
318 -4.348863e+01 8.733376e+01 4.000000e+02
319 -4.348863e+01 8.733376e+01 6.000000e+02
320 -4.348863e+01 8.733376e+01 8.000000e+02
321 1.805166e+02 -4.305164e+01 2.000000e+02
322 1.411367e+02 -7.085271e+01 2.000000e+02
323 9.582743e+01 -8.777400e+01 2.000000e+02
324 4.832070e+01 -9.703751e+01 2.000000e+02
325 1.805166e+02 -4.305164e+01 4.000000e+02
326 1.411367e+02 -7.085271e+01 4.000000e+02
327 9.582743e+01 -8.777400e+01 4.000000e+02
328 4.832070e+01 -9.703751e+01 4.000000e+02
329 1.805166e+02 -4.305164e+01 6.000000e+02
330 1.411367e+02 -7.085271e+01 6.000000e+02
331 9.582743e+01 -8.777400e+01 6.000000e+02
332 4.832070e+01 -9.703751e+01 6.000000e+02
333 1.805166e+02 -4.305164e+01 8.000000e+02
334 1.411367e+02 -7.085271e+01 8.000000e+02
335 9.582743e+01 -8.777400e+01 8.000000e+02
336 4.832070e+01 -9.703751e+01 8.000000e+02
337 1.769062e+02 -4.219060e+01 1.000000e+03
338 1.383140e+02 -6.943566e+01 1.000000e+03
339 9.391088e+01 -8.601852e+01 1.000000e+03
340 4.735429e+01 -9.509676e+01 1.000000e+03
341 1.732959e+02 -4.132957e+01 1.000000e+03
342 1.354912e+02 -6.801860e+01 1.000000e+03
343 9.199434e+01 -8.426304e+01 1.000000e+03
344 4.638787e+01 -9.315601e+01 1.000000e+03
345 1.696856e+02 -4.046854e+01 1.000000e+03
346 1.326685e+02 -6.660155e+01 1.000000e+03
347 9.007779e+01 -8.250756e+01 1.000000e+03
348 4.542146e+01 -9.121526e+01 1.000000e+03
349 1.660752e+02 -3.960751e+01 1.000000e+03
350 1.298458e+02 -6.518449e+01 1.000000e+03
351 8.816124e+01 -8.075208e+01 1.000000e+03
352 4.445504e+01 -8.927451e+01 1.000000e+03
353 0.000000e+00 -9.200000e+01 2.000000e+02
354 0.000000e+00 -9.200000e+01 4.000000e+02
355 0.000000e+00 -9.200000e+01 6.000000e+02
356 0.000000e+00 -9.200000e+01 8.000000e+02
357 0.000000e+00 -9.400000e+01 2.000000e+02
358 0.000000e+00 -9.400000e+01 4.000000e+02
359 0.000000e+00 -9.400000e+01 6.000000e+02
360 0.000000e+00 -9.400000e+01 8.000000e+02
361 0.000000e+00 -9.600000e+01 2.000000e+02
362 0.000000e+00 -9.600000e+01 4.000000e+02
363 0.000000e+00 -9.600000e+01 6.000000e+02
364 0.000000e+00 -9.600000e+01 8.000000e+02
365 0.000000e+00 -9.800000e+01 2.000000e+02
366 0.000000e+00 -9.800000e+01 4.000000e+02
367 0.000000e+00 -9.800000e+01 6.000000e+02
368 0.000000e+00 -9.800000e+01 8.000000e+02
369 1.660752e+02 -3.960751e+01 0.000000e+00
370 1.298458e+02 -6.518449e+01 0.000000e+00
371 8.816124e+01 -8.075208e+01 0.000000e+00
372 4.445504e+01 -8.927451e+01 0.000000e+00
373 1.696856e+02 -4.046854e+01 0.000000e+00
374 1.326685e+02 -6.660155e+01 0.000000e+00
375 9.007779e+01 -8.250756e+01 0.000000e+00
376 4.542146e+01 -9.121526e+01 0.000000e+00
377 1.732959e+02 -4.132957e+01 0.000000e+00
378 1.354912e+02 -6.801860e+01 0.000000e+00
379 9.199434e+01 -8.426304e+01 0.000000e+00
380 4.638787e+01 -9.315601e+01 0.000000e+00
381 1.769062e+02 -4.219060e+01 0.000000e+00
382 1.383140e+02 -6.943566e+01 0.000000e+00
383 9.391088e+01 -8.601852e+01 0.000000e+00
384 4.735429e+01 -9.509676e+01 0.000000e+00
385 1.624649e+02 -3.874647e+01 8.000000e+02
386 1.270230e+02 -6.376744e+01 8.000000e+02
387 8.624469e+01 -7.899660e+01 8.000000e+02
388 4.348863e+01 -8.733376e+01 8.000000e+02
389 1.624649e+02 -3.874647e+01 6.000000e+02
390 1.270230e+02 -6.376744e+01 6.000000e+02
391 8.624469e+01 -7.899660e+01 6.000000e+02
392 4.348863e+01 -8.733376e+01 6.000000e+02
393 1.624649e+02 -3.874647e+01 4.000000e+02
394 1.270230e+02 -6.376744e+01 4.000000e+02
395 8.624469e+01 -7.899660e+01 4.000000e+02
396 4.348863e+01 -8.733376e+01 4.000000e+02
397 1.624649e+02 -3.874647e+01 2.000000e+02
398 1.270230e+02 -6.376744e+01 2.000000e+02
399 8.624469e+01 -7.899660e+01 2.000000e+02
400 4.348863e+01 -8.733376e+01 2.000000e+02
401 -4.832070e+01 -9.703751e+01 2.000000e+02
402 -9.582743e+01 -8.777400e+01 2.000000e+02
403 -1.411367e+02 -7.085271e+01 2.000000e+02
404 -1.805166e+02 -4.305164e+01 2.000000e+02
405 -4.832070e+01 -9.703751e+01 4.000000e+02
406 -9.582743e+01 -8.777400e+01 4.000000e+02
407 -1.411367e+02 -7.085271e+01 4.000000e+02
408 -1.805166e+02 -4.305164e+01 4.000000e+02
409 -4.832070e+01 -9.703751e+01 6.000000e+02
410 -9.582743e+01 -8.777400e+01 6.000000e+02
411 -1.411367e+02 -7.085271e+01 6.000000e+02
412 -1.805166e+02 -4.305164e+01 6.000000e+02
413 -4.832070e+01 -9.703751e+01 8.000000e+02
414 -9.582743e+01 -8.777400e+01 8.000000e+02
415 -1.411367e+02 -7.085271e+01 8.000000e+02
416 -1.805166e+02 -4.305164e+01 8.000000e+02
417 -4.735429e+01 -9.509676e+01 1.000000e+03
418 -9.391089e+01 -8.601852e+01 1.000000e+03
419 -1.383140e+02 -6.943566e+01 1.000000e+03
420 -1.769062e+02 -4.219060e+01 1.000000e+03
421 -4.638787e+01 -9.315601e+01 1.000000e+03
422 -9.199434e+01 -8.426304e+01 1.000000e+03
423 -1.354912e+02 -6.801860e+01 1.000000e+03
424 -1.732959e+02 -4.132957e+01 1.000000e+03
425 -4.542146e+01 -9.121526e+01 1.000000e+03
426 -9.007779e+01 -8.250756e+01 1.000000e+03
427 -1.326685e+02 -6.660155e+01 1.000000e+03
428 -1.696856e+02 -4.046854e+01 1.000000e+03
429 -4.445504e+01 -8.927451e+01 1.000000e+03
430 -8.816124e+01 -8.075208e+01 1.000000e+03
431 -1.298458e+02 -6.518449e+01 1.000000e+03
432 -1.660752e+02 -3.960751e+01 1.000000e+03
433 -4.445504e+01 -8.927451e+01 0.000000e+00
434 -8.816124e+01 -8.075208e+01 0.000000e+00
435 -1.298458e+02 -6.518449e+01 0.000000e+00
436 -1.660752e+02 -3.960751e+01 0.000000e+00
437 -4.542146e+01 -9.121526e+01 0.000000e+00
438 -9.007779e+01 -8.250756e+01 0.000000e+00
439 -1.326685e+02 -6.660155e+01 0.000000e+00
440 -1.696856e+02 -4.046854e+01 0.000000e+00
441 -4.638787e+01 -9.315601e+01 0.000000e+00
442 -9.199434e+01 -8.426304e+01 0.000000e+00
443 -1.354912e+02 -6.801860e+01 0.000000e+00
444 -1.732959e+02 -4.132957e+01 0.000000e+00
445 -4.735429e+01 -9.509676e+01 0.000000e+00
446 -9.391089e+01 -8.601852e+01 0.000000e+00
447 -1.383140e+02 -6.943566e+01 0.000000e+00
448 -1.769062e+02 -4.219060e+01 0.000000e+00
449 -4.348863e+01 -8.733376e+01 8.000000e+02
450 -8.624469e+01 -7.899660e+01 8.000000e+02
451 -1.270230e+02 -6.376744e+01 8.000000e+02
452 -1.624649e+02 -3.874647e+01 8.000000e+02
453 -4.348863e+01 -8.733376e+01 6.000000e+02
454 -8.624469e+01 -7.899660e+01 6.000000e+02
455 -1.270230e+02 -6.376744e+01 6.000000e+02
456 -1.624649e+02 -3.874647e+01 6.000000e+02
457 -4.348863e+01 -8.733376e+01 4.000000e+02
458 -8.624469e+01 -7.899660e+01 4.000000e+02
459 -1.270230e+02 -6.376744e+01 4.000000e+02
460 -1.624649e+02 -3.874647e+01 4.000000e+02
461 -4.348863e+01 -8.733376e+01 2.000000e+02
462 -8.624469e+01 -7.899660e+01 2.000000e+02
463 -1.270230e+02 -6.376744e+01 2.000000e+02
464 -1.624649e+02 -3.874647e+01 2.000000e+02
465 4.735429e+01 9.509676e+01 2.000000e+02
466 4.638787e+01 9.315601e+01 2.000000e+02
467 4.542146e+01 9.121526e+01 2.000000e+02
468 4.445504e+01 8.927451e+01 2.000000e+02
469 4.735429e+01 9.509676e+01 4.000000e+02
470 4.638787e+01 9.315601e+01 4.000000e+02
471 4.542146e+01 9.121526e+01 4.000000e+02
472 4.445504e+01 8.927451e+01 4.000000e+02
473 4.735429e+01 9.509676e+01 6.000000e+02
474 4.638787e+01 9.315601e+01 6.000000e+02
475 4.542146e+01 9.121526e+01 6.000000e+02
476 4.445504e+01 8.927451e+01 6.000000e+02
477 4.735429e+01 9.509676e+01 8.000000e+02
478 4.638787e+01 9.315601e+01 8.000000e+02
479 4.542146e+01 9.121526e+01 8.000000e+02
480 4.445504e+01 8.927451e+01 8.000000e+02
481 9.391089e+01 8.601852e+01 2.000000e+02
482 9.199434e+01 8.426304e+01 2.000000e+02
483 9.007779e+01 8.250756e+01 2.000000e+02
484 8.816124e+01 8.075208e+01 2.000000e+02
485 9.391089e+01 8.601852e+01 4.000000e+02
486 9.199434e+01 8.426304e+01 4.000000e+02
487 9.007779e+01 8.250756e+01 4.000000e+02
488 8.816124e+01 8.075208e+01 4.000000e+02
489 9.391089e+01 8.601852e+01 6.000000e+02
490 9.199434e+01 8.426304e+01 6.000000e+02
491 9.007779e+01 8.250756e+01 6.000000e+02
492 8.816124e+01 8.075208e+01 6.000000e+02
493 9.391089e+01 8.601852e+01 8.000000e+02
494 9.199434e+01 8.426304e+01 8.000000e+02
495 9.007779e+01 8.250756e+01 8.000000e+02
496 8.816124e+01 8.075208e+01 8.000000e+02
497 1.383140e+02 6.943566e+01 2.000000e+02
498 1.354912e+02 6.801860e+01 2.000000e+02
499 1.326685e+02 6.660155e+01 2.000000e+02
500 1.298458e+02 6.518449e+01 2.000000e+02
501 1.383140e+02 6.943566e+01 4.000000e+02
502 1.354912e+02 6.801860e+01 4.000000e+02
503 1.326685e+02 6.660155e+01 4.000000e+02
504 1.298458e+02 6.518449e+01 4.000000e+02
505 1.383140e+02 6.943566e+01 6.000000e+02
506 1.354912e+02 6.801860e+01 6.000000e+02
507 1.326685e+02 6.660155e+01 6.000000e+02
508 1.298458e+02 6.518449e+01 6.000000e+02
509 1.383140e+02 6.943566e+01 8.000000e+02
510 1.354912e+02 6.801860e+01 8.000000e+02
511 1.326685e+02 6.660155e+01 8.000000e+02
512 1.298458e+02 6.518449e+01 8.000000e+02
513 1.769062e+02 4.219060e+01 2.000000e+02
514 1.732959e+02 4.132957e+01 2.000000e+02
515 1.696856e+02 4.046854e+01 2.000000e+02
516 1.660752e+02 3.960751e+01 2.000000e+02
517 1.769062e+02 4.219060e+01 4.000000e+02
518 1.732959e+02 4.132957e+01 4.000000e+02
519 1.696856e+02 4.046854e+01 4.000000e+02
520 1.660752e+02 3.960751e+01 4.000000e+02
521 1.769062e+02 4.219060e+01 6.000000e+02
522 1.732959e+02 4.132957e+01 6.000000e+02
523 1.696856e+02 4.046854e+01 6.000000e+02
524 1.660752e+02 3.960751e+01 6.000000e+02
525 1.769062e+02 4.219060e+01 8.000000e+02
526 1.732959e+02 4.132957e+01 8.000000e+02
527 1.696856e+02 4.046854e+01 8.000000e+02
528 1.660752e+02 3.960751e+01 8.000000e+02
529 -1.769062e+02 4.219060e+01 2.000000e+02
530 -1.732959e+02 4.132957e+01 2.000000e+02
531 -1.696856e+02 4.046854e+01 2.000000e+02
532 -1.660752e+02 3.960751e+01 2.000000e+02
533 -1.769062e+02 4.219060e+01 4.000000e+02
534 -1.732959e+02 4.132957e+01 4.000000e+02
535 -1.696856e+02 4.046854e+01 4.000000e+02
536 -1.660752e+02 3.960751e+01 4.000000e+02
537 -1.769062e+02 4.219060e+01 6.000000e+02
538 -1.732959e+02 4.132957e+01 6.000000e+02
539 -1.696856e+02 4.046854e+01 6.000000e+02
540 -1.660752e+02 3.960751e+01 6.000000e+02
541 -1.769062e+02 4.219060e+01 8.000000e+02
542 -1.732959e+02 4.132957e+01 8.000000e+02
543 -1.696856e+02 4.046854e+01 8.000000e+02
544 -1.660752e+02 3.960751e+01 8.000000e+02
545 -1.383140e+02 6.943566e+01 2.000000e+02
546 -1.354912e+02 6.801860e+01 2.000000e+02
547 -1.326685e+02 6.660155e+01 2.000000e+02
548 -1.298458e+02 6.518449e+01 2.000000e+02
549 -1.383140e+02 6.943566e+01 4.000000e+02
550 -1.354912e+02 6.801860e+01 4.000000e+02
551 -1.326685e+02 6.660155e+01 4.000000e+02
552 -1.298458e+02 6.518449e+01 4.000000e+02
553 -1.383140e+02 6.943566e+01 6.000000e+02
554 -1.354912e+02 6.801860e+01 6.000000e+02
555 -1.326685e+02 6.660155e+01 6.000000e+02
556 -1.298458e+02 6.518449e+01 6.000000e+02
557 -1.383140e+02 6.943566e+01 8.000000e+02
558 -1.354912e+02 6.801860e+01 8.000000e+02
559 -1.326685e+02 6.660155e+01 8.000000e+02
560 -1.298458e+02 6.518449e+01 8.000000e+02
561 -9.391088e+01 8.601852e+01 2.000000e+02
562 -9.199434e+01 8.426304e+01 2.000000e+02
563 -9.007779e+01 8.250756e+01 2.000000e+02
564 -8.816124e+01 8.075208e+01 2.000000e+02
565 -9.391088e+01 8.601852e+01 4.000000e+02
566 -9.199434e+01 8.426304e+01 4.000000e+02
567 -9.007779e+01 8.250756e+01 4.000000e+02
568 -8.816124e+01 8.075208e+01 4.000000e+02
569 -9.391088e+01 8.601852e+01 6.000000e+02
570 -9.199434e+01 8.426304e+01 6.000000e+02
571 -9.007779e+01 8.250756e+01 6.000000e+02
572 -8.816124e+01 8.075208e+01 6.000000e+02
573 -9.391088e+01 8.601852e+01 8.000000e+02
574 -9.199434e+01 8.426304e+01 8.000000e+02
575 -9.007779e+01 8.250756e+01 8.000000e+02
576 -8.816124e+01 8.075208e+01 8.000000e+02
577 -4.735429e+01 9.509676e+01 2.000000e+02
578 -4.638787e+01 9.315601e+01 2.000000e+02
579 -4.542146e+01 9.121526e+01 2.000000e+02
580 -4.445504e+01 8.927451e+01 2.000000e+02
581 -4.735429e+01 9.509676e+01 4.000000e+02
582 -4.638787e+01 9.315601e+01 4.000000e+02
583 -4.542146e+01 9.121526e+01 4.000000e+02
584 -4.445504e+01 8.927451e+01 4.000000e+02
585 -4.735429e+01 9.509676e+01 6.000000e+02
586 -4.638787e+01 9.315601e+01 6.000000e+02
587 -4.542146e+01 9.121526e+01 6.000000e+02
588 -4.445504e+01 8.927451e+01 6.000000e+02
589 -4.735429e+01 9.509676e+01 8.000000e+02
590 -4.638787e+01 9.315601e+01 8.000000e+02
591 -4.542146e+01 9.121526e+01 8.000000e+02
592 -4.445504e+01 8.927451e+01 8.000000e+02
593 1.769062e+02 -4.219060e+01 8.000000e+02
594 1.732959e+02 -4.132957e+01 8.000000e+02
595 1.696856e+02 -4.046854e+01 8.000000e+02
596 1.660752e+02 -3.960751e+01 8.000000e+02
597 1.383140e+02 -6.943566e+01 8.000000e+02
598 1.354912e+02 -6.801860e+01 8.000000e+02
599 1.326685e+02 -6.660155e+01 8.000000e+02
600 1.298458e+02 -6.518449e+01 8.000000e+02
601 9.391088e+01 -8.601852e+01 8.000000e+02
602 9.199434e+01 -8.426304e+01 8.000000e+02
603 9.007779e+01 -8.250756e+01 8.000000e+02
604 8.816124e+01 -8.075208e+01 8.000000e+02
605 4.735429e+01 -9.509676e+01 8.000000e+02
606 4.638787e+01 -9.315601e+01 8.000000e+02
607 4.542146e+01 -9.121526e+01 8.000000e+02
608 4.445504e+01 -8.927451e+01 8.000000e+02
609 1.769062e+02 -4.219060e+01 6.000000e+02
610 1.732959e+02 -4.132957e+01 6.000000e+02
611 1.696856e+02 -4.046854e+01 6.000000e+02
612 1.660752e+02 -3.960751e+01 6.000000e+02
613 1.383140e+02 -6.943566e+01 6.000000e+02
614 1.354912e+02 -6.801860e+01 6.000000e+02
615 1.326685e+02 -6.660155e+01 6.000000e+02
616 1.298458e+02 -6.518449e+01 6.000000e+02
617 9.391088e+01 -8.601852e+01 6.000000e+02
618 9.199434e+01 -8.426304e+01 6.000000e+02
619 9.007779e+01 -8.250756e+01 6.000000e+02
620 8.816124e+01 -8.075208e+01 6.000000e+02
621 4.735429e+01 -9.509676e+01 6.000000e+02
622 4.638787e+01 -9.315601e+01 6.000000e+02
623 4.542146e+01 -9.121526e+01 6.000000e+02
624 4.445504e+01 -8.927451e+01 6.000000e+02
625 1.769062e+02 -4.219060e+01 4.000000e+02
626 1.732959e+02 -4.132957e+01 4.000000e+02
627 1.696856e+02 -4.046854e+01 4.000000e+02
628 1.660752e+02 -3.960751e+01 4.000000e+02
629 1.383140e+02 -6.943566e+01 4.000000e+02
630 1.354912e+02 -6.801860e+01 4.000000e+02
631 1.326685e+02 -6.660155e+01 4.000000e+02
632 1.298458e+02 -6.518449e+01 4.000000e+02
633 9.391088e+01 -8.601852e+01 4.000000e+02
634 9.199434e+01 -8.426304e+01 4.000000e+02
635 9.007779e+01 -8.250756e+01 4.000000e+02
636 8.816124e+01 -8.075208e+01 4.000000e+02
637 4.735429e+01 -9.509676e+01 4.000000e+02
638 4.638787e+01 -9.315601e+01 4.000000e+02
639 4.542146e+01 -9.121526e+01 4.000000e+02
640 4.445504e+01 -8.927451e+01 4.000000e+02
641 1.769062e+02 -4.219060e+01 2.000000e+02
642 1.732959e+02 -4.132957e+01 2.000000e+02
643 1.696856e+02 -4.046854e+01 2.000000e+02
644 1.660752e+02 -3.960751e+01 2.000000e+02
645 1.383140e+02 -6.943566e+01 2.000000e+02
646 1.354912e+02 -6.801860e+01 2.000000e+02
647 1.326685e+02 -6.660155e+01 2.000000e+02
648 1.298458e+02 -6.518449e+01 2.000000e+02
649 9.391088e+01 -8.601852e+01 2.000000e+02
650 9.199434e+01 -8.426304e+01 2.000000e+02
651 9.007779e+01 -8.250756e+01 2.000000e+02
652 8.816124e+01 -8.075208e+01 2.000000e+02
653 4.735429e+01 -9.509676e+01 2.000000e+02
654 4.638787e+01 -9.315601e+01 2.000000e+02
655 4.542146e+01 -9.121526e+01 2.000000e+02
656 4.445504e+01 -8.927451e+01 2.000000e+02
657 -4.735429e+01 -9.509676e+01 8.000000e+02
658 -4.638787e+01 -9.315601e+01 8.000000e+02
659 -4.542146e+01 -9.121526e+01 8.000000e+02
660 -4.445504e+01 -8.927451e+01 8.000000e+02
661 -9.391089e+01 -8.601852e+01 8.000000e+02
662 -9.199434e+01 -8.426304e+01 8.000000e+02
663 -9.007779e+01 -8.250756e+01 8.000000e+02
664 -8.816124e+01 -8.075208e+01 8.000000e+02
665 -1.383140e+02 -6.943566e+01 8.000000e+02
666 -1.354912e+02 -6.801860e+01 8.000000e+02
667 -1.326685e+02 -6.660155e+01 8.000000e+02
668 -1.298458e+02 -6.518449e+01 8.000000e+02
669 -1.769062e+02 -4.219060e+01 8.000000e+02
670 -1.732959e+02 -4.132957e+01 8.000000e+02
671 -1.696856e+02 -4.046854e+01 8.000000e+02
672 -1.660752e+02 -3.960751e+01 8.000000e+02
673 -4.735429e+01 -9.509676e+01 6.000000e+02
674 -4.638787e+01 -9.315601e+01 6.000000e+02
675 -4.542146e+01 -9.121526e+01 6.000000e+02
676 -4.445504e+01 -8.927451e+01 6.000000e+02
677 -9.391089e+01 -8.601852e+01 6.000000e+02
678 -9.199434e+01 -8.426304e+01 6.000000e+02
679 -9.007779e+01 -8.250756e+01 6.000000e+02
680 -8.816124e+01 -8.075208e+01 6.000000e+02
681 -1.383140e+02 -6.943566e+01 6.000000e+02
682 -1.354912e+02 -6.801860e+01 6.000000e+02
683 -1.326685e+02 -6.660155e+01 6.000000e+02
684 -1.298458e+02 -6.518449e+01 6.000000e+02
685 -1.769062e+02 -4.219060e+01 6.000000e+02
686 -1.732959e+02 -4.132957e+01 6.000000e+02
687 -1.696856e+02 -4.046854e+01 6.000000e+02
688 -1.660752e+02 -3.960751e+01 6.000000e+02
689 -4.735429e+01 -9.509676e+01 4.000000e+02
690 -4.638787e+01 -9.315601e+01 4.000000e+02
691 -4.542146e+01 -9.121526e+01 4.000000e+02
692 -4.445504e+01 -8.927451e+01 4.000000e+02
693 -9.391089e+01 -8.601852e+01 4.000000e+02
694 -9.199434e+01 -8.426304e+01 4.000000e+02
695 -9.007779e+01 -8.250756e+01 4.000000e+02
696 -8.816124e+01 -8.075208e+01 4.000000e+02
697 -1.383140e+02 -6.943566e+01 4.000000e+02
698 -1.354912e+02 -6.801860e+01 4.000000e+02
699 -1.326685e+02 -6.660155e+01 4.000000e+02
700 -1.298458e+02 -6.518449e+01 4.000000e+02
701 -1.769062e+02 -4.219060e+01 4.000000e+02
702 -1.732959e+02 -4.132957e+01 4.000000e+02
703 -1.696856e+02 -4.046854e+01 4.000000e+02
704 -1.660752e+02 -3.960751e+01 4.000000e+02
705 -4.735429e+01 -9.509676e+01 2.000000e+02
706 -4.638787e+01 -9.315601e+01 2.000000e+02
707 -4.542146e+01 -9.121526e+01 2.000000e+02
708 -4.445504e+01 -8.927451e+01 2.000000e+02
709 -9.391089e+01 -8.601852e+01 2.000000e+02
710 -9.199434e+01 -8.426304e+01 2.000000e+02
711 -9.007779e+01 -8.250756e+01 2.000000e+02
712 -8.816124e+01 -8.075208e+01 2.000000e+02
713 -1.383140e+02 -6.943566e+01 2.000000e+02
714 -1.354912e+02 -6.801860e+01 2.000000e+02
715 -1.326685e+02 -6.660155e+01 2.000000e+02
716 -1.298458e+02 -6.518449e+01 2.000000e+02
717 -1.769062e+02 -4.219060e+01 2.000000e+02
718 -1.732959e+02 -4.132957e+01 2.000000e+02
719 -1.696856e+02 -4.046854e+01 2.000000e+02
720 -1.660752e+02 -3.960751e+01 2.000000e+02
1 102 1 17 
2 102 17 18 
3 102 18 19 
4 102 19 20 
5 102 20 2 
6 102 3 21 
7 102 21 22 
8 102 22 23 
9 102 23 24 
10 102 24 2 
11 102 4 25 
12 102 25 26 
13 102 26 27 
14 102 27 28 
15 102 28 3 
16 102 1 29 
17 102 29 30 
18 102 30 31 
19 102 31 32 
20 102 32 4 
21 102 2 33 
22 102 33 34 
23 102 34 35 
24 102 35 36 
25 102 36 5 
26 102 6 37 
27 102 37 38 
28 102 38 39 
29 102 39 40 
30 102 40 5 
31 102 6 41 
32 102 41 42 
33 102 42 43 
34 102 43 44 
35 102 44 1 
36 102 7 45 
37 102 45 46 
38 102 46 47 
39 102 47 48 
40 102 48 5 
41 102 3 49 
42 102 49 50 
43 102 50 51 
44 102 51 52 
45 102 52 7 
46 102 8 53 
47 102 53 54 
48 102 54 55 
49 102 55 56 
50 102 56 7 
51 102 8 57 
52 102 57 58 
53 102 58 59 
54 102 59 60 
55 102 60 4 
56 102 6 61 
57 102 61 62 
58 102 62 63 
59 102 63 64 
60 102 64 8 
61 102 2 65 
62 102 65 66 
63 102 66 67 
64 102 67 68 
65 102 68 9 
66 102 10 69 
67 102 69 70 
68 102 70 71 
69 102 71 72 
70 102 72 9 
71 102 3 73 
72 102 73 74 
73 102 74 75 
74 102 75 76 
75 102 76 10 
76 102 9 77 
77 102 77 78 
78 102 78 79 
79 102 79 80 
80 102 80 11 
81 102 5 81 
82 102 81 82 
83 102 82 83 
84 102 83 84 
85 102 84 11 
86 102 12 85 
87 102 85 86 
88 102 86 87 
89 102 87 88 
90 102 88 11 
91 102 10 89 
92 102 89 90 
93 102 90 91 
94 102 91 92 
95 102 92 12 
96 102 7 93 
97 102 93 94 
98 102 94 95 
99 102 95 96 
100 102 96 12 
101 102 13 97 
102 102 97 98 
103 102 98 99 
104 102 99 100 
105 102 100 4 
106 102 13 101 
107 102 101 102 
108 102 102 103 
109 102 103 104 
110 102 104 14 
111 102 14 105 
112 102 105 106 
113 102 106 107 
114 102 107 108 
115 102 108 1 
116 102 15 109 
117 102 109 110 
118 102 110 111 
119 102 111 112 
120 102 112 8 
121 102 15 113 
122 102 113 114 
123 102 114 115 
124 102 115 116 
125 102 116 13 
126 102 16 117 
127 102 117 118 
128 102 118 119 
129 102 119 120 
130 102 120 14 
131 102 15 121 
132 102 121 122 
133 102 122 123 
134 102 123 124 
135 102 124 16 
136 102 16 125 
137 102 125 126 
138 102 126 127 
139 102 127 128 
140 102 128 6 
141 102 10 129 
142 102 129 130 
143 102 130 131 
144 102 131 132 
145 102 132 13 
146 102 9 133 
147 102 133 134 
148 102 134 135 
149 102 135 136 
150 102 136 14 
151 102 12 137 
152 102 137 138 
153 102 138 139 
154 102 139 140 
155 102 140 15 
156 102 11 141 
157 102 141 142 
158 102 142 143 
159 102 143 144 
160 102 144 16 
161 204 1 17 145 29 
162 204 29 145 146 30 
163 204 30 146 147 31 
164 204 31 147 148 32 
165 204 32 148 25 4 
166 204 17 18 149 145 
167 204 145 149 150 146 
168 204 146 150 151 147 
169 204 147 151 152 148 
170 204 148 152 26 25 
171 204 18 19 153 149 
172 204 149 153 154 150 
173 204 150 154 155 151 
174 204 151 155 156 152 
175 204 152 156 27 26 
176 204 19 20 157 153 
177 204 153 157 158 154 
178 204 154 158 159 155 
179 204 155 159 160 156 
180 204 156 160 28 27 
181 204 20 2 24 157 
182 204 157 24 23 158 
183 204 158 23 22 159 
184 204 159 22 21 160 
185 204 160 21 3 28 
186 204 2 20 161 33 
187 204 33 161 162 34 
188 204 34 162 163 35 
189 204 35 163 164 36 
190 204 36 164 40 5 
191 204 20 19 165 161 
192 204 161 165 166 162 
193 204 162 166 167 163 
194 204 163 167 168 164 
195 204 164 168 39 40 
196 204 19 18 169 165 
197 204 165 169 170 166 
198 204 166 170 171 167 
199 204 167 171 172 168 
200 204 168 172 38 39 
201 204 18 17 173 169 
202 204 169 173 174 170 
203 204 170 174 175 171 
204 204 171 175 176 172 
205 204 172 176 37 38 
206 204 17 1 44 173 
207 204 173 44 43 174 
208 204 174 43 42 175 
209 204 175 42 41 176 
210 204 176 41 6 37 
211 204 2 33 177 24 
212 204 24 177 178 23 
213 204 23 178 179 22 
214 204 22 179 180 21 
215 204 21 180 49 3 
216 204 33 34 181 177 
217 204 177 181 182 178 
218 204 178 182 183 179 
219 204 179 183 184 180 
220 204 180 184 50 49 
221 204 34 35 185 181 
222 204 181 185 186 182 
223 204 182 186 187 183 
224 204 183 187 188 184 
225 204 184 188 51 50 
226 204 35 36 189 185 
227 204 185 189 190 186 
228 204 186 190 191 187 
229 204 187 191 192 188 
230 204 188 192 52 51 
231 204 36 5 48 189 
232 204 189 48 47 190 
233 204 190 47 46 191 
234 204 191 46 45 192 
235 204 192 45 7 52 
236 204 4 25 193 60 
237 204 60 193 194 59 
238 204 59 194 195 58 
239 204 58 195 196 57 
240 204 57 196 53 8 
241 204 25 26 197 193 
242 204 193 197 198 194 
243 204 194 198 199 195 
244 204 195 199 200 196 
245 204 196 200 54 53 
246 204 26 27 201 197 
247 204 197 201 202 198 
248 204 198 202 203 199 
249 204 199 203 204 200 
250 204 200 204 55 54 
251 204 27 28 205 201 
252 204 201 205 206 202 
253 204 202 206 207 203 
254 204 203 207 208 204 
255 204 204 208 56 55 
256 204 28 3 49 205 
257 204 205 49 50 206 
258 204 206 50 51 207 
259 204 207 51 52 208 
260 204 208 52 7 56 
261 204 6 41 209 61 
262 204 61 209 210 62 
263 204 62 210 211 63 
264 204 63 211 212 64 
265 204 64 212 57 8 
266 204 41 42 213 209 
267 204 209 213 214 210 
268 204 210 214 215 211 
269 204 211 215 216 212 
270 204 212 216 58 57 
271 204 42 43 217 213 
272 204 213 217 218 214 
273 204 214 218 219 215 
274 204 215 219 220 216 
275 204 216 220 59 58 
276 204 43 44 221 217 
277 204 217 221 222 218 
278 204 218 222 223 219 
279 204 219 223 224 220 
280 204 220 224 60 59 
281 204 44 1 29 221 
282 204 221 29 30 222 
283 204 222 30 31 223 
284 204 223 31 32 224 
285 204 224 32 4 60 
286 204 5 40 225 48 
287 204 48 225 226 47 
288 204 47 226 227 46 
289 204 46 227 228 45 
290 204 45 228 56 7 
291 204 40 39 229 225 
292 204 225 229 230 226 
293 204 226 230 231 227 
294 204 227 231 232 228 
295 204 228 232 55 56 
296 204 39 38 233 229 
297 204 229 233 234 230 
298 204 230 234 235 231 
299 204 231 235 236 232 
300 204 232 236 54 55 
301 204 38 37 237 233 
302 204 233 237 238 234 
303 204 234 238 239 235 
304 204 235 239 240 236 
305 204 236 240 53 54 
306 204 37 6 61 237 
307 204 237 61 62 238 
308 204 238 62 63 239 
309 204 239 63 64 240 
310 204 240 64 8 53 
311 204 2 65 241 24 
312 204 24 241 242 23 
313 204 23 242 243 22 
314 204 22 243 244 21 
315 204 21 244 73 3 
316 204 65 66 245 241 
317 204 241 245 246 242 
318 204 242 246 247 243 
319 204 243 247 248 244 
320 204 244 248 74 73 
321 204 66 67 249 245 
322 204 245 249 250 246 
323 204 246 250 251 247 
324 204 247 251 252 248 
325 204 248 252 75 74 
326 204 67 68 253 249 
327 204 249 253 254 250 
328 204 250 254 255 251 
329 204 251 255 256 252 
330 204 252 256 76 75 
331 204 68 9 72 253 
332 204 253 72 71 254 
333 204 254 71 70 255 
334 204 255 70 69 256 
335 204 256 69 10 76 
336 204 9 68 257 77 
337 204 77 257 258 78 
338 204 78 258 259 79 
339 204 79 259 260 80 
340 204 80 260 84 11 
341 204 68 67 261 257 
342 204 257 261 262 258 
343 204 258 262 263 259 
344 204 259 263 264 260 
345 204 260 264 83 84 
346 204 67 66 265 261 
347 204 261 265 266 262 
348 204 262 266 267 263 
349 204 263 267 268 264 
350 204 264 268 82 83 
351 204 66 65 269 265 
352 204 265 269 270 266 
353 204 266 270 271 267 
354 204 267 271 272 268 
355 204 268 272 81 82 
356 204 65 2 33 269 
357 204 269 33 34 270 
358 204 270 34 35 271 
359 204 271 35 36 272 
360 204 272 36 5 81 
361 204 9 77 273 72 
362 204 72 273 274 71 
363 204 71 274 275 70 
364 204 70 275 276 69 
365 204 69 276 89 10 
366 204 77 78 277 273 
367 204 273 277 278 274 
368 204 274 278 279 275 
369 204 275 279 280 276 
370 204 276 280 90 89 
371 204 78 79 281 277 
372 204 277 281 282 278 
373 204 278 282 283 279 
374 204 279 283 284 280 
375 204 280 284 91 90 
376 204 79 80 285 281 
377 204 281 285 286 282 
378 204 282 286 287 283 
379 204 283 287 288 284 
380 204 284 288 92 91 
381 204 80 11 88 285 
382 204 285 88 87 286 
383 204 286 87 86 287 
384 204 287 86 85 288 
385 204 288 85 12 92 
386 204 3 73 289 49 
387 204 49 289 290 50 
388 204 50 290 291 51 
389 204 51 291 292 52 
390 204 52 292 93 7 
391 204 73 74 293 289 
392 204 289 293 294 290 
393 204 290 294 295 291 
394 204 291 295 296 292 
395 204 292 296 94 93 
396 204 74 75 297 293 
397 204 293 297 298 294 
398 204 294 298 299 295 
399 204 295 299 300 296 
400 204 296 300 95 94 
401 204 75 76 301 297 
402 204 297 301 302 298 
403 204 298 302 303 299 
404 204 299 303 304 300 
405 204 300 304 96 95 
406 204 76 10 89 301 
407 204 301 89 90 302 
408 204 302 90 91 303 
409 204 303 91 92 304 
410 204 304 92 12 96 
411 204 11 84 305 88 
412 204 88 305 306 87 
413 204 87 306 307 86 
414 204 86 307 308 85 
415 204 85 308 96 12 
416 204 84 83 309 305 
417 204 305 309 310 306 
418 204 306 310 311 307 
419 204 307 311 312 308 
420 204 308 312 95 96 
421 204 83 82 313 309 
422 204 309 313 314 310 
423 204 310 314 315 311 
424 204 311 315 316 312 
425 204 312 316 94 95 
426 204 82 81 317 313 
427 204 313 317 318 314 
428 204 314 318 319 315 
429 204 315 319 320 316 
430 204 316 320 93 94 
431 204 81 5 48 317 
432 204 317 48 47 318 
433 204 318 47 46 319 
434 204 319 46 45 320 
435 204 320 45 7 93 
436 204 1 29 321 108 
437 204 108 321 322 107 
438 204 107 322 323 106 
439 204 106 323 324 105 
440 204 105 324 104 14 
441 204 29 30 325 321 
442 204 321 325 326 322 
443 204 322 326 327 323 
444 204 323 327 328 324 
445 204 324 328 103 104 
446 204 30 31 329 325 
447 204 325 329 330 326 
448 204 326 330 331 327 
449 204 327 331 332 328 
450 204 328 332 102 103 
451 204 31 32 333 329 
452 204 329 333 334 330 
453 204 330 334 335 331 
454 204 331 335 336 332 
455 204 332 336 101 102 
456 204 32 4 100 333 
457 204 333 100 99 334 
458 204 334 99 98 335 
459 204 335 98 97 336 
460 204 336 97 13 101 
461 204 4 60 337 100 
462 204 100 337 338 99 
463 204 99 338 339 98 
464 204 98 339 340 97 
465 204 97 340 116 13 
466 204 60 59 341 337 
467 204 337 341 342 338 
468 204 338 342 343 339 
469 204 339 343 344 340 
470 204 340 344 115 116 
471 204 59 58 345 341 
472 204 341 345 346 342 
473 204 342 346 347 343 
474 204 343 347 348 344 
475 204 344 348 114 115 
476 204 58 57 349 345 
477 204 345 349 350 346 
478 204 346 350 351 347 
479 204 347 351 352 348 
480 204 348 352 113 114 
481 204 57 8 112 349 
482 204 349 112 111 350 
483 204 350 111 110 351 
484 204 351 110 109 352 
485 204 352 109 15 113 
486 204 16 117 353 124 
487 204 124 353 354 123 
488 204 123 354 355 122 
489 204 122 355 356 121 
490 204 121 356 113 15 
491 204 117 118 357 353 
492 204 353 357 358 354 
493 204 354 358 359 355 
494 204 355 359 360 356 
495 204 356 360 114 113 
496 204 118 119 361 357 
497 204 357 361 362 358 
498 204 358 362 363 359 
499 204 359 363 364 360 
500 204 360 364 115 114 
501 204 119 120 365 361 
502 204 361 365 366 362 
503 204 362 366 367 363 
504 204 363 367 368 364 
505 204 364 368 116 115 
506 204 120 14 104 365 
507 204 365 104 103 366 
508 204 366 103 102 367 
509 204 367 102 101 368 
510 204 368 101 13 116 
511 204 6 41 369 128 
512 204 128 369 370 127 
513 204 127 370 371 126 
514 204 126 371 372 125 
515 204 125 372 117 16 
516 204 41 42 373 369 
517 204 369 373 374 370 
518 204 370 374 375 371 
519 204 371 375 376 372 
520 204 372 376 118 117 
521 204 42 43 377 373 
522 204 373 377 378 374 
523 204 374 378 379 375 
524 204 375 379 380 376 
525 204 376 380 119 118 
526 204 43 44 381 377 
527 204 377 381 382 378 
528 204 378 382 383 379 
529 204 379 383 384 380 
530 204 380 384 120 119 
531 204 44 1 108 381 
532 204 381 108 107 382 
533 204 382 107 106 383 
534 204 383 106 105 384 
535 204 384 105 14 120 
536 204 8 64 385 112 
537 204 112 385 386 111 
538 204 111 386 387 110 
539 204 110 387 388 109 
540 204 109 388 121 15 
541 204 64 63 389 385 
542 204 385 389 390 386 
543 204 386 390 391 387 
544 204 387 391 392 388 
545 204 388 392 122 121 
546 204 63 62 393 389 
547 204 389 393 394 390 
548 204 390 394 395 391 
549 204 391 395 396 392 
550 204 392 396 123 122 
551 204 62 61 397 393 
552 204 393 397 398 394 
553 204 394 398 399 395 
554 204 395 399 400 396 
555 204 396 400 124 123 
556 204 61 6 128 397 
557 204 397 128 127 398 
558 204 398 127 126 399 
559 204 399 126 125 400 
560 204 400 125 16 124 
561 204 14 104 401 136 
562 204 136 401 402 135 
563 204 135 402 403 134 
564 204 134 403 404 133 
565 204 133 404 72 9 
566 204 104 103 405 401 
567 204 401 405 406 402 
568 204 402 406 407 403 
569 204 403 407 408 404 
570 204 404 408 71 72 
571 204 103 102 409 405 
572 204 405 409 410 406 
573 204 406 410 411 407 
574 204 407 411 412 408 
575 204 408 412 70 71 
576 204 102 101 413 409 
577 204 409 413 414 410 
578 204 410 414 415 411 
579 204 411 415 416 412 
580 204 412 416 69 70 
581 204 101 13 132 413 
582 204 413 132 131 414 
583 204 414 131 130 415 
584 204 415 130 129 416 
585 204 416 129 10 69 
586 204 13 116 417 132 
587 204 132 417 418 131 
588 204 131 418 419 130 
589 204 130 419 420 129 
590 204 129 420 89 10 
591 204 116 115 421 417 
592 204 417 421 422 418 
593 204 418 422 423 419 
594 204 419 423 424 420 
595 204 420 424 90 89 
596 204 115 114 425 421 
597 204 421 425 426 422 
598 204 422 426 427 423 
599 204 423 427 428 424 
600 204 424 428 91 90 
601 204 114 113 429 425 
602 204 425 429 430 426 
603 204 426 430 431 427 
604 204 427 431 432 428 
605 204 428 432 92 91 
606 204 113 15 140 429 
607 204 429 140 139 430 
608 204 430 139 138 431 
609 204 431 138 137 432 
610 204 432 137 12 92 
611 204 16 117 433 144 
612 204 144 433 434 143 
613 204 143 434 435 142 
614 204 142 435 436 141 
615 204 141 436 80 11 
616 204 117 118 437 433 
617 204 433 437 438 434 
618 204 434 438 439 435 
619 204 435 439 440 436 
620 204 436 440 79 80 
621 204 118 119 441 437 
622 204 437 441 442 438 
623 204 438 442 443 439 
624 204 439 443 444 440 
625 204 440 444 78 79 
626 204 119 120 445 441 
627 204 441 445 446 442 
628 204 442 446 447 443 
629 204 443 447 448 444 
630 204 444 448 77 78 
631 204 120 14 136 445 
632 204 445 136 135 446 
633 204 446 135 134 447 
634 204 447 134 133 448 
635 204 448 133 9 77 
636 204 15 121 449 140 
637 204 140 449 450 139 
638 204 139 450 451 138 
639 204 138 451 452 137 
640 204 137 452 85 12 
641 204 121 122 453 449 
642 204 449 453 454 450 
643 204 450 454 455 451 
644 204 451 455 456 452 
645 204 452 456 86 85 
646 204 122 123 457 453 
647 204 453 457 458 454 
648 204 454 458 459 455 
649 204 455 459 460 456 
650 204 456 460 87 86 
651 204 123 124 461 457 
652 204 457 461 462 458 
653 204 458 462 463 459 
654 204 459 463 464 460 
655 204 460 464 88 87 
656 204 124 16 144 461 
657 204 461 144 143 462 
658 204 462 143 142 463 
659 204 463 142 141 464 
660 204 464 141 11 88 
661 308 2 24 157 20 33 177 465 161 
662 308 33 177 465 161 34 181 466 162 
663 308 34 181 466 162 35 185 467 163 
664 308 35 185 467 163 36 189 468 164 
665 308 36 189 468 164 5 48 225 40 
666 308 24 23 158 157 177 178 469 465 
667 308 177 178 469 465 181 182 470 466 
668 308 181 182 470 466 185 186 471 467 
669 308 185 186 471 467 189 190 472 468 
670 308 189 190 472 468 48 47 226 225 
671 308 23 22 159 158 178 179 473 469 
672 308 178 179 473 469 182 183 474 470 
673 308 182 183 474 470 186 187 475 471 
674 308 186 187 475 471 190 191 476 472 
675 308 190 191 476 472 47 46 227 226 
676 308 22 21 160 159 179 180 477 473 
677 308 179 180 477 473 183 184 478 474 
678 308 183 184 478 474 187 188 479 475 
679 308 187 188 479 475 191 192 480 476 
680 308 191 192 480 476 46 45 228 227 
681 308 21 3 28 160 180 49 205 477 
682 308 180 49 205 477 184 50 206 478 
683 308 184 50 206 478 188 51 207 479 
684 308 188 51 207 479 192 52 208 480 
685 308 192 52 208 480 45 7 56 228 
686 308 20 157 153 19 161 465 481 165 
687 308 161 465 481 165 162 466 482 166 
688 308 162 466 482 166 163 467 483 167 
689 308 163 467 483 167 164 468 484 168 
690 308 164 468 484 168 40 225 229 39 
691 308 157 158 154 153 465 469 485 481 
692 308 465 469 485 481 466 470 486 482 
693 308 466 470 486 482 467 471 487 483 
694 308 467 471 487 483 468 472 488 484 
695 308 468 472 488 484 225 226 230 229 
696 308 158 159 155 154 469 473 489 485 
697 308 469 473 489 485 470 474 490 486 
698 308 470 474 490 486 471 475 491 487 
699 308 471 475 491 487 472 476 492 488 
700 308 472 476 492 488 226 227 231 230 
701 308 159 160 156 155 473 477 493 489 
702 308 473 477 493 489 474 478 494 490 
703 308 474 478 494 490 475 479 495 491 
704 308 475 479 495 491 476 480 496 492 
705 308 476 480 496 492 227 228 232 231 
706 308 160 28 27 156 477 205 201 493 
707 308 477 205 201 493 478 206 202 494 
708 308 478 206 202 494 479 207 203 495 
709 308 479 207 203 495 480 208 204 496 
710 308 480 208 204 496 228 56 55 232 
711 308 19 153 149 18 165 481 497 169 
712 308 165 481 497 169 166 482 498 170 
713 308 166 482 498 170 167 483 499 171 
714 308 167 483 499 171 168 484 500 172 
715 308 168 484 500 172 39 229 233 38 
716 308 153 154 150 149 481 485 501 497 
717 308 481 485 501 497 482 486 502 498 
718 308 482 486 502 498 483 487 503 499 
719 308 483 487 503 499 484 488 504 500 
720 308 484 488 504 500 229 230 234 233 
721 308 154 155 151 150 485 489 505 501 
722 308 485 489 505 501 486 490 506 502 
723 308 486 490 506 502 487 491 507 503 
724 308 487 491 507 503 488 492 508 504 
725 308 488 492 508 504 230 231 235 234 
726 308 155 156 152 151 489 493 509 505 
727 308 489 493 509 505 490 494 510 506 
728 308 490 494 510 506 491 495 511 507 
729 308 491 495 511 507 492 496 512 508 
730 308 492 496 512 508 231 232 236 235 
731 308 156 27 26 152 493 201 197 509 
732 308 493 201 197 509 494 202 198 510 
733 308 494 202 198 510 495 203 199 511 
734 308 495 203 199 511 496 204 200 512 
735 308 496 204 200 512 232 55 54 236 
736 308 18 149 145 17 169 497 513 173 
737 308 169 497 513 173 170 498 514 174 
738 308 170 498 514 174 171 499 515 175 
739 308 171 499 515 175 172 500 516 176 
740 308 172 500 516 176 38 233 237 37 
741 308 149 150 146 145 497 501 517 513 
742 308 497 501 517 513 498 502 518 514 
743 308 498 502 518 514 499 503 519 515 
744 308 499 503 519 515 500 504 520 516 
745 308 500 504 520 516 233 234 238 237 
746 308 150 151 147 146 501 505 521 517 
747 308 501 505 521 517 502 506 522 518 
748 308 502 506 522 518 503 507 523 519 
749 308 503 507 523 519 504 508 524 520 
750 308 504 508 524 520 234 235 239 238 
751 308 151 152 148 147 505 509 525 521 
752 308 505 509 525 521 506 510 526 522 
753 308 506 510 526 522 507 511 527 523 
754 308 507 511 527 523 508 512 528 524 
755 308 508 512 528 524 235 236 240 239 
756 308 152 26 25 148 509 197 193 525 
757 308 509 197 193 525 510 198 194 526 
758 308 510 198 194 526 511 199 195 527 
759 308 511 199 195 527 512 200 196 528 
760 308 512 200 196 528 236 54 53 240 
761 308 17 145 29 1 173 513 221 44 
762 308 173 513 221 44 174 514 217 43 
763 308 174 514 217 43 175 515 213 42 
764 308 175 515 213 42 176 516 209 41 
765 308 176 516 209 41 37 237 61 6 
766 308 145 146 30 29 513 517 222 221 
767 308 513 517 222 221 514 518 218 217 
768 308 514 518 218 217 515 519 214 213 
769 308 515 519 214 213 516 520 210 209 
770 308 516 520 210 209 237 238 62 61 
771 308 146 147 31 30 517 521 223 222 
772 308 517 521 223 222 518 522 219 218 
773 308 518 522 219 218 519 523 215 214 
774 308 519 523 215 214 520 524 211 210 
775 308 520 524 211 210 238 239 63 62 
776 308 147 148 32 31 521 525 224 223 
777 308 521 525 224 223 522 526 220 219 
778 308 522 526 220 219 523 527 216 215 
779 308 523 527 216 215 524 528 212 211 
780 308 524 528 212 211 239 240 64 63 
781 308 148 25 4 32 525 193 60 224 
782 308 525 193 60 224 526 194 59 220 
783 308 526 194 59 220 527 195 58 216 
784 308 527 195 58 216 528 196 57 212 
785 308 528 196 57 212 240 53 8 64 
786 308 9 72 253 68 77 273 529 257 
787 308 77 273 529 257 78 277 530 258 
788 308 78 277 530 258 79 281 531 259 
789 308 79 281 531 259 80 285 532 260 
790 308 80 285 532 260 11 88 305 84 
791 308 72 71 254 253 273 274 533 529 
792 308 273 274 533 529 277 278 534 530 
793 308 277 278 534 530 281 282 535 531 
794 308 281 282 535 531 285 286 536 532 
795 308 285 286 536 532 88 87 306 305 
796 308 71 70 255 254 274 275 537 533 
797 308 274 275 537 533 278 279 538 534 
798 308 278 279 538 534 282 283 539 535 
799 308 282 283 539 535 286 287 540 536 
800 308 286 287 540 536 87 86 307 306 
801 308 70 69 256 255 275 276 541 537 
802 308 275 276 541 537 279 280 542 538 
803 308 279 280 542 538 283 284 543 539 
804 308 283 284 543 539 287 288 544 540 
805 308 287 288 544 540 86 85 308 307 
806 308 69 10 76 256 276 89 301 541 
807 308 276 89 301 541 280 90 302 542 
808 308 280 90 302 542 284 91 303 543 
809 308 284 91 303 543 288 92 304 544 
810 308 288 92 304 544 85 12 96 308 
811 308 68 253 249 67 257 529 545 261 
812 308 257 529 545 261 258 530 546 262 
813 308 258 530 546 262 259 531 547 263 
814 308 259 531 547 263 260 532 548 264 
815 308 260 532 548 264 84 305 309 83 
816 308 253 254 250 249 529 533 549 545 
817 308 529 533 549 545 530 534 550 546 
818 308 530 534 550 546 531 535 551 547 
819 308 531 535 551 547 532 536 552 548 
820 308 532 536 552 548 305 306 310 309 
821 308 254 255 251 250 533 537 553 549 
822 308 533 537 553 549 534 538 554 550 
823 308 534 538 554 550 535 539 555 551 
824 308 535 539 555 551 536 540 556 552 
825 308 536 540 556 552 306 307 311 310 
826 308 255 256 252 251 537 541 557 553 
827 308 537 541 557 553 538 542 558 554 
828 308 538 542 558 554 539 543 559 555 
829 308 539 543 559 555 540 544 560 556 
830 308 540 544 560 556 307 308 312 311 
831 308 256 76 75 252 541 301 297 557 
832 308 541 301 297 557 542 302 298 558 
833 308 542 302 298 558 543 303 299 559 
834 308 543 303 299 559 544 304 300 560 
835 308 544 304 300 560 308 96 95 312 
836 308 67 249 245 66 261 545 561 265 
837 308 261 545 561 265 262 546 562 266 
838 308 262 546 562 266 263 547 563 267 
839 308 263 547 563 267 264 548 564 268 
840 308 264 548 564 268 83 309 313 82 
841 308 249 250 246 245 545 549 565 561 
842 308 545 549 565 561 546 550 566 562 
843 308 546 550 566 562 547 551 567 563 
844 308 547 551 567 563 548 552 568 564 
845 308 548 552 568 564 309 310 314 313 
846 308 250 251 247 246 549 553 569 565 
847 308 549 553 569 565 550 554 570 566 
848 308 550 554 570 566 551 555 571 567 
849 308 551 555 571 567 552 556 572 568 
850 308 552 556 572 568 310 311 315 314 
851 308 251 252 248 247 553 557 573 569 
852 308 553 557 573 569 554 558 574 570 
853 308 554 558 574 570 555 559 575 571 
854 308 555 559 575 571 556 560 576 572 
855 308 556 560 576 572 311 312 316 315 
856 308 252 75 74 248 557 297 293 573 
857 308 557 297 293 573 558 298 294 574 
858 308 558 298 294 574 559 299 295 575 
859 308 559 299 295 575 560 300 296 576 
860 308 560 300 296 576 312 95 94 316 
861 308 66 245 241 65 265 561 577 269 
862 308 265 561 577 269 266 562 578 270 
863 308 266 562 578 270 267 563 579 271 
864 308 267 563 579 271 268 564 580 272 
865 308 268 564 580 272 82 313 317 81 
866 308 245 246 242 241 561 565 581 577 
867 308 561 565 581 577 562 566 582 578 
868 308 562 566 582 578 563 567 583 579 
869 308 563 567 583 579 564 568 584 580 
870 308 564 568 584 580 313 314 318 317 
871 308 246 247 243 242 565 569 585 581 
872 308 565 569 585 581 566 570 586 582 
873 308 566 570 586 582 567 571 587 583 
874 308 567 571 587 583 568 572 588 584 
875 308 568 572 588 584 314 315 319 318 
876 308 247 248 244 243 569 573 589 585 
877 308 569 573 589 585 570 574 590 586 
878 308 570 574 590 586 571 575 591 587 
879 308 571 575 591 587 572 576 592 588 
880 308 572 576 592 588 315 316 320 319 
881 308 248 74 73 244 573 293 289 589 
882 308 573 293 289 589 574 294 290 590 
883 308 574 294 290 590 575 295 291 591 
884 308 575 295 291 591 576 296 292 592 
885 308 576 296 292 592 316 94 93 320 
886 308 65 241 24 2 269 577 177 33 
887 308 269 577 177 33 270 578 181 34 
888 308 270 578 181 34 271 579 185 35 
889 308 271 579 185 35 272 580 189 36 
890 308 272 580 189 36 81 317 48 5 
891 308 241 242 23 24 577 581 178 177 
892 308 577 581 178 177 578 582 182 181 
893 308 578 582 182 181 579 583 186 185 
894 308 579 583 186 185 580 584 190 189 
895 308 580 584 190 189 317 318 47 48 
896 308 242 243 22 23 581 585 179 178 
897 308 581 585 179 178 582 586 183 182 
898 308 582 586 183 182 583 587 187 186 
899 308 583 587 187 186 584 588 191 190 
900 308 584 588 191 190 318 319 46 47 
901 308 243 244 21 22 585 589 180 179 
902 308 585 589 180 179 586 590 184 183 
903 308 586 590 184 183 587 591 188 187 
904 308 587 591 188 187 588 592 192 191 
905 308 588 592 192 191 319 320 45 46 
906 308 244 73 3 21 589 289 49 180 
907 308 589 289 49 180 590 290 50 184 
908 308 590 290 50 184 591 291 51 188 
909 308 591 291 51 188 592 292 52 192 
910 308 592 292 52 192 320 93 7 45 
911 308 4 100 333 32 60 337 593 224 
912 308 60 337 593 224 59 341 594 220 
913 308 59 341 594 220 58 345 595 216 
914 308 58 345 595 216 57 349 596 212 
915 308 57 349 596 212 8 112 385 64 
916 308 100 99 334 333 337 338 597 593 
917 308 337 338 597 593 341 342 598 594 
918 308 341 342 598 594 345 346 599 595 
919 308 345 346 599 595 349 350 600 596 
920 308 349 350 600 596 112 111 386 385 
921 308 99 98 335 334 338 339 601 597 
922 308 338 339 601 597 342 343 602 598 
923 308 342 343 602 598 346 347 603 599 
924 308 346 347 603 599 350 351 604 600 
925 308 350 351 604 600 111 110 387 386 
926 308 98 97 336 335 339 340 605 601 
927 308 339 340 605 601 343 344 606 602 
928 308 343 344 606 602 347 348 607 603 
929 308 347 348 607 603 351 352 608 604 
930 308 351 352 608 604 110 109 388 387 
931 308 97 13 101 336 340 116 368 605 
932 308 340 116 368 605 344 115 364 606 
933 308 344 115 364 606 348 114 360 607 
934 308 348 114 360 607 352 113 356 608 
935 308 352 113 356 608 109 15 121 388 
936 308 32 333 329 31 224 593 609 223 
937 308 224 593 609 223 220 594 610 219 
938 308 220 594 610 219 216 595 611 215 
939 308 216 595 611 215 212 596 612 211 
940 308 212 596 612 211 64 385 389 63 
941 308 333 334 330 329 593 597 613 609 
942 308 593 597 613 609 594 598 614 610 
943 308 594 598 614 610 595 599 615 611 
944 308 595 599 615 611 596 600 616 612 
945 308 596 600 616 612 385 386 390 389 
946 308 334 335 331 330 597 601 617 613 
947 308 597 601 617 613 598 602 618 614 
948 308 598 602 618 614 599 603 619 615 
949 308 599 603 619 615 600 604 620 616 
950 308 600 604 620 616 386 387 391 390 
951 308 335 336 332 331 601 605 621 617 
952 308 601 605 621 617 602 606 622 618 
953 308 602 606 622 618 603 607 623 619 
954 308 603 607 623 619 604 608 624 620 
955 308 604 608 624 620 387 388 392 391 
956 308 336 101 102 332 605 368 367 621 
957 308 605 368 367 621 606 364 363 622 
958 308 606 364 363 622 607 360 359 623 
959 308 607 360 359 623 608 356 355 624 
960 308 608 356 355 624 388 121 122 392 
961 308 31 329 325 30 223 609 625 222 
962 308 223 609 625 222 219 610 626 218 
963 308 219 610 626 218 215 611 627 214 
964 308 215 611 627 214 211 612 628 210 
965 308 211 612 628 210 63 389 393 62 
966 308 329 330 326 325 609 613 629 625 
967 308 609 613 629 625 610 614 630 626 
968 308 610 614 630 626 611 615 631 627 
969 308 611 615 631 627 612 616 632 628 
970 308 612 616 632 628 389 390 394 393 
971 308 330 331 327 326 613 617 633 629 
972 308 613 617 633 629 614 618 634 630 
973 308 614 618 634 630 615 619 635 631 
974 308 615 619 635 631 616 620 636 632 
975 308 616 620 636 632 390 391 395 394 
976 308 331 332 328 327 617 621 637 633 
977 308 617 621 637 633 618 622 638 634 
978 308 618 622 638 634 619 623 639 635 
979 308 619 623 639 635 620 624 640 636 
980 308 620 624 640 636 391 392 396 395 
981 308 332 102 103 328 621 367 366 637 
982 308 621 367 366 637 622 363 362 638 
983 308 622 363 362 638 623 359 358 639 
984 308 623 359 358 639 624 355 354 640 
985 308 624 355 354 640 392 122 123 396 
986 308 30 325 321 29 222 625 641 221 
987 308 222 625 641 221 218 626 642 217 
988 308 218 626 642 217 214 627 643 213 
989 308 214 627 643 213 210 628 644 209 
990 308 210 628 644 209 62 393 397 61 
991 308 325 326 322 321 625 629 645 641 
992 308 625 629 645 641 626 630 646 642 
993 308 626 630 646 642 627 631 647 643 
994 308 627 631 647 643 628 632 648 644 
995 308 628 632 648 644 393 394 398 397 
996 308 326 327 323 322 629 633 649 645 
997 308 629 633 649 645 630 634 650 646 
998 308 630 634 650 646 631 635 651 647 
999 308 631 635 651 647 632 636 652 648 
1000 308 632 636 652 648 394 395 399 398 
1001 308 327 328 324 323 633 637 653 649 
1002 308 633 637 653 649 634 638 654 650 
1003 308 634 638 654 650 635 639 655 651 
1004 308 635 639 655 651 636 640 656 652 
1005 308 636 640 656 652 395 396 400 399 
1006 308 328 103 104 324 637 366 365 653 
1007 308 637 366 365 653 638 362 361 654 
1008 308 638 362 361 654 639 358 357 655 
1009 308 639 358 357 655 640 354 353 656 
1010 308 640 354 353 656 396 123 124 400 
1011 308 29 321 108 1 221 641 381 44 
1012 308 221 641 381 44 217 642 377 43 
1013 308 217 642 377 43 213 643 373 42 
1014 308 213 643 373 42 209 644 369 41 
1015 308 209 644 369 41 61 397 128 6 
1016 308 321 322 107 108 641 645 382 381 
1017 308 641 645 382 381 642 646 378 377 
1018 308 642 646 378 377 643 647 374 373 
1019 308 643 647 374 373 644 648 370 369 
1020 308 644 648 370 369 397 398 127 128 
1021 308 322 323 106 107 645 649 383 382 
1022 308 645 649 383 382 646 650 379 378 
1023 308 646 650 379 378 647 651 375 374 
1024 308 647 651 375 374 648 652 371 370 
1025 308 648 652 371 370 398 399 126 127 
1026 308 323 324 105 106 649 653 384 383 
1027 308 649 653 384 383 650 654 380 379 
1028 308 650 654 380 379 651 655 376 375 
1029 308 651 655 376 375 652 656 372 371 
1030 308 652 656 372 371 399 400 125 126 
1031 308 324 104 14 105 653 365 120 384 
1032 308 653 365 120 384 654 361 119 380 
1033 308 654 361 119 380 655 357 118 376 
1034 308 655 357 118 376 656 353 117 372 
1035 308 656 353 117 372 400 124 16 125 
1036 308 13 132 413 101 116 417 657 368 
1037 308 116 417 657 368 115 421 658 364 
1038 308 115 421 658 364 114 425 659 360 
1039 308 114 425 659 360 113 429 660 356 
1040 308 113 429 660 356 15 140 449 121 
1041 308 132 131 414 413 417 418 661 657 
1042 308 417 418 661 657 421 422 662 658 
1043 308 421 422 662 658 425 426 663 659 
1044 308 425 426 663 659 429 430 664 660 
1045 308 429 430 664 660 140 139 450 449 
1046 308 131 130 415 414 418 419 665 661 
1047 308 418 419 665 661 422 423 666 662 
1048 308 422 423 666 662 426 427 667 663 
1049 308 426 427 667 663 430 431 668 664 
1050 308 430 431 668 664 139 138 451 450 
1051 308 130 129 416 415 419 420 669 665 
1052 308 419 420 669 665 423 424 670 666 
1053 308 423 424 670 666 427 428 671 667 
1054 308 427 428 671 667 431 432 672 668 
1055 308 431 432 672 668 138 137 452 451 
1056 308 129 10 69 416 420 89 276 669 
1057 308 420 89 276 669 424 90 280 670 
1058 308 424 90 280 670 428 91 284 671 
1059 308 428 91 284 671 432 92 288 672 
1060 308 432 92 288 672 137 12 85 452 
1061 308 101 413 409 102 368 657 673 367 
1062 308 368 657 673 367 364 658 674 363 
1063 308 364 658 674 363 360 659 675 359 
1064 308 360 659 675 359 356 660 676 355 
1065 308 356 660 676 355 121 449 453 122 
1066 308 413 414 410 409 657 661 677 673 
1067 308 657 661 677 673 658 662 678 674 
1068 308 658 662 678 674 659 663 679 675 
1069 308 659 663 679 675 660 664 680 676 
1070 308 660 664 680 676 449 450 454 453 
1071 308 414 415 411 410 661 665 681 677 
1072 308 661 665 681 677 662 666 682 678 
1073 308 662 666 682 678 663 667 683 679 
1074 308 663 667 683 679 664 668 684 680 
1075 308 664 668 684 680 450 451 455 454 
1076 308 415 416 412 411 665 669 685 681 
1077 308 665 669 685 681 666 670 686 682 
1078 308 666 670 686 682 667 671 687 683 
1079 308 667 671 687 683 668 672 688 684 
1080 308 668 672 688 684 451 452 456 455 
1081 308 416 69 70 412 669 276 275 685 
1082 308 669 276 275 685 670 280 279 686 
1083 308 670 280 279 686 671 284 283 687 
1084 308 671 284 283 687 672 288 287 688 
1085 308 672 288 287 688 452 85 86 456 
1086 308 102 409 405 103 367 673 689 366 
1087 308 367 673 689 366 363 674 690 362 
1088 308 363 674 690 362 359 675 691 358 
1089 308 359 675 691 358 355 676 692 354 
1090 308 355 676 692 354 122 453 457 123 
1091 308 409 410 406 405 673 677 693 689 
1092 308 673 677 693 689 674 678 694 690 
1093 308 674 678 694 690 675 679 695 691 
1094 308 675 679 695 691 676 680 696 692 
1095 308 676 680 696 692 453 454 458 457 
1096 308 410 411 407 406 677 681 697 693 
1097 308 677 681 697 693 678 682 698 694 
1098 308 678 682 698 694 679 683 699 695 
1099 308 679 683 699 695 680 684 700 696 
1100 308 680 684 700 696 454 455 459 458 
1101 308 411 412 408 407 681 685 701 697 
1102 308 681 685 701 697 682 686 702 698 
1103 308 682 686 702 698 683 687 703 699 
1104 308 683 687 703 699 684 688 704 700 
1105 308 684 688 704 700 455 456 460 459 
1106 308 412 70 71 408 685 275 274 701 
1107 308 685 275 274 701 686 279 278 702 
1108 308 686 279 278 702 687 283 282 703 
1109 308 687 283 282 703 688 287 286 704 
1110 308 688 287 286 704 456 86 87 460 
1111 308 103 405 401 104 366 689 705 365 
1112 308 366 689 705 365 362 690 706 361 
1113 308 362 690 706 361 358 691 707 357 
1114 308 358 691 707 357 354 692 708 353 
1115 308 354 692 708 353 123 457 461 124 
1116 308 405 406 402 401 689 693 709 705 
1117 308 689 693 709 705 690 694 710 706 
1118 308 690 694 710 706 691 695 711 707 
1119 308 691 695 711 707 692 696 712 708 
1120 308 692 696 712 708 457 458 462 461 
1121 308 406 407 403 402 693 697 713 709 
1122 308 693 697 713 709 694 698 714 710 
1123 308 694 698 714 710 695 699 715 711 
1124 308 695 699 715 711 696 700 716 712 
1125 308 696 700 716 712 458 459 463 462 
1126 308 407 408 404 403 697 701 717 713 
1127 308 697 701 717 713 698 702 718 714 
1128 308 698 702 718 714 699 703 719 715 
1129 308 699 703 719 715 700 704 720 716 
1130 308 700 704 720 716 459 460 464 463 
1131 308 408 71 72 404 701 274 273 717 
1132 308 701 274 273 717 702 278 277 718 
1133 308 702 278 277 718 703 282 281 719 
1134 308 703 282 281 719 704 286 285 720 
1135 308 704 286 285 720 460 87 88 464 
1136 308 104 401 136 14 365 705 445 120 
1137 308 365 705 445 120 361 706 441 119 
1138 308 361 706 441 119 357 707 437 118 
1139 308 357 707 437 118 353 708 433 117 
1140 308 353 708 433 117 124 461 144 16 
1141 308 401 402 135 136 705 709 446 445 
1142 308 705 709 446 445 706 710 442 441 
1143 308 706 710 442 441 707 711 438 437 
1144 308 707 711 438 437 708 712 434 433 
1145 308 708 712 434 433 461 462 143 144 
1146 308 402 403 134 135 709 713 447 446 
1147 308 709 713 447 446 710 714 443 442 
1148 308 710 714 443 442 711 715 439 438 
1149 308 711 715 439 438 712 716 435 434 
1150 308 712 716 435 434 462 463 142 143 
1151 308 403 404 133 134 713 717 448 447 
1152 308 713 717 448 447 714 718 444 443 
1153 308 714 718 444 443 715 719 440 439 
1154 308 715 719 440 439 716 720 436 435 
1155 308 716 720 436 435 463 464 141 142 
1156 308 404 72 9 133 717 273 77 448 
1157 308 717 273 77 448 718 277 78 444 
1158 308 718 277 78 444 719 281 79 440 
1159 308 719 281 79 440 720 285 80 436 
1160 308 720 285 80 436 464 88 11 141 
