960 1918
1 6.661338e-16 0.000000e+00 0.000000e+00
2 2.000000e+00 0.000000e+00 0.000000e+00
3 2.000000e+00 2.000000e+00 0.000000e+00
4 6.661338e-16 2.000000e+00 0.000000e+00
5 1.000000e-01 0.000000e+00 0.000000e+00
6 2.000000e-01 0.000000e+00 0.000000e+00
7 3.000000e-01 0.000000e+00 0.000000e+00
8 4.000000e-01 0.000000e+00 0.000000e+00
9 5.000000e-01 0.000000e+00 0.000000e+00
10 6.000000e-01 0.000000e+00 0.000000e+00
11 7.000000e-01 0.000000e+00 0.000000e+00
12 8.000000e-01 0.000000e+00 0.000000e+00
13 9.000000e-01 0.000000e+00 0.000000e+00
14 1.000000e+00 0.000000e+00 0.000000e+00
15 1.100000e+00 0.000000e+00 0.000000e+00
16 1.200000e+00 0.000000e+00 0.000000e+00
17 1.300000e+00 0.000000e+00 0.000000e+00
18 1.400000e+00 0.000000e+00 0.000000e+00
19 1.500000e+00 0.000000e+00 0.000000e+00
20 1.600000e+00 0.000000e+00 0.000000e+00
21 1.700000e+00 0.000000e+00 0.000000e+00
22 1.800000e+00 0.000000e+00 0.000000e+00
23 1.900000e+00 0.000000e+00 0.000000e+00
24 2.000000e+00 1.000000e-01 0.000000e+00
25 2.000000e+00 2.000000e-01 0.000000e+00
26 2.000000e+00 3.000000e-01 0.000000e+00
27 2.000000e+00 4.000000e-01 0.000000e+00
28 2.000000e+00 5.000000e-01 0.000000e+00
29 2.000000e+00 6.000000e-01 0.000000e+00
30 2.000000e+00 7.000000e-01 0.000000e+00
31 2.000000e+00 8.000000e-01 0.000000e+00
32 2.000000e+00 9.000000e-01 0.000000e+00
33 2.000000e+00 1.000000e+00 0.000000e+00
34 2.000000e+00 1.100000e+00 0.000000e+00
35 2.000000e+00 1.200000e+00 0.000000e+00
36 2.000000e+00 1.300000e+00 0.000000e+00
37 2.000000e+00 1.400000e+00 0.000000e+00
38 2.000000e+00 1.500000e+00 0.000000e+00
39 2.000000e+00 1.600000e+00 0.000000e+00
40 2.000000e+00 1.700000e+00 0.000000e+00
41 2.000000e+00 1.800000e+00 0.000000e+00
42 2.000000e+00 1.900000e+00 0.000000e+00
43 1.900000e+00 2.000000e+00 0.000000e+00
44 1.800000e+00 2.000000e+00 0.000000e+00
45 1.700000e+00 2.000000e+00 0.000000e+00
46 1.600000e+00 2.000000e+00 0.000000e+00
47 1.500000e+00 2.000000e+00 0.000000e+00
48 1.400000e+00 2.000000e+00 0.000000e+00
49 1.300000e+00 2.000000e+00 0.000000e+00
50 1.200000e+00 2.000000e+00 0.000000e+00
51 1.100000e+00 2.000000e+00 0.000000e+00
52 1.000000e+00 2.000000e+00 0.000000e+00
53 9.000000e-01 2.000000e+00 0.000000e+00
54 8.000000e-01 2.000000e+00 0.000000e+00
55 7.000000e-01 2.000000e+00 0.000000e+00
56 6.000000e-01 2.000000e+00 0.000000e+00
57 5.000000e-01 2.000000e+00 0.000000e+00
58 4.000000e-01 2.000000e+00 0.000000e+00
59 3.000000e-01 2.000000e+00 0.000000e+00
60 2.000000e-01 2.000000e+00 0.000000e+00
61 1.000000e-01 2.000000e+00 0.000000e+00
62 6.661338e-16 1.900000e+00 0.000000e+00
63 6.661338e-16 1.800000e+00 0.000000e+00
64 6.661338e-16 1.700000e+00 0.000000e+00
65 6.661338e-16 1.600000e+00 0.000000e+00
66 6.661338e-16 1.500000e+00 0.000000e+00
67 6.661338e-16 1.400000e+00 0.000000e+00
68 6.661338e-16 1.300000e+00 0.000000e+00
69 6.661338e-16 1.200000e+00 0.000000e+00
70 6.661338e-16 1.100000e+00 0.000000e+00
71 6.661338e-16 1.000000e+00 0.000000e+00
72 6.661338e-16 9.000000e-01 0.000000e+00
73 6.661338e-16 8.000000e-01 0.000000e+00
74 6.661338e-16 7.000000e-01 0.000000e+00
75 6.661338e-16 6.000000e-01 0.000000e+00
76 6.661338e-16 5.000000e-01 0.000000e+00
77 6.661338e-16 4.000000e-01 0.000000e+00
78 6.661338e-16 3.000000e-01 0.000000e+00
79 6.661338e-16 2.000000e-01 0.000000e+00
80 6.661338e-16 1.000000e-01 0.000000e+00
81 1.578109e+00 9.013140e-01 0.000000e+00
82 1.289054e+00 4.006574e-01 0.000000e+00
83 1.865540e+00 4.006086e-01 0.000000e+00
84 1.144600e+00 1.513935e-01 0.000000e+00
85 1.433642e+00 1.514842e-01 0.000000e+00
86 4.218912e-01 9.013140e-01 0.000000e+00
87 1.344433e-01 4.006029e-01 0.000000e+00
88 7.109455e-01 4.006574e-01 0.000000e+00
89 5.663573e-01 1.514782e-01 0.000000e+00
90 8.554025e-01 1.513986e-01 0.000000e+00
91 2.771126e-01 1.514588e-01 0.000000e+00
92 1.344080e-01 1.401874e+00 0.000000e+00
93 1.000088e+00 1.898669e+00 0.000000e+00
94 4.224927e-01 1.897716e+00 0.000000e+00
95 7.100667e-01 1.898833e+00 0.000000e+00
96 1.577485e+00 1.897701e+00 0.000000e+00
97 1.289994e+00 1.898819e+00 0.000000e+00
98 1.865557e+00 1.401871e+00 0.000000e+00
99 1.722888e+00 1.514556e-01 0.000000e+00
100 1.000000e+00 9.013140e-01 0.000000e+00
101 1.289054e+00 1.401971e+00 0.000000e+00
102 7.109455e-01 1.401971e+00 0.000000e+00
103 1.338785e-01 1.897863e+00 0.000000e+00
104 1.866096e+00 1.897832e+00 0.000000e+00
105 2.773679e-01 1.151640e+00 0.000000e+00
106 1.344212e-01 9.012605e-01 0.000000e+00
107 2.773676e-01 6.509854e-01 0.000000e+00
108 5.664183e-01 6.509855e-01 0.000000e+00
109 4.218912e-01 4.006572e-01 0.000000e+00
110 1.722632e+00 1.151640e+00 0.000000e+00
111 1.865580e+00 9.012401e-01 0.000000e+00
112 1.433582e+00 6.509855e-01 0.000000e+00
113 1.722632e+00 6.509861e-01 0.000000e+00
114 1.578109e+00 4.006572e-01 0.000000e+00
115 1.000000e+00 4.006572e-01 0.000000e+00
116 1.144527e+00 6.509855e-01 0.000000e+00
117 1.289054e+00 9.013140e-01 0.000000e+00
118 8.554728e-01 6.509855e-01 0.000000e+00
119 7.109455e-01 9.013140e-01 0.000000e+00
120 1.433582e+00 1.151642e+00 0.000000e+00
121 1.578109e+00 1.401971e+00 0.000000e+00
122 1.722631e+00 1.652297e+00 0.000000e+00
123 1.433582e+00 1.652298e+00 0.000000e+00
124 1.144527e+00 1.652298e+00 0.000000e+00
125 5.664183e-01 1.151642e+00 0.000000e+00
126 4.218911e-01 1.401971e+00 0.000000e+00
127 8.554730e-01 1.652297e+00 0.000000e+00
128 5.664184e-01 1.652298e+00 0.000000e+00
129 2.773673e-01 1.652297e+00 0.000000e+00
130 1.000000e+00 1.401971e+00 0.000000e+00
131 8.554728e-01 1.151642e+00 0.000000e+00
132 1.144527e+00 1.151642e+00 0.000000e+00
133 2.796184e-01 1.898872e+00 0.000000e+00
134 5.670305e-01 1.897702e+00 0.000000e+00
135 8.569521e-01 1.897575e+00 0.000000e+00
136 1.143275e+00 1.897747e+00 0.000000e+00
137 1.432947e+00 1.897716e+00 0.000000e+00
138 1.720413e+00 1.898886e+00 0.000000e+00
139 6.783501e-02 1.519578e+00 0.000000e+00
140 6.780644e-02 1.283196e+00 0.000000e+00
141 2.052477e-01 1.276930e+00 0.000000e+00
142 1.328902e-01 1.151497e+00 0.000000e+00
143 6.782742e-02 1.019122e+00 0.000000e+00
144 2.052574e-01 1.026323e+00 0.000000e+00
145 3.496281e-01 1.026478e+00 0.000000e+00
146 2.773822e-01 9.013156e-01 0.000000e+00
147 3.496287e-01 7.761505e-01 0.000000e+00
148 4.941547e-01 7.761497e-01 0.000000e+00
149 4.218911e-01 6.509855e-01 0.000000e+00
150 2.052704e-01 5.256634e-01 0.000000e+00
151 3.496280e-01 5.258208e-01 0.000000e+00
152 2.773761e-01 4.006581e-01 0.000000e+00
153 4.941547e-01 5.258213e-01 0.000000e+00
154 6.386819e-01 5.258213e-01 0.000000e+00
155 5.664183e-01 4.006572e-01 0.000000e+00
156 6.785268e-02 2.822889e-01 0.000000e+00
157 2.052425e-01 2.756504e-01 0.000000e+00
158 1.331400e-01 1.514264e-01 0.000000e+00
159 7.449494e-02 3.986862e-02 0.000000e+00
160 2.037655e-01 4.972485e-02 0.000000e+00
161 3.497869e-01 4.154741e-02 0.000000e+00
162 6.386810e-01 2.755173e-01 0.000000e+00
163 7.832060e-01 2.755178e-01 0.000000e+00
164 7.107916e-01 1.515302e-01 0.000000e+00
165 4.960272e-01 4.977178e-02 0.000000e+00
166 6.412276e-01 4.259186e-02 0.000000e+00
167 7.722996e-01 4.269577e-02 0.000000e+00
168 9.345705e-01 4.248786e-02 0.000000e+00
169 4.221475e-01 1.513541e-01 0.000000e+00
170 4.941564e-01 2.755091e-01 0.000000e+00
171 3.496286e-01 2.755082e-01 0.000000e+00
172 6.782496e-02 5.186373e-01 0.000000e+00
173 1.329150e-01 6.509094e-01 0.000000e+00
174 2.052612e-01 7.762828e-01 0.000000e+00
175 6.779610e-02 7.827325e-01 0.000000e+00
176 1.932153e+00 1.519575e+00 0.000000e+00
177 1.794730e+00 1.276943e+00 0.000000e+00
178 1.932175e+00 1.283211e+00 0.000000e+00
179 1.867085e+00 1.151523e+00 0.000000e+00
180 1.650371e+00 1.026477e+00 0.000000e+00
181 1.794738e+00 1.026325e+00 0.000000e+00
182 1.722620e+00 9.013133e-01 0.000000e+00
183 1.932164e+00 1.019119e+00 0.000000e+00
184 1.505845e+00 7.761498e-01 0.000000e+00
185 1.650372e+00 7.761503e-01 0.000000e+00
186 1.578109e+00 6.509855e-01 0.000000e+00
187 1.361318e+00 5.258213e-01 0.000000e+00
188 1.505845e+00 5.258213e-01 0.000000e+00
189 1.433582e+00 4.006572e-01 0.000000e+00
190 1.650371e+00 5.258205e-01 0.000000e+00
191 1.794737e+00 5.256731e-01 0.000000e+00
192 1.722619e+00 4.006567e-01 0.000000e+00
193 1.216794e+00 2.755180e-01 0.000000e+00
194 1.361319e+00 2.755171e-01 0.000000e+00
195 1.289210e+00 1.515302e-01 0.000000e+00
196 1.065433e+00 4.251232e-02 0.000000e+00
197 1.227699e+00 4.267081e-02 0.000000e+00
198 1.358776e+00 4.261813e-02 0.000000e+00
199 1.503973e+00 4.974299e-02 0.000000e+00
200 1.794730e+00 2.756647e-01 0.000000e+00
201 1.932128e+00 2.823033e-01 0.000000e+00
202 1.866835e+00 1.514524e-01 0.000000e+00
203 1.650215e+00 4.157229e-02 0.000000e+00
204 1.796237e+00 4.970000e-02 0.000000e+00
205 1.925502e+00 3.987918e-02 0.000000e+00
206 1.577852e+00 1.513541e-01 0.000000e+00
207 1.650372e+00 2.755074e-01 0.000000e+00
208 1.505844e+00 2.755096e-01 0.000000e+00
209 1.932196e+00 5.186544e-01 0.000000e+00
210 1.867110e+00 6.509383e-01 0.000000e+00
211 1.932215e+00 7.827305e-01 0.000000e+00
212 1.794740e+00 7.762845e-01 0.000000e+00
213 9.999995e-01 1.514466e-01 0.000000e+00
214 1.072261e+00 2.755085e-01 0.000000e+00
215 1.144527e+00 4.006571e-01 0.000000e+00
216 9.277384e-01 2.755090e-01 0.000000e+00
217 8.554728e-01 4.006571e-01 0.000000e+00
218 1.216791e+00 5.258213e-01 0.000000e+00
219 1.289054e+00 6.509855e-01 0.000000e+00
220 1.361318e+00 7.761497e-01 0.000000e+00
221 1.433582e+00 9.013140e-01 0.000000e+00
222 1.216791e+00 7.761497e-01 0.000000e+00
223 1.072264e+00 7.761497e-01 0.000000e+00
224 1.144527e+00 9.013140e-01 0.000000e+00
225 7.832092e-01 5.258213e-01 0.000000e+00
226 7.109455e-01 6.509855e-01 0.000000e+00
227 9.277364e-01 7.761497e-01 0.000000e+00
228 7.832092e-01 7.761497e-01 0.000000e+00
229 8.554728e-01 9.013140e-01 0.000000e+00
230 6.386819e-01 7.761497e-01 0.000000e+00
231 5.664183e-01 9.013140e-01 0.000000e+00
232 1.000000e+00 6.509855e-01 0.000000e+00
233 9.277364e-01 5.258212e-01 0.000000e+00
234 1.072264e+00 5.258212e-01 0.000000e+00
235 1.505845e+00 1.026478e+00 0.000000e+00
236 1.578109e+00 1.151643e+00 0.000000e+00
237 1.650372e+00 1.276807e+00 0.000000e+00
238 1.722624e+00 1.401969e+00 0.000000e+00
239 1.505845e+00 1.276807e+00 0.000000e+00
240 1.361318e+00 1.276807e+00 0.000000e+00
241 1.433582e+00 1.401971e+00 0.000000e+00
242 1.794756e+00 1.526983e+00 0.000000e+00
243 1.867110e+00 1.652155e+00 0.000000e+00
244 1.932202e+00 1.783567e+00 0.000000e+00
245 1.794729e+00 1.777480e+00 0.000000e+00
246 1.650321e+00 1.777338e+00 0.000000e+00
247 1.361318e+00 1.527135e+00 0.000000e+00
248 1.216791e+00 1.527135e+00 0.000000e+00
249 1.289055e+00 1.652298e+00 0.000000e+00
250 1.505828e+00 1.777344e+00 0.000000e+00
251 1.361338e+00 1.777337e+00 0.000000e+00
252 1.216787e+00 1.777348e+00 0.000000e+00
253 1.072278e+00 1.777342e+00 0.000000e+00
254 1.578109e+00 1.652298e+00 0.000000e+00
255 1.505845e+00 1.527135e+00 0.000000e+00
256 1.650372e+00 1.527135e+00 0.000000e+00
257 4.941547e-01 1.026478e+00 0.000000e+00
258 4.218911e-01 1.151643e+00 0.000000e+00
259 6.386819e-01 1.276807e+00 0.000000e+00
260 4.941547e-01 1.276807e+00 0.000000e+00
261 5.664183e-01 1.401971e+00 0.000000e+00
262 3.496283e-01 1.276807e+00 0.000000e+00
263 2.773782e-01 1.401969e+00 0.000000e+00
264 7.832092e-01 1.527135e+00 0.000000e+00
265 6.386819e-01 1.527135e+00 0.000000e+00
266 7.109454e-01 1.652298e+00 0.000000e+00
267 9.277417e-01 1.777332e+00 0.000000e+00
268 7.832202e-01 1.777344e+00 0.000000e+00
269 6.386641e-01 1.777337e+00 0.000000e+00
270 4.941722e-01 1.777344e+00 0.000000e+00
271 2.052566e-01 1.526975e+00 0.000000e+00
272 1.328881e-01 1.652150e+00 0.000000e+00
273 3.496805e-01 1.777339e+00 0.000000e+00
274 2.052701e-01 1.777479e+00 0.000000e+00
275 6.780937e-02 1.783571e+00 0.000000e+00
276 4.218914e-01 1.652298e+00 0.000000e+00
277 3.496281e-01 1.527135e+00 0.000000e+00
278 4.941547e-01 1.527135e+00 0.000000e+00
279 1.000000e+00 1.652298e+00 0.000000e+00
280 9.277364e-01 1.527135e+00 0.000000e+00
281 8.554728e-01 1.401971e+00 0.000000e+00
282 1.072264e+00 1.527135e+00 0.000000e+00
283 1.144527e+00 1.401971e+00 0.000000e+00
284 7.832092e-01 1.276807e+00 0.000000e+00
285 7.109455e-01 1.151642e+00 0.000000e+00
286 6.386819e-01 1.026478e+00 0.000000e+00
287 7.832092e-01 1.026478e+00 0.000000e+00
288 9.277364e-01 1.026478e+00 0.000000e+00
289 1.216791e+00 1.276807e+00 0.000000e+00
290 1.289054e+00 1.151642e+00 0.000000e+00
291 1.072264e+00 1.026478e+00 0.000000e+00
292 1.216791e+00 1.026478e+00 0.000000e+00
293 1.361318e+00 1.026478e+00 0.000000e+00
294 1.000000e+00 1.151642e+00 0.000000e+00
295 1.072264e+00 1.276807e+00 0.000000e+00
296 9.277364e-01 1.276807e+00 0.000000e+00
297 5.122360e-02 1.950781e+00 0.000000e+00
298 1.019580e-01 1.943161e+00 0.000000e+00
299 6.950902e-02 1.897505e+00 0.000000e+00
300 1.642416e-01 1.951436e+00 0.000000e+00
301 2.451054e-01 1.952557e+00 0.000000e+00
302 2.053475e-01 1.898216e+00 0.000000e+00
303 3.263080e-01 1.951565e+00 0.000000e+00
304 3.905432e-01 1.943283e+00 0.000000e+00
305 3.522993e-01 1.896958e+00 0.000000e+00
306 4.570140e-01 1.951311e+00 0.000000e+00
307 5.362721e-01 1.951371e+00 0.000000e+00
308 4.949484e-01 1.897888e+00 0.000000e+00
309 6.018162e-01 1.943259e+00 0.000000e+00
310 6.669400e-01 1.951443e+00 0.000000e+00
311 6.374847e-01 1.896929e+00 0.000000e+00
312 7.480636e-01 1.952448e+00 0.000000e+00
313 8.292569e-01 1.951294e+00 0.000000e+00
314 7.846493e-01 1.898069e+00 0.000000e+00
315 8.942698e-01 1.943145e+00 0.000000e+00
316 9.603881e-01 1.951316e+00 0.000000e+00
317 9.277577e-01 1.896856e+00 0.000000e+00
318 1.039907e+00 1.951483e+00 0.000000e+00
319 1.106324e+00 1.943396e+00 0.000000e+00
320 1.072514e+00 1.896997e+00 0.000000e+00
321 1.170884e+00 1.951308e+00 0.000000e+00
322 1.251813e+00 1.952468e+00 0.000000e+00
323 1.215403e+00 1.898099e+00 0.000000e+00
324 1.333060e+00 1.951542e+00 0.000000e+00
325 1.398316e+00 1.943279e+00 0.000000e+00
326 1.362544e+00 1.896947e+00 0.000000e+00
327 1.463754e+00 1.951310e+00 0.000000e+00
328 1.543012e+00 1.951371e+00 0.000000e+00
329 1.505050e+00 1.897888e+00 0.000000e+00
330 1.609589e+00 1.943262e+00 0.000000e+00
331 1.673689e+00 1.951467e+00 0.000000e+00
332 1.647725e+00 1.896939e+00 0.000000e+00
333 1.754768e+00 1.952566e+00 0.000000e+00
334 1.835799e+00 1.951525e+00 0.000000e+00
335 1.794643e+00 1.898226e+00 0.000000e+00
336 1.898307e+00 1.943089e+00 0.000000e+00
337 1.948646e+00 1.950427e+00 0.000000e+00
338 1.930537e+00 1.897440e+00 0.000000e+00
339 4.308696e-02 1.573339e+00 0.000000e+00
340 4.467782e-02 1.457735e+00 0.000000e+00
341 1.013123e-01 1.462524e+00 0.000000e+00
342 6.856192e-02 1.401220e+00 0.000000e+00
343 1.012547e-01 1.340763e+00 0.000000e+00
344 1.697706e-01 1.339633e+00 0.000000e+00
345 1.345552e-01 1.278047e+00 0.000000e+00
346 4.308469e-02 1.228685e+00 0.000000e+00
347 9.984732e-02 1.217007e+00 0.000000e+00
348 5.865732e-02 1.151213e+00 0.000000e+00
349 1.695314e-01 1.214687e+00 0.000000e+00
350 2.413087e-01 1.214286e+00 0.000000e+00
351 2.051885e-01 1.151651e+00 0.000000e+00
352 4.317038e-02 1.073006e+00 0.000000e+00
353 4.467739e-02 9.573875e-01 0.000000e+00
354 1.013137e-01 9.619619e-01 0.000000e+00
355 6.856211e-02 9.007634e-01 0.000000e+00
356 2.412790e-01 1.089015e+00 0.000000e+00
357 3.135013e-01 1.089055e+00 0.000000e+00
358 2.773885e-01 1.026456e+00 0.000000e+00
359 1.697912e-01 9.635489e-01 0.000000e+00
360 2.413510e-01 9.638414e-01 0.000000e+00
361 2.054226e-01 9.012863e-01 0.000000e+00
362 3.135125e-01 9.638883e-01 0.000000e+00
363 3.857611e-01 9.638953e-01 0.000000e+00
364 3.496317e-01 9.013135e-01 0.000000e+00
365 1.345729e-01 1.024989e+00 0.000000e+00
366 1.693967e-01 1.088601e+00 0.000000e+00
367 9.995884e-02 1.085715e+00 0.000000e+00
368 4.509420e-02 1.344389e+00 0.000000e+00
369 3.857602e-01 8.387321e-01 0.000000e+00
370 4.580230e-01 8.387319e-01 0.000000e+00
371 4.218913e-01 7.761498e-01 0.000000e+00
372 3.134983e-01 7.135700e-01 0.000000e+00
373 3.857597e-01 7.135679e-01 0.000000e+00
374 3.496282e-01 6.509857e-01 0.000000e+00
375 4.580230e-01 7.135677e-01 0.000000e+00
376 5.302865e-01 7.135676e-01 0.000000e+00
377 4.941547e-01 6.509855e-01 0.000000e+00
378 2.412746e-01 5.883558e-01 0.000000e+00
379 3.135009e-01 5.883982e-01 0.000000e+00
380 2.773883e-01 5.257988e-01 0.000000e+00
381 1.696301e-01 4.629703e-01 0.000000e+00
382 2.413307e-01 4.631931e-01 0.000000e+00
383 2.053870e-01 4.006348e-01 0.000000e+00
384 3.135096e-01 4.632322e-01 0.000000e+00
385 3.857608e-01 4.632384e-01 0.000000e+00
386 3.496305e-01 4.006566e-01 0.000000e+00
387 5.302865e-01 5.884034e-01 0.000000e+00
388 6.025501e-01 5.884034e-01 0.000000e+00
389 5.664183e-01 5.258213e-01 0.000000e+00
390 4.580231e-01 4.632391e-01 0.000000e+00
391 5.302865e-01 4.632392e-01 0.000000e+00
392 4.941548e-01 4.006572e-01 0.000000e+00
393 6.025501e-01 4.632392e-01 0.000000e+00
394 6.748137e-01 4.632392e-01 0.000000e+00
395 6.386819e-01 4.006573e-01 0.000000e+00
396 4.218913e-01 5.258211e-01 0.000000e+00
397 4.580229e-01 5.884034e-01 0.000000e+00
398 3.857600e-01 5.884028e-01 0.000000e+00
399 1.010871e-01 3.396458e-01 0.000000e+00
400 1.697726e-01 3.383564e-01 0.000000e+00
401 1.345410e-01 2.768514e-01 0.000000e+00
402 4.312169e-02 2.280982e-01 0.000000e+00
403 9.990377e-02 2.161136e-01 0.000000e+00
404 5.893912e-02 1.512356e-01 0.000000e+00
405 1.695529e-01 2.136751e-01 0.000000e+00
406 2.412752e-01 2.132310e-01 0.000000e+00
407 2.051124e-01 1.516796e-01 0.000000e+00
408 4.451452e-02 7.640628e-02 0.000000e+00
409 2.398865e-01 9.403960e-02 0.000000e+00
410 3.123314e-01 9.308946e-02 0.000000e+00
411 2.684094e-01 4.340839e-02 0.000000e+00
412 1.402539e-01 4.264016e-02 0.000000e+00
413 1.700001e-01 9.438015e-02 0.000000e+00
414 1.019363e-01 9.135846e-02 0.000000e+00
415 6.748135e-01 3.380796e-01 0.000000e+00
416 7.470768e-01 3.380799e-01 0.000000e+00
417 7.109430e-01 2.755207e-01 0.000000e+00
418 6.025407e-01 2.131399e-01 0.000000e+00
419 6.747929e-01 2.131641e-01 0.000000e+00
420 6.386287e-01 1.515506e-01 0.000000e+00
421 7.470377e-01 2.131720e-01 0.000000e+00
422 8.193110e-01 2.131537e-01 0.000000e+00
423 7.829290e-01 1.515937e-01 0.000000e+00
424 5.300246e-01 9.400814e-02 0.000000e+00
425 6.022667e-01 9.337670e-02 0.000000e+00
426 5.618496e-01 4.356066e-02 0.000000e+00
427 8.176292e-01 9.310055e-02 0.000000e+00
428 8.921929e-01 9.311772e-02 0.000000e+00
429 8.532000e-01 4.251215e-02 0.000000e+00
430 7.075318e-01 5.042558e-02 0.000000e+00
431 7.450413e-01 9.466480e-02 0.000000e+00
432 6.744733e-01 9.494344e-02 0.000000e+00
433 4.311319e-01 4.297734e-02 0.000000e+00
434 4.596093e-01 9.450254e-02 0.000000e+00
435 4.943307e-01 1.520620e-01 0.000000e+00
436 3.870968e-01 9.368335e-02 0.000000e+00
437 3.496519e-01 1.518524e-01 0.000000e+00
438 5.302993e-01 2.132514e-01 0.000000e+00
439 5.664187e-01 2.755560e-01 0.000000e+00
440 6.025501e-01 3.380844e-01 0.000000e+00
441 5.302867e-01 3.380841e-01 0.000000e+00
442 4.580233e-01 3.380787e-01 0.000000e+00
443 3.134772e-01 2.132353e-01 0.000000e+00
444 2.773832e-01 2.755783e-01 0.000000e+00
445 3.857601e-01 3.380781e-01 0.000000e+00
446 3.135014e-01 3.380864e-01 0.000000e+00
447 2.413653e-01 3.381288e-01 0.000000e+00
448 4.218933e-01 2.755100e-01 0.000000e+00
449 3.857889e-01 2.132256e-01 0.000000e+00
450 4.580740e-01 2.132764e-01 0.000000e+00
451 4.484117e-02 3.437263e-01 0.000000e+00
452 6.854957e-02 4.006020e-01 0.000000e+00
453 1.012988e-01 4.614762e-01 0.000000e+00
454 1.345798e-01 5.243666e-01 0.000000e+00
455 1.694216e-01 5.879383e-01 0.000000e+00
456 2.051712e-01 6.509464e-01 0.000000e+00
457 9.968991e-02 5.853262e-01 0.000000e+00
458 4.322683e-02 5.725400e-01 0.000000e+00
459 5.865147e-02 6.503628e-01 0.000000e+00
460 2.412745e-01 7.135998e-01 0.000000e+00
461 2.773899e-01 7.761690e-01 0.000000e+00
462 3.135053e-01 8.387358e-01 0.000000e+00
463 2.413332e-01 8.387642e-01 0.000000e+00
464 1.696563e-01 8.389521e-01 0.000000e+00
465 4.316610e-02 7.283283e-01 0.000000e+00
466 1.012940e-01 8.402072e-01 0.000000e+00
467 4.509832e-02 8.440501e-01 0.000000e+00
468 1.345423e-01 7.774326e-01 0.000000e+00
469 9.992694e-02 7.164396e-01 0.000000e+00
470 1.695502e-01 7.140534e-01 0.000000e+00
471 4.510028e-02 4.569654e-01 0.000000e+00
472 1.956910e+00 1.573337e+00 0.000000e+00
473 1.898914e+00 1.462627e+00 0.000000e+00
474 1.955160e+00 1.457656e+00 0.000000e+00
475 1.931451e+00 1.401225e+00 0.000000e+00
476 1.830370e+00 1.339596e+00 0.000000e+00
477 1.898701e+00 1.340776e+00 0.000000e+00
478 1.865420e+00 1.278072e+00 0.000000e+00
479 1.758725e+00 1.214264e+00 0.000000e+00
480 1.830578e+00 1.214607e+00 0.000000e+00
481 1.794829e+00 1.151646e+00 0.000000e+00
482 1.900310e+00 1.216885e+00 0.000000e+00
483 1.956773e+00 1.228792e+00 0.000000e+00
484 1.941348e+00 1.151207e+00 0.000000e+00
485 1.686502e+00 1.089057e+00 0.000000e+00
486 1.758725e+00 1.089018e+00 0.000000e+00
487 1.722609e+00 1.026455e+00 0.000000e+00
488 1.614240e+00 9.638958e-01 0.000000e+00
489 1.686495e+00 9.638915e-01 0.000000e+00
490 1.650370e+00 9.013135e-01 0.000000e+00
491 1.758690e+00 9.638550e-01 0.000000e+00
492 1.830352e+00 9.636146e-01 0.000000e+00
493 1.794609e+00 9.012890e-01 0.000000e+00
494 1.956829e+00 1.073003e+00 0.000000e+00
495 1.898880e+00 9.620471e-01 0.000000e+00
496 1.955159e+00 9.573099e-01 0.000000e+00
497 1.931465e+00 9.007621e-01 0.000000e+00
498 1.865475e+00 1.025012e+00 0.000000e+00
499 1.900070e+00 1.085742e+00 0.000000e+00
500 1.830451e+00 1.088474e+00 0.000000e+00
501 1.954900e+00 1.344394e+00 0.000000e+00
502 1.541977e+00 8.387319e-01 0.000000e+00
503 1.614240e+00 8.387319e-01 0.000000e+00
504 1.578109e+00 7.761498e-01 0.000000e+00
505 1.469713e+00 7.135676e-01 0.000000e+00
506 1.541977e+00 7.135676e-01 0.000000e+00
507 1.505845e+00 6.509855e-01 0.000000e+00
508 1.614240e+00 7.135679e-01 0.000000e+00
509 1.686501e+00 7.135703e-01 0.000000e+00
510 1.650372e+00 6.509856e-01 0.000000e+00
511 1.397450e+00 5.884034e-01 0.000000e+00
512 1.469713e+00 5.884034e-01 0.000000e+00
513 1.433582e+00 5.258213e-01 0.000000e+00
514 1.325186e+00 4.632392e-01 0.000000e+00
515 1.397450e+00 4.632392e-01 0.000000e+00
516 1.361318e+00 4.006573e-01 0.000000e+00
517 1.469713e+00 4.632392e-01 0.000000e+00
518 1.541977e+00 4.632391e-01 0.000000e+00
519 1.505845e+00 4.006572e-01 0.000000e+00
520 1.686501e+00 5.884007e-01 0.000000e+00
521 1.758731e+00 5.883634e-01 0.000000e+00
522 1.722610e+00 5.257993e-01 0.000000e+00
523 1.614240e+00 4.632389e-01 0.000000e+00
524 1.686495e+00 4.632348e-01 0.000000e+00
525 1.650370e+00 4.006568e-01 0.000000e+00
526 1.758690e+00 4.632002e-01 0.000000e+00
527 1.830365e+00 4.629728e-01 0.000000e+00
528 1.794596e+00 4.006407e-01 0.000000e+00
529 1.578109e+00 5.258211e-01 0.000000e+00
530 1.614240e+00 5.884030e-01 0.000000e+00
531 1.541977e+00 5.884033e-01 0.000000e+00
532 1.252923e+00 3.380796e-01 0.000000e+00
533 1.325187e+00 3.380798e-01 0.000000e+00
534 1.289057e+00 2.755207e-01 0.000000e+00
535 1.180687e+00 2.131348e-01 0.000000e+00
536 1.252962e+00 2.131668e-01 0.000000e+00
537 1.217070e+00 1.515658e-01 0.000000e+00
538 1.325209e+00 2.131687e-01 0.000000e+00
539 1.397462e+00 2.131590e-01 0.000000e+00
540 1.361376e+00 1.515801e-01 0.000000e+00
541 1.107737e+00 9.296081e-02 0.000000e+00
542 1.182348e+00 9.324485e-02 0.000000e+00
543 1.146789e+00 4.251085e-02 0.000000e+00
544 1.397739e+00 9.319718e-02 0.000000e+00
545 1.469979e+00 9.417645e-02 0.000000e+00
546 1.438152e+00 4.355851e-02 0.000000e+00
547 1.292470e+00 5.042557e-02 0.000000e+00
548 1.325428e+00 9.463177e-02 0.000000e+00
549 1.254978e+00 9.498038e-02 0.000000e+00
550 1.830324e+00 3.383135e-01 0.000000e+00
551 1.898862e+00 3.396607e-01 0.000000e+00
552 1.865428e+00 2.768774e-01 0.000000e+00
553 1.758761e+00 2.131874e-01 0.000000e+00
554 1.830561e+00 2.135861e-01 0.000000e+00
555 1.794904e+00 1.516462e-01 0.000000e+00
556 1.900252e+00 2.159993e-01 0.000000e+00
557 1.956732e+00 2.282311e-01 0.000000e+00
558 1.941065e+00 1.512414e-01 0.000000e+00
559 1.687641e+00 9.289261e-02 0.000000e+00
560 1.760141e+00 9.418305e-02 0.000000e+00
561 1.731591e+00 4.340213e-02 0.000000e+00
562 1.955483e+00 7.641714e-02 0.000000e+00
563 1.859749e+00 4.264226e-02 0.000000e+00
564 1.898100e+00 9.106798e-02 0.000000e+00
565 1.829780e+00 9.454519e-02 0.000000e+00
566 1.568868e+00 4.297764e-02 0.000000e+00
567 1.612957e+00 9.336694e-02 0.000000e+00
568 1.650352e+00 1.517917e-01 0.000000e+00
569 1.540350e+00 9.476902e-02 0.000000e+00
570 1.505664e+00 1.521130e-01 0.000000e+00
571 1.686527e+00 2.132232e-01 0.000000e+00
572 1.722619e+00 2.755736e-01 0.000000e+00
573 1.758641e+00 3.381242e-01 0.000000e+00
574 1.686487e+00 3.380897e-01 0.000000e+00
575 1.614238e+00 3.380791e-01 0.000000e+00
576 1.469700e+00 2.132599e-01 0.000000e+00
577 1.433581e+00 2.755589e-01 0.000000e+00
578 1.541977e+00 3.380782e-01 0.000000e+00
579 1.469713e+00 3.380838e-01 0.000000e+00
580 1.397450e+00 3.380855e-01 0.000000e+00
581 1.578107e+00 2.755100e-01 0.000000e+00
582 1.541928e+00 2.132563e-01 0.000000e+00
583 1.614208e+00 2.132466e-01 0.000000e+00
584 1.955149e+00 3.437306e-01 0.000000e+00
585 1.931443e+00 4.006054e-01 0.000000e+00
586 1.898705e+00 4.614831e-01 0.000000e+00
587 1.865455e+00 5.243993e-01 0.000000e+00
588 1.956916e+00 5.726635e-01 0.000000e+00
589 1.900154e+00 5.851945e-01 0.000000e+00
590 1.941343e+00 6.503578e-01 0.000000e+00
591 1.830466e+00 5.878438e-01 0.000000e+00
592 1.794815e+00 6.509432e-01 0.000000e+00
593 1.956835e+00 7.283254e-01 0.000000e+00
594 1.955124e+00 8.439881e-01 0.000000e+00
595 1.898476e+00 8.402764e-01 0.000000e+00
596 1.758721e+00 7.136032e-01 0.000000e+00
597 1.722612e+00 7.761685e-01 0.000000e+00
598 1.830162e+00 8.390045e-01 0.000000e+00
599 1.758624e+00 8.387744e-01 0.000000e+00
600 1.686485e+00 8.387382e-01 0.000000e+00
601 1.865401e+00 7.774514e-01 0.000000e+00
602 1.830600e+00 7.139468e-01 0.000000e+00
603 1.900043e+00 7.164618e-01 0.000000e+00
604 1.954903e+00 4.569693e-01 0.000000e+00
605 1.000001e+00 5.031142e-02 0.000000e+00
606 1.035195e+00 9.448043e-02 0.000000e+00
607 1.072073e+00 1.519365e-01 0.000000e+00
608 9.647651e-01 9.478833e-02 0.000000e+00
609 9.279137e-01 1.519913e-01 0.000000e+00
610 1.108382e+00 2.132283e-01 0.000000e+00
611 1.144528e+00 2.755532e-01 0.000000e+00
612 1.180659e+00 3.380842e-01 0.000000e+00
613 1.216791e+00 4.006585e-01 0.000000e+00
614 1.108395e+00 3.380837e-01 0.000000e+00
615 1.036132e+00 3.380786e-01 0.000000e+00
616 1.072264e+00 4.006583e-01 0.000000e+00
617 8.916164e-01 2.132372e-01 0.000000e+00
618 8.554711e-01 2.755560e-01 0.000000e+00
619 9.638684e-01 3.380781e-01 0.000000e+00
620 8.916047e-01 3.380834e-01 0.000000e+00
621 9.277364e-01 4.006582e-01 0.000000e+00
622 8.193405e-01 3.380853e-01 0.000000e+00
623 7.832091e-01 4.006586e-01 0.000000e+00
624 9.999999e-01 2.755104e-01 0.000000e+00
625 9.638890e-01 2.132509e-01 0.000000e+00
626 1.036111e+00 2.132725e-01 0.000000e+00
627 1.252923e+00 4.632393e-01 0.000000e+00
628 1.289054e+00 5.258213e-01 0.000000e+00
629 1.325186e+00 5.884034e-01 0.000000e+00
630 1.361318e+00 6.509855e-01 0.000000e+00
631 1.252923e+00 5.884034e-01 0.000000e+00
632 1.180659e+00 5.884034e-01 0.000000e+00
633 1.216791e+00 6.509855e-01 0.000000e+00
634 1.397450e+00 7.135676e-01 0.000000e+00
635 1.433582e+00 7.761497e-01 0.000000e+00
636 1.469713e+00 8.387319e-01 0.000000e+00
637 1.505845e+00 9.013140e-01 0.000000e+00
638 1.397450e+00 8.387319e-01 0.000000e+00
639 1.325186e+00 8.387319e-01 0.000000e+00
640 1.361318e+00 9.013140e-01 0.000000e+00
641 1.180659e+00 7.135676e-01 0.000000e+00
642 1.108395e+00 7.135676e-01 0.000000e+00
643 1.144527e+00 7.761497e-01 0.000000e+00
644 1.252923e+00 8.387319e-01 0.000000e+00
645 1.180659e+00 8.387319e-01 0.000000e+00
646 1.216791e+00 9.013140e-01 0.000000e+00
647 1.108395e+00 8.387319e-01 0.000000e+00
648 1.036132e+00 8.387319e-01 0.000000e+00
649 1.072264e+00 9.013140e-01 0.000000e+00
650 1.289054e+00 7.761497e-01 0.000000e+00
651 1.252923e+00 7.135676e-01 0.000000e+00
652 1.325186e+00 7.135676e-01 0.000000e+00
653 7.470773e-01 4.632393e-01 0.000000e+00
654 7.109455e-01 5.258213e-01 0.000000e+00
655 8.193410e-01 5.884034e-01 0.000000e+00
656 7.470774e-01 5.884034e-01 0.000000e+00
657 7.832092e-01 6.509855e-01 0.000000e+00
658 6.748137e-01 5.884034e-01 0.000000e+00
659 6.386819e-01 6.509855e-01 0.000000e+00
660 8.916046e-01 7.135676e-01 0.000000e+00
661 8.193410e-01 7.135676e-01 0.000000e+00
662 8.554728e-01 7.761497e-01 0.000000e+00
663 9.638682e-01 8.387319e-01 0.000000e+00
664 8.916046e-01 8.387319e-01 0.000000e+00
665 9.277364e-01 9.013140e-01 0.000000e+00
666 8.193410e-01 8.387319e-01 0.000000e+00
667 7.470774e-01 8.387319e-01 0.000000e+00
668 7.832092e-01 9.013140e-01 0.000000e+00
669 6.025501e-01 7.135676e-01 0.000000e+00
670 5.664183e-01 7.761497e-01 0.000000e+00
671 6.748137e-01 8.387319e-01 0.000000e+00
672 6.025501e-01 8.387319e-01 0.000000e+00
673 6.386819e-01 9.013140e-01 0.000000e+00
674 5.302865e-01 8.387319e-01 0.000000e+00
675 4.941547e-01 9.013140e-01 0.000000e+00
676 7.109455e-01 7.761497e-01 0.000000e+00
677 6.748137e-01 7.135676e-01 0.000000e+00
678 7.470774e-01 7.135676e-01 0.000000e+00
679 1.000000e+00 7.761497e-01 0.000000e+00
680 9.638682e-01 7.135676e-01 0.000000e+00
681 9.277364e-01 6.509855e-01 0.000000e+00
682 1.036132e+00 7.135676e-01 0.000000e+00
683 1.072264e+00 6.509855e-01 0.000000e+00
684 8.916046e-01 5.884034e-01 0.000000e+00
685 8.554728e-01 5.258213e-01 0.000000e+00
686 8.193410e-01 4.632393e-01 0.000000e+00
687 8.916046e-01 4.632393e-01 0.000000e+00
688 9.638682e-01 4.632393e-01 0.000000e+00
689 1.108395e+00 5.884034e-01 0.000000e+00
690 1.144527e+00 5.258213e-01 0.000000e+00
691 1.036132e+00 4.632393e-01 0.000000e+00
692 1.108395e+00 4.632393e-01 0.000000e+00
693 1.180659e+00 4.632393e-01 0.000000e+00
694 1.000000e+00 5.258213e-01 0.000000e+00
695 1.036132e+00 5.884034e-01 0.000000e+00
696 9.638682e-01 5.884034e-01 0.000000e+00
697 1.541977e+00 9.638961e-01 0.000000e+00
698 1.578109e+00 1.026478e+00 0.000000e+00
699 1.614240e+00 1.089060e+00 0.000000e+00
700 1.650372e+00 1.151642e+00 0.000000e+00
701 1.541977e+00 1.089060e+00 0.000000e+00
702 1.469713e+00 1.089060e+00 0.000000e+00
703 1.505845e+00 1.151642e+00 0.000000e+00
704 1.686499e+00 1.214229e+00 0.000000e+00
705 1.722612e+00 1.276826e+00 0.000000e+00
706 1.758669e+00 1.339425e+00 0.000000e+00
707 1.794613e+00 1.401965e+00 0.000000e+00
708 1.686490e+00 1.339394e+00 0.000000e+00
709 1.614239e+00 1.339389e+00 0.000000e+00
710 1.650370e+00 1.401971e+00 0.000000e+00
711 1.469713e+00 1.214225e+00 0.000000e+00
712 1.397450e+00 1.214225e+00 0.000000e+00
713 1.433582e+00 1.276807e+00 0.000000e+00
714 1.541977e+00 1.339389e+00 0.000000e+00
715 1.469713e+00 1.339389e+00 0.000000e+00
716 1.505845e+00 1.401971e+00 0.000000e+00
717 1.397450e+00 1.339389e+00 0.000000e+00
718 1.325186e+00 1.339389e+00 0.000000e+00
719 1.361318e+00 1.401971e+00 0.000000e+00
720 1.578109e+00 1.276807e+00 0.000000e+00
721 1.541977e+00 1.214225e+00 0.000000e+00
722 1.614240e+00 1.214225e+00 0.000000e+00
723 1.830228e+00 1.464202e+00 0.000000e+00
724 1.865462e+00 1.525616e+00 0.000000e+00
725 1.900150e+00 1.586293e+00 0.000000e+00
726 1.941342e+00 1.651142e+00 0.000000e+00
727 1.830471e+00 1.589112e+00 0.000000e+00
728 1.758692e+00 1.589635e+00 0.000000e+00
729 1.794811e+00 1.652233e+00 0.000000e+00
730 1.956834e+00 1.728979e+00 0.000000e+00
731 1.954982e+00 1.844013e+00 0.000000e+00
732 1.898411e+00 1.840238e+00 0.000000e+00
733 1.758716e+00 1.714891e+00 0.000000e+00
734 1.686490e+00 1.714861e+00 0.000000e+00
735 1.722566e+00 1.777358e+00 0.000000e+00
736 1.830212e+00 1.839069e+00 0.000000e+00
737 1.758353e+00 1.838959e+00 0.000000e+00
738 1.685868e+00 1.838774e+00 0.000000e+00
739 1.613783e+00 1.838628e+00 0.000000e+00
740 1.865397e+00 1.778395e+00 0.000000e+00
741 1.830598e+00 1.715177e+00 0.000000e+00
742 1.900041e+00 1.717506e+00 0.000000e+00
743 1.325186e+00 1.464553e+00 0.000000e+00
744 1.252923e+00 1.464553e+00 0.000000e+00
745 1.289054e+00 1.527135e+00 0.000000e+00
746 1.397450e+00 1.589717e+00 0.000000e+00
747 1.325186e+00 1.589717e+00 0.000000e+00
748 1.361318e+00 1.652298e+00 0.000000e+00
749 1.252923e+00 1.589717e+00 0.000000e+00
750 1.180659e+00 1.589717e+00 0.000000e+00
751 1.216791e+00 1.652298e+00 0.000000e+00
752 1.469711e+00 1.714859e+00 0.000000e+00
753 1.397451e+00 1.714856e+00 0.000000e+00
754 1.433579e+00 1.777326e+00 0.000000e+00
755 1.541758e+00 1.838729e+00 0.000000e+00
756 1.469526e+00 1.838728e+00 0.000000e+00
757 1.397516e+00 1.838618e+00 0.000000e+00
758 1.325454e+00 1.838745e+00 0.000000e+00
759 1.180659e+00 1.714859e+00 0.000000e+00
760 1.108397e+00 1.714857e+00 0.000000e+00
761 1.144529e+00 1.777328e+00 0.000000e+00
762 1.252903e+00 1.838887e+00 0.000000e+00
763 1.180380e+00 1.838768e+00 0.000000e+00
764 1.108292e+00 1.838640e+00 0.000000e+00
765 1.036179e+00 1.838740e+00 0.000000e+00
766 1.289084e+00 1.777173e+00 0.000000e+00
767 1.252926e+00 1.714836e+00 0.000000e+00
768 1.325192e+00 1.714831e+00 0.000000e+00
769 1.578029e+00 1.777144e+00 0.000000e+00
770 1.541967e+00 1.714833e+00 0.000000e+00
771 1.505844e+00 1.652292e+00 0.000000e+00
772 1.614224e+00 1.714828e+00 0.000000e+00
773 1.650369e+00 1.652291e+00 0.000000e+00
774 1.469713e+00 1.589716e+00 0.000000e+00
775 1.433582e+00 1.527135e+00 0.000000e+00
776 1.397450e+00 1.464553e+00 0.000000e+00
777 1.469713e+00 1.464553e+00 0.000000e+00
778 1.541977e+00 1.464553e+00 0.000000e+00
779 1.686495e+00 1.589707e+00 0.000000e+00
780 1.722610e+00 1.527109e+00 0.000000e+00
781 1.614240e+00 1.464553e+00 0.000000e+00
782 1.686498e+00 1.464549e+00 0.000000e+00
783 1.758634e+00 1.464496e+00 0.000000e+00
784 1.578109e+00 1.527135e+00 0.000000e+00
785 1.614239e+00 1.589715e+00 0.000000e+00
786 1.541977e+00 1.589716e+00 0.000000e+00
787 4.580231e-01 9.638960e-01 0.000000e+00
788 4.218914e-01 1.026478e+00 0.000000e+00
789 5.302865e-01 1.089060e+00 0.000000e+00
790 4.580229e-01 1.089060e+00 0.000000e+00
791 4.941547e-01 1.151642e+00 0.000000e+00
792 3.857600e-01 1.089060e+00 0.000000e+00
793 3.496287e-01 1.151642e+00 0.000000e+00
794 6.025501e-01 1.214225e+00 0.000000e+00
795 5.302865e-01 1.214225e+00 0.000000e+00
796 5.664183e-01 1.276807e+00 0.000000e+00
797 6.748137e-01 1.339389e+00 0.000000e+00
798 6.025501e-01 1.339389e+00 0.000000e+00
799 6.386819e-01 1.401971e+00 0.000000e+00
800 5.302865e-01 1.339389e+00 0.000000e+00
801 4.580229e-01 1.339389e+00 0.000000e+00
802 4.941547e-01 1.401971e+00 0.000000e+00
803 3.135047e-01 1.214231e+00 0.000000e+00
804 2.773906e-01 1.276827e+00 0.000000e+00
805 3.857596e-01 1.339389e+00 0.000000e+00
806 3.135025e-01 1.339391e+00 0.000000e+00
807 3.496298e-01 1.401971e+00 0.000000e+00
808 2.413460e-01 1.339428e+00 0.000000e+00
809 2.054053e-01 1.401969e+00 0.000000e+00
810 4.218912e-01 1.276807e+00 0.000000e+00
811 3.857604e-01 1.214225e+00 0.000000e+00
812 4.580230e-01 1.214225e+00 0.000000e+00
813 7.470774e-01 1.464553e+00 0.000000e+00
814 6.748137e-01 1.464553e+00 0.000000e+00
815 7.109455e-01 1.527135e+00 0.000000e+00
816 8.193410e-01 1.589717e+00 0.000000e+00
817 7.470773e-01 1.589717e+00 0.000000e+00
818 7.832092e-01 1.652298e+00 0.000000e+00
819 6.748137e-01 1.589717e+00 0.000000e+00
820 6.025501e-01 1.589717e+00 0.000000e+00
821 6.386819e-01 1.652298e+00 0.000000e+00
822 8.916064e-01 1.714857e+00 0.000000e+00
823 8.193433e-01 1.714856e+00 0.000000e+00
824 8.554890e-01 1.777318e+00 0.000000e+00
825 9.638870e-01 1.838720e+00 0.000000e+00
826 8.917777e-01 1.838581e+00 0.000000e+00
827 8.196848e-01 1.838713e+00 0.000000e+00
828 7.471594e-01 1.838880e+00 0.000000e+00
829 6.025486e-01 1.714858e+00 0.000000e+00
830 5.302886e-01 1.714857e+00 0.000000e+00
831 5.664221e-01 1.777325e+00 0.000000e+00
832 6.745700e-01 1.838763e+00 0.000000e+00
833 6.024596e-01 1.838619e+00 0.000000e+00
834 5.304496e-01 1.838720e+00 0.000000e+00
835 4.582179e-01 1.838734e+00 0.000000e+00
836 7.109261e-01 1.777174e+00 0.000000e+00
837 6.748096e-01 1.714835e+00 0.000000e+00
838 7.470761e-01 1.714832e+00 0.000000e+00
839 1.698106e-01 1.464186e+00 0.000000e+00
840 1.345789e-01 1.525597e+00 0.000000e+00
841 2.412695e-01 1.589670e+00 0.000000e+00
842 1.693902e-01 1.589241e+00 0.000000e+00
843 2.051636e-01 1.652248e+00 0.000000e+00
844 9.987815e-02 1.586267e+00 0.000000e+00
845 5.866082e-02 1.651141e+00 0.000000e+00
846 3.135071e-01 1.714861e+00 0.000000e+00
847 2.412784e-01 1.714888e+00 0.000000e+00
848 2.774351e-01 1.777359e+00 0.000000e+00
849 3.861899e-01 1.838629e+00 0.000000e+00
850 3.141385e-01 1.838755e+00 0.000000e+00
851 2.416453e-01 1.838942e+00 0.000000e+00
852 1.696163e-01 1.839021e+00 0.000000e+00
853 4.316974e-02 1.728981e+00 0.000000e+00
854 1.013503e-01 1.840146e+00 0.000000e+00
855 4.524661e-02 1.843982e+00 0.000000e+00
856 1.345458e-01 1.778376e+00 0.000000e+00
857 9.992719e-02 1.717492e+00 0.000000e+00
858 1.695477e-01 1.715275e+00 0.000000e+00
859 4.219658e-01 1.777145e+00 0.000000e+00
860 3.857738e-01 1.714833e+00 0.000000e+00
861 3.496306e-01 1.652292e+00 0.000000e+00
862 4.580342e-01 1.714829e+00 0.000000e+00
863 4.941561e-01 1.652291e+00 0.000000e+00
864 3.135006e-01 1.589711e+00 0.000000e+00
865 2.773869e-01 1.527112e+00 0.000000e+00
866 2.413738e-01 1.464494e+00 0.000000e+00
867 3.135144e-01 1.464544e+00 0.000000e+00
868 3.857615e-01 1.464552e+00 0.000000e+00
869 5.302867e-01 1.589716e+00 0.000000e+00
870 5.664183e-01 1.527135e+00 0.000000e+00
871 4.580231e-01 1.464553e+00 0.000000e+00
872 5.302865e-01 1.464553e+00 0.000000e+00
873 6.025501e-01 1.464553e+00 0.000000e+00
874 4.218914e-01 1.527135e+00 0.000000e+00
875 4.580231e-01 1.589716e+00 0.000000e+00
876 3.857602e-01 1.589716e+00 0.000000e+00
877 1.000010e+00 1.777155e+00 0.000000e+00
878 9.638701e-01 1.714833e+00 0.000000e+00
879 9.277368e-01 1.652292e+00 0.000000e+00
880 1.036135e+00 1.714830e+00 0.000000e+00
881 1.072264e+00 1.652291e+00 0.000000e+00
882 8.916046e-01 1.589716e+00 0.000000e+00
883 8.554728e-01 1.527135e+00 0.000000e+00
884 8.193410e-01 1.464553e+00 0.000000e+00
885 7.832092e-01 1.401971e+00 0.000000e+00
886 8.916046e-01 1.464553e+00 0.000000e+00
887 9.638682e-01 1.464553e+00 0.000000e+00
888 9.277364e-01 1.401971e+00 0.000000e+00
889 1.108395e+00 1.589716e+00 0.000000e+00
890 1.144527e+00 1.527135e+00 0.000000e+00
891 1.036132e+00 1.464553e+00 0.000000e+00
892 1.108395e+00 1.464553e+00 0.000000e+00
893 1.072264e+00 1.401971e+00 0.000000e+00
894 1.180659e+00 1.464553e+00 0.000000e+00
895 1.216791e+00 1.401971e+00 0.000000e+00
896 1.000000e+00 1.527135e+00 0.000000e+00
897 1.036132e+00 1.589716e+00 0.000000e+00
898 9.638683e-01 1.589716e+00 0.000000e+00
899 7.470774e-01 1.339389e+00 0.000000e+00
900 7.109455e-01 1.276807e+00 0.000000e+00
901 6.748137e-01 1.214225e+00 0.000000e+00
902 6.386819e-01 1.151642e+00 0.000000e+00
903 7.470774e-01 1.214225e+00 0.000000e+00
904 8.193410e-01 1.214225e+00 0.000000e+00
905 7.832092e-01 1.151642e+00 0.000000e+00
906 6.025501e-01 1.089060e+00 0.000000e+00
907 5.664183e-01 1.026478e+00 0.000000e+00
908 5.302865e-01 9.638961e-01 0.000000e+00
909 6.025501e-01 9.638961e-01 0.000000e+00
910 6.748137e-01 9.638961e-01 0.000000e+00
911 8.193410e-01 1.089060e+00 0.000000e+00
912 8.916046e-01 1.089060e+00 0.000000e+00
913 8.554728e-01 1.026478e+00 0.000000e+00
914 7.470774e-01 9.638961e-01 0.000000e+00
915 8.193410e-01 9.638961e-01 0.000000e+00
916 8.916046e-01 9.638961e-01 0.000000e+00
917 9.638682e-01 9.638961e-01 0.000000e+00
918 7.109455e-01 1.026478e+00 0.000000e+00
919 7.470774e-01 1.089060e+00 0.000000e+00
920 6.748137e-01 1.089060e+00 0.000000e+00
921 1.252923e+00 1.339389e+00 0.000000e+00
922 1.289054e+00 1.276807e+00 0.000000e+00
923 1.180659e+00 1.214225e+00 0.000000e+00
924 1.252923e+00 1.214225e+00 0.000000e+00
925 1.216791e+00 1.151642e+00 0.000000e+00
926 1.325186e+00 1.214225e+00 0.000000e+00
927 1.361318e+00 1.151642e+00 0.000000e+00
928 1.108395e+00 1.089060e+00 0.000000e+00
929 1.180659e+00 1.089060e+00 0.000000e+00
930 1.144527e+00 1.026478e+00 0.000000e+00
931 1.036132e+00 9.638961e-01 0.000000e+00
932 1.108395e+00 9.638961e-01 0.000000e+00
933 1.180659e+00 9.638961e-01 0.000000e+00
934 1.252923e+00 9.638961e-01 0.000000e+00
935 1.397450e+00 1.089060e+00 0.000000e+00
936 1.433582e+00 1.026478e+00 0.000000e+00
937 1.325186e+00 9.638961e-01 0.000000e+00
938 1.397450e+00 9.638961e-01 0.000000e+00
939 1.469713e+00 9.638961e-01 0.000000e+00
940 1.289054e+00 1.026478e+00 0.000000e+00
941 1.325186e+00 1.089060e+00 0.000000e+00
942 1.252923e+00 1.089060e+00 0.000000e+00
943 1.000000e+00 1.026478e+00 0.000000e+00
944 1.036132e+00 1.089060e+00 0.000000e+00
945 1.072264e+00 1.151642e+00 0.000000e+00
946 9.638682e-01 1.089060e+00 0.000000e+00
947 9.277364e-01 1.151642e+00 0.000000e+00
948 1.108395e+00 1.214225e+00 0.000000e+00
949 1.144527e+00 1.276807e+00 0.000000e+00
950 1.180659e+00 1.339389e+00 0.000000e+00
951 1.108395e+00 1.339389e+00 0.000000e+00
952 1.036132e+00 1.339389e+00 0.000000e+00
953 8.916046e-01 1.214225e+00 0.000000e+00
954 8.554728e-01 1.276807e+00 0.000000e+00
955 9.638682e-01 1.339389e+00 0.000000e+00
956 8.916046e-01 1.339389e+00 0.000000e+00
957 8.193410e-01 1.339389e+00 0.000000e+00
958 1.000000e+00 1.276807e+00 0.000000e+00
959 9.638682e-01 1.214225e+00 0.000000e+00
960 1.036132e+00 1.214225e+00 0.000000e+00
1 102 1 5 
2 102 5 6 
3 102 6 7 
4 102 7 8 
5 102 8 9 
6 102 9 10 
7 102 10 11 
8 102 11 12 
9 102 12 13 
10 102 13 14 
11 102 14 15 
12 102 15 16 
13 102 16 17 
14 102 17 18 
15 102 18 19 
16 102 19 20 
17 102 20 21 
18 102 21 22 
19 102 22 23 
20 102 23 2 
21 102 2 24 
22 102 24 25 
23 102 25 26 
24 102 26 27 
25 102 27 28 
26 102 28 29 
27 102 29 30 
28 102 30 31 
29 102 31 32 
30 102 32 33 
31 102 33 34 
32 102 34 35 
33 102 35 36 
34 102 36 37 
35 102 37 38 
36 102 38 39 
37 102 39 40 
38 102 40 41 
39 102 41 42 
40 102 42 3 
41 102 3 43 
42 102 43 44 
43 102 44 45 
44 102 45 46 
45 102 46 47 
46 102 47 48 
47 102 48 49 
48 102 49 50 
49 102 50 51 
50 102 51 52 
51 102 52 53 
52 102 53 54 
53 102 54 55 
54 102 55 56 
55 102 56 57 
56 102 57 58 
57 102 58 59 
58 102 59 60 
59 102 60 61 
60 102 61 4 
61 102 4 62 
62 102 62 63 
63 102 63 64 
64 102 64 65 
65 102 65 66 
66 102 66 67 
67 102 67 68 
68 102 68 69 
69 102 69 70 
70 102 70 71 
71 102 71 72 
72 102 72 73 
73 102 73 74 
74 102 74 75 
75 102 75 76 
76 102 76 77 
77 102 77 78 
78 102 78 79 
79 102 79 80 
80 102 80 1 
81 203 61 298 297 
82 203 299 62 297 
83 203 103 299 298 
84 203 297 298 299 
85 203 297 4 61 
86 203 302 103 300 
87 203 301 300 60 
88 203 59 301 60 
89 203 133 302 301 
90 203 300 301 302 
91 203 303 59 58 
92 203 305 133 303 
93 203 94 305 304 
94 203 303 304 305 
95 203 301 303 133 
96 203 58 304 303 
97 203 303 301 59 
98 203 298 300 103 
99 203 298 61 300 
100 203 60 300 61 
101 203 308 94 306 
102 203 307 306 57 
103 203 134 308 307 
104 203 306 307 308 
105 203 309 56 310 
106 203 311 134 309 
107 203 95 311 310 
108 203 309 310 311 
109 203 307 309 134 
110 203 56 307 57 
111 203 55 310 56 
112 203 309 307 56 
113 203 314 95 312 
114 203 135 314 313 
115 203 312 313 314 
116 203 315 53 316 
117 203 317 135 315 
118 203 93 317 316 
119 203 315 316 317 
120 203 313 315 135 
121 203 315 313 53 
122 203 52 316 53 
123 203 54 53 313 
124 203 313 312 54 
125 203 310 312 95 
126 203 312 310 55 
127 203 54 312 55 
128 203 304 306 94 
129 203 304 58 306 
130 203 57 306 58 
131 203 320 93 318 
132 203 136 320 319 
133 203 318 319 320 
134 203 321 50 322 
135 203 323 136 321 
136 203 97 323 322 
137 203 321 322 323 
138 203 319 321 136 
139 203 50 321 51 
140 203 49 322 50 
141 203 319 51 321 
142 203 319 318 51 
143 203 326 97 324 
144 203 137 326 325 
145 203 324 325 326 
146 203 329 137 327 
147 203 328 327 47 
148 203 46 328 47 
149 203 96 329 328 
150 203 327 328 329 
151 203 325 327 137 
152 203 325 48 327 
153 203 47 327 48 
154 203 325 324 48 
155 203 322 324 97 
156 203 48 324 49 
157 203 324 322 49 
158 203 46 45 331 
159 203 332 96 330 
160 203 138 332 331 
161 203 330 331 332 
162 203 335 138 333 
163 203 334 333 44 
164 203 104 335 334 
165 203 333 334 335 
166 203 331 333 138 
167 203 331 45 333 
168 203 44 333 45 
169 203 337 336 43 
170 203 338 104 336 
171 203 336 337 338 
172 203 334 336 104 
173 203 42 337 3 
174 203 43 334 44 
175 203 43 3 337 
176 203 336 334 43 
177 203 328 330 96 
178 203 331 330 46 
179 203 330 328 46 
180 203 316 318 93 
181 203 51 318 52 
182 203 318 316 52 
183 203 64 845 65 
184 203 66 65 339 
185 203 341 340 139 
186 203 342 67 340 
187 203 92 342 341 
188 203 340 341 342 
189 203 340 66 139 
190 203 339 139 66 
191 203 344 343 92 
192 203 345 140 343 
193 203 141 345 344 
194 203 343 344 345 
195 203 347 346 140 
196 203 69 346 348 
197 203 142 348 347 
198 203 346 347 348 
199 203 350 349 141 
200 203 351 142 349 
201 203 105 351 350 
202 203 349 350 351 
203 203 347 349 142 
204 203 345 141 349 
205 203 140 345 347 
206 203 349 347 345 
207 203 348 70 69 
208 203 71 70 352 
209 203 354 353 143 
210 203 355 72 353 
211 203 106 355 354 
212 203 353 354 355 
213 203 353 71 143 
214 203 357 356 105 
215 203 352 143 71 
216 203 358 144 356 
217 203 145 358 357 
218 203 356 357 358 
219 203 360 359 144 
220 203 361 106 359 
221 203 146 361 360 
222 203 359 360 361 
223 203 363 362 145 
224 203 364 146 362 
225 203 86 364 363 
226 203 362 363 364 
227 203 360 362 146 
228 203 358 145 362 
229 203 144 358 360 
230 203 362 360 358 
231 203 354 359 106 
232 203 365 144 359 
233 203 143 365 354 
234 203 359 354 365 
235 203 366 356 144 
236 203 351 105 356 
237 203 142 351 366 
238 203 356 366 351 
239 203 352 367 143 
240 203 348 142 367 
241 203 352 70 348 
242 203 367 352 348 
243 203 366 367 142 
244 203 365 143 367 
245 203 144 365 366 
246 203 367 366 365 
247 203 346 69 68 
248 203 68 140 346 
249 203 368 343 140 
250 203 342 92 343 
251 203 343 368 342 
252 203 66 340 67 
253 203 342 368 67 
254 203 67 368 68 
255 203 368 140 68 
256 203 370 369 86 
257 203 371 147 369 
258 203 148 371 370 
259 203 369 370 371 
260 203 373 372 147 
261 203 374 107 372 
262 203 149 374 373 
263 203 372 373 374 
264 203 376 375 148 
265 203 377 149 375 
266 203 108 377 376 
267 203 375 376 377 
268 203 373 375 149 
269 203 371 148 375 
270 203 147 371 373 
271 203 375 373 371 
272 203 379 378 107 
273 203 380 150 378 
274 203 151 380 379 
275 203 378 379 380 
276 203 382 381 150 
277 203 383 87 381 
278 203 152 383 382 
279 203 381 382 383 
280 203 385 384 151 
281 203 386 152 384 
282 203 109 386 385 
283 203 384 385 386 
284 203 382 384 152 
285 203 380 151 384 
286 203 150 380 382 
287 203 384 382 380 
288 203 388 387 108 
289 203 389 153 387 
290 203 154 389 388 
291 203 387 388 389 
292 203 391 390 153 
293 203 392 109 390 
294 203 155 392 391 
295 203 390 391 392 
296 203 394 393 154 
297 203 395 155 393 
298 203 88 395 394 
299 203 393 394 395 
300 203 391 393 155 
301 203 389 154 393 
302 203 153 389 391 
303 203 393 391 389 
304 203 385 390 109 
305 203 396 153 390 
306 203 151 396 385 
307 203 390 385 396 
308 203 397 387 153 
309 203 377 108 387 
310 203 149 377 397 
311 203 387 397 377 
312 203 379 398 151 
313 203 374 149 398 
314 203 107 374 379 
315 203 398 379 374 
316 203 397 398 149 
317 203 396 151 398 
318 203 153 396 397 
319 203 398 397 396 
320 203 400 399 87 
321 203 401 156 399 
322 203 157 401 400 
323 203 399 400 401 
324 203 403 402 156 
325 203 158 404 403 
326 203 402 403 404 
327 203 406 405 157 
328 203 407 158 405 
329 203 91 407 406 
330 203 405 406 407 
331 203 403 405 158 
332 203 401 157 405 
333 203 156 401 403 
334 203 405 403 401 
335 203 79 404 80 
336 203 1 80 408 
337 203 410 409 91 
338 203 408 159 1 
339 203 411 160 409 
340 203 161 411 410 
341 203 409 410 411 
342 203 5 412 6 
343 203 160 411 6 
344 203 411 161 7 
345 203 6 411 7 
346 203 160 6 412 
347 203 159 412 5 
348 203 1 159 5 
349 203 413 409 160 
350 203 407 91 409 
351 203 158 407 413 
352 203 409 413 407 
353 203 408 414 159 
354 203 404 158 414 
355 203 408 80 404 
356 203 414 408 404 
357 203 413 414 158 
358 203 412 159 414 
359 203 160 412 413 
360 203 414 413 412 
361 203 416 415 88 
362 203 417 162 415 
363 203 163 417 416 
364 203 415 416 417 
365 203 419 418 162 
366 203 420 89 418 
367 203 164 420 419 
368 203 418 419 420 
369 203 422 421 163 
370 203 423 164 421 
371 203 90 423 422 
372 203 421 422 423 
373 203 419 421 164 
374 203 417 163 421 
375 203 162 417 419 
376 203 421 419 417 
377 203 425 424 89 
378 203 426 165 424 
379 203 166 426 425 
380 203 424 425 426 
381 203 9 8 433 
382 203 165 426 9 
383 203 426 166 10 
384 203 9 426 10 
385 203 428 427 90 
386 203 429 167 427 
387 203 168 429 428 
388 203 427 428 429 
389 203 12 11 167 
390 203 429 168 13 
391 203 12 429 13 
392 203 167 429 12 
393 203 430 167 11 
394 203 166 430 11 
395 203 431 427 167 
396 203 11 10 166 
397 203 423 90 427 
398 203 164 423 431 
399 203 427 431 423 
400 203 425 432 166 
401 203 420 164 432 
402 203 89 420 425 
403 203 432 425 420 
404 203 431 432 164 
405 203 430 166 432 
406 203 167 430 431 
407 203 432 431 430 
408 203 433 165 9 
409 203 161 433 8 
410 203 7 161 8 
411 203 434 424 165 
412 203 435 89 424 
413 203 169 435 434 
414 203 424 434 435 
415 203 410 436 161 
416 203 437 169 436 
417 203 91 437 410 
418 203 436 410 437 
419 203 434 436 169 
420 203 433 161 436 
421 203 165 433 434 
422 203 436 434 433 
423 203 438 418 89 
424 203 439 162 418 
425 203 170 439 438 
426 203 418 438 439 
427 203 440 415 162 
428 203 395 88 415 
429 203 155 395 440 
430 203 415 440 395 
431 203 442 441 170 
432 203 392 155 441 
433 203 109 392 442 
434 203 441 442 392 
435 203 440 441 155 
436 203 439 170 441 
437 203 162 439 440 
438 203 441 440 439 
439 203 406 443 91 
440 203 444 171 443 
441 203 157 444 406 
442 203 443 406 444 
443 203 446 445 171 
444 203 386 109 445 
445 203 152 386 446 
446 203 445 446 386 
447 203 400 447 157 
448 203 383 152 447 
449 203 87 383 400 
450 203 447 400 383 
451 203 446 447 152 
452 203 444 157 447 
453 203 171 444 446 
454 203 447 446 444 
455 203 442 445 109 
456 203 448 171 445 
457 203 170 448 442 
458 203 445 442 448 
459 203 449 443 171 
460 203 437 91 443 
461 203 169 437 449 
462 203 443 449 437 
463 203 438 450 170 
464 203 435 169 450 
465 203 89 435 438 
466 203 450 438 435 
467 203 449 450 169 
468 203 448 170 450 
469 203 171 448 449 
470 203 450 449 448 
471 203 402 79 78 
472 203 402 404 79 
473 203 78 156 402 
474 203 451 399 156 
475 203 452 87 399 
476 203 399 451 452 
477 203 76 471 77 
478 203 452 451 77 
479 203 77 451 78 
480 203 451 156 78 
481 203 453 381 87 
482 203 454 150 381 
483 203 172 454 453 
484 203 381 453 454 
485 203 455 378 150 
486 203 456 107 378 
487 203 173 456 455 
488 203 378 455 456 
489 203 458 457 172 
490 203 459 173 457 
491 203 458 75 459 
492 203 457 458 459 
493 203 455 457 173 
494 203 454 172 457 
495 203 150 454 455 
496 203 457 455 454 
497 203 460 372 107 
498 203 461 147 372 
499 203 174 461 460 
500 203 372 460 461 
501 203 462 369 147 
502 203 364 86 369 
503 203 146 364 462 
504 203 369 462 364 
505 203 464 463 174 
506 203 361 146 463 
507 203 106 361 464 
508 203 463 464 361 
509 203 462 463 146 
510 203 461 174 463 
511 203 147 461 462 
512 203 463 462 461 
513 203 465 74 73 
514 203 465 459 74 
515 203 73 175 465 
516 203 467 466 175 
517 203 355 106 466 
518 203 466 467 355 
519 203 71 353 72 
520 203 355 467 72 
521 203 464 466 106 
522 203 72 467 73 
523 203 467 175 73 
524 203 468 175 466 
525 203 174 468 464 
526 203 466 464 468 
527 203 469 465 175 
528 203 173 459 469 
529 203 465 469 459 
530 203 460 470 174 
531 203 456 173 470 
532 203 107 456 460 
533 203 470 460 456 
534 203 469 470 173 
535 203 468 174 470 
536 203 175 468 469 
537 203 470 469 468 
538 203 74 459 75 
539 203 76 75 458 
540 203 453 471 172 
541 203 452 77 471 
542 203 87 452 453 
543 203 471 453 452 
544 203 471 76 172 
545 203 458 172 76 
546 203 472 39 38 
547 203 472 726 39 
548 203 38 176 472 
549 203 474 473 176 
550 203 475 98 473 
551 203 473 474 475 
552 203 37 474 38 
553 203 474 176 38 
554 203 477 476 98 
555 203 478 177 476 
556 203 178 478 477 
557 203 476 477 478 
558 203 480 479 177 
559 203 481 110 479 
560 203 179 481 480 
561 203 479 480 481 
562 203 483 482 178 
563 203 484 179 482 
564 203 483 35 484 
565 203 482 483 484 
566 203 480 482 179 
567 203 478 178 482 
568 203 177 478 480 
569 203 482 480 478 
570 203 486 485 110 
571 203 487 180 485 
572 203 181 487 486 
573 203 485 486 487 
574 203 489 488 180 
575 203 490 81 488 
576 203 182 490 489 
577 203 488 489 490 
578 203 492 491 181 
579 203 493 182 491 
580 203 111 493 492 
581 203 491 492 493 
582 203 489 491 182 
583 203 487 181 491 
584 203 180 487 489 
585 203 491 489 487 
586 203 494 34 33 
587 203 494 484 34 
588 203 33 183 494 
589 203 496 495 183 
590 203 497 111 495 
591 203 495 496 497 
592 203 492 495 111 
593 203 32 496 33 
594 203 496 183 33 
595 203 498 183 495 
596 203 181 498 492 
597 203 495 492 498 
598 203 499 494 183 
599 203 179 484 499 
600 203 494 499 484 
601 203 486 500 181 
602 203 481 179 500 
603 203 110 481 486 
604 203 500 486 481 
605 203 499 500 179 
606 203 498 181 500 
607 203 183 498 499 
608 203 500 499 498 
609 203 34 484 35 
610 203 36 35 483 
611 203 477 501 178 
612 203 98 475 477 
613 203 475 474 37 
614 203 501 475 37 
615 203 501 477 475 
616 203 36 501 37 
617 203 501 36 178 
618 203 483 178 36 
619 203 503 502 81 
620 203 504 184 502 
621 203 185 504 503 
622 203 502 503 504 
623 203 506 505 184 
624 203 507 112 505 
625 203 186 507 506 
626 203 505 506 507 
627 203 509 508 185 
628 203 510 186 508 
629 203 113 510 509 
630 203 508 509 510 
631 203 506 508 186 
632 203 504 185 508 
633 203 184 504 506 
634 203 508 506 504 
635 203 512 511 112 
636 203 513 187 511 
637 203 188 513 512 
638 203 511 512 513 
639 203 515 514 187 
640 203 516 82 514 
641 203 189 516 515 
642 203 514 515 516 
643 203 518 517 188 
644 203 519 189 517 
645 203 114 519 518 
646 203 517 518 519 
647 203 515 517 189 
648 203 513 188 517 
649 203 187 513 515 
650 203 517 515 513 
651 203 521 520 113 
652 203 522 190 520 
653 203 191 522 521 
654 203 520 521 522 
655 203 524 523 190 
656 203 525 114 523 
657 203 192 525 524 
658 203 523 524 525 
659 203 527 526 191 
660 203 528 192 526 
661 203 83 528 527 
662 203 526 527 528 
663 203 524 526 192 
664 203 522 191 526 
665 203 190 522 524 
666 203 526 524 522 
667 203 518 523 114 
668 203 529 190 523 
669 203 188 529 518 
670 203 523 518 529 
671 203 530 520 190 
672 203 510 113 520 
673 203 186 510 530 
674 203 520 530 510 
675 203 512 531 188 
676 203 507 186 531 
677 203 112 507 512 
678 203 531 512 507 
679 203 530 531 186 
680 203 529 188 531 
681 203 190 529 530 
682 203 531 530 529 
683 203 533 532 82 
684 203 534 193 532 
685 203 194 534 533 
686 203 532 533 534 
687 203 536 535 193 
688 203 537 84 535 
689 203 195 537 536 
690 203 535 536 537 
691 203 539 538 194 
692 203 540 195 538 
693 203 85 540 539 
694 203 538 539 540 
695 203 536 538 195 
696 203 534 194 538 
697 203 193 534 536 
698 203 538 536 534 
699 203 542 541 84 
700 203 543 196 541 
701 203 197 543 542 
702 203 541 542 543 
703 203 14 196 15 
704 203 543 197 16 
705 203 15 543 16 
706 203 196 543 15 
707 203 545 544 85 
708 203 546 198 544 
709 203 199 546 545 
710 203 544 545 546 
711 203 18 546 19 
712 203 199 19 546 
713 203 198 546 18 
714 203 17 198 18 
715 203 16 197 17 
716 203 548 544 198 
717 203 547 17 197 
718 203 547 198 17 
719 203 540 85 544 
720 203 195 540 548 
721 203 544 548 540 
722 203 542 549 197 
723 203 537 195 549 
724 203 84 537 542 
725 203 549 542 537 
726 203 548 549 195 
727 203 547 197 549 
728 203 198 547 548 
729 203 549 548 547 
730 203 551 550 83 
731 203 552 200 550 
732 203 201 552 551 
733 203 550 551 552 
734 203 554 553 200 
735 203 555 99 553 
736 203 202 555 554 
737 203 553 554 555 
738 203 557 556 201 
739 203 558 202 556 
740 203 558 557 25 
741 203 556 557 558 
742 203 554 556 202 
743 203 552 201 556 
744 203 200 552 554 
745 203 556 554 552 
746 203 560 559 99 
747 203 561 203 559 
748 203 204 561 560 
749 203 559 560 561 
750 203 21 561 22 
751 203 204 563 22 
752 203 204 22 561 
753 203 203 561 21 
754 203 20 203 21 
755 203 562 24 2 
756 203 562 558 24 
757 203 2 205 562 
758 203 23 205 2 
759 203 563 205 23 
760 203 22 563 23 
761 203 564 562 205 
762 203 202 558 564 
763 203 562 564 558 
764 203 560 565 204 
765 203 555 202 565 
766 203 99 555 560 
767 203 565 560 555 
768 203 564 565 202 
769 203 563 204 565 
770 203 205 563 564 
771 203 565 564 563 
772 203 19 199 566 
773 203 566 203 20 
774 203 566 20 19 
775 203 567 559 203 
776 203 568 99 559 
777 203 206 568 567 
778 203 559 567 568 
779 203 545 569 199 
780 203 570 206 569 
781 203 85 570 545 
782 203 569 545 570 
783 203 567 569 206 
784 203 566 199 569 
785 203 203 566 567 
786 203 569 567 566 
787 203 571 553 99 
788 203 572 200 553 
789 203 207 572 571 
790 203 553 571 572 
791 203 573 550 200 
792 203 528 83 550 
793 203 192 528 573 
794 203 550 573 528 
795 203 575 574 207 
796 203 525 192 574 
797 203 114 525 575 
798 203 574 575 525 
799 203 573 574 192 
800 203 572 207 574 
801 203 200 572 573 
802 203 574 573 572 
803 203 539 576 85 
804 203 577 208 576 
805 203 194 577 539 
806 203 576 539 577 
807 203 579 578 208 
808 203 519 114 578 
809 203 189 519 579 
810 203 578 579 519 
811 203 533 580 194 
812 203 516 189 580 
813 203 82 516 533 
814 203 580 533 516 
815 203 579 580 189 
816 203 577 194 580 
817 203 208 577 579 
818 203 580 579 577 
819 203 575 578 114 
820 203 581 208 578 
821 203 207 581 575 
822 203 578 575 581 
823 203 582 576 208 
824 203 570 85 576 
825 203 206 570 582 
826 203 576 582 570 
827 203 571 583 207 
828 203 568 206 583 
829 203 99 568 571 
830 203 583 571 568 
831 203 582 583 206 
832 203 581 207 583 
833 203 208 581 582 
834 203 583 582 581 
835 203 25 24 558 
836 203 26 25 557 
837 203 551 584 201 
838 203 83 585 551 
839 203 585 604 27 
840 203 26 584 27 
841 203 584 585 27 
842 203 584 551 585 
843 203 584 26 201 
844 203 557 201 26 
845 203 527 586 83 
846 203 587 209 586 
847 203 191 587 527 
848 203 586 527 587 
849 203 589 588 209 
850 203 210 590 589 
851 203 588 589 590 
852 203 521 591 191 
853 203 592 210 591 
854 203 113 592 521 
855 203 591 521 592 
856 203 589 591 210 
857 203 587 191 591 
858 203 209 587 589 
859 203 591 589 587 
860 203 29 590 30 
861 203 31 30 593 
862 203 595 594 211 
863 203 111 497 595 
864 203 497 496 32 
865 203 31 594 32 
866 203 594 497 32 
867 203 594 595 497 
868 203 594 31 211 
869 203 509 596 113 
870 203 593 211 31 
871 203 597 212 596 
872 203 185 597 509 
873 203 596 509 597 
874 203 599 598 212 
875 203 493 111 598 
876 203 182 493 599 
877 203 598 599 493 
878 203 503 600 185 
879 203 490 182 600 
880 203 81 490 503 
881 203 600 503 490 
882 203 599 600 182 
883 203 597 185 600 
884 203 212 597 599 
885 203 600 599 597 
886 203 595 598 111 
887 203 601 212 598 
888 203 211 601 595 
889 203 598 595 601 
890 203 602 596 212 
891 203 592 113 596 
892 203 210 592 602 
893 203 596 602 592 
894 203 593 603 211 
895 203 590 210 603 
896 203 593 30 590 
897 203 603 593 590 
898 203 602 603 210 
899 203 601 211 603 
900 203 212 601 602 
901 203 603 602 601 
902 203 588 29 28 
903 203 588 590 29 
904 203 28 209 588 
905 203 604 586 209 
906 203 585 83 586 
907 203 586 604 585 
908 203 27 604 28 
909 203 604 209 28 
910 203 605 14 168 
911 203 606 541 196 
912 203 13 168 14 
913 203 605 196 14 
914 203 607 84 541 
915 203 213 607 606 
916 203 541 606 607 
917 203 428 608 168 
918 203 609 213 608 
919 203 90 609 428 
920 203 608 428 609 
921 203 606 608 213 
922 203 605 168 608 
923 203 196 605 606 
924 203 608 606 605 
925 203 610 535 84 
926 203 611 193 535 
927 203 214 611 610 
928 203 535 610 611 
929 203 612 532 193 
930 203 613 82 532 
931 203 215 613 612 
932 203 532 612 613 
933 203 615 614 214 
934 203 616 215 614 
935 203 115 616 615 
936 203 614 615 616 
937 203 612 614 215 
938 203 611 214 614 
939 203 193 611 612 
940 203 614 612 611 
941 203 422 617 90 
942 203 618 216 617 
943 203 163 618 422 
944 203 617 422 618 
945 203 620 619 216 
946 203 621 115 619 
947 203 217 621 620 
948 203 619 620 621 
949 203 416 622 163 
950 203 623 217 622 
951 203 88 623 416 
952 203 622 416 623 
953 203 620 622 217 
954 203 618 163 622 
955 203 216 618 620 
956 203 622 620 618 
957 203 615 619 115 
958 203 624 216 619 
959 203 214 624 615 
960 203 619 615 624 
961 203 625 617 216 
962 203 609 90 617 
963 203 213 609 625 
964 203 617 625 609 
965 203 610 626 214 
966 203 607 213 626 
967 203 84 607 610 
968 203 626 610 607 
969 203 625 626 213 
970 203 624 214 626 
971 203 216 624 625 
972 203 626 625 624 
973 203 627 514 82 
974 203 628 187 514 
975 203 218 628 627 
976 203 514 627 628 
977 203 629 511 187 
978 203 630 112 511 
979 203 219 630 629 
980 203 511 629 630 
981 203 632 631 218 
982 203 633 219 631 
983 203 116 633 632 
984 203 631 632 633 
985 203 629 631 219 
986 203 628 218 631 
987 203 187 628 629 
988 203 631 629 628 
989 203 634 505 112 
990 203 635 184 505 
991 203 220 635 634 
992 203 505 634 635 
993 203 636 502 184 
994 203 637 81 502 
995 203 221 637 636 
996 203 502 636 637 
997 203 639 638 220 
998 203 640 221 638 
999 203 117 640 639 
1000 203 638 639 640 
1001 203 636 638 221 
1002 203 635 220 638 
1003 203 184 635 636 
1004 203 638 636 635 
1005 203 642 641 116 
1006 203 643 222 641 
1007 203 223 643 642 
1008 203 641 642 643 
1009 203 645 644 222 
1010 203 646 117 644 
1011 203 224 646 645 
1012 203 644 645 646 
1013 203 648 647 223 
1014 203 649 224 647 
1015 203 100 649 648 
1016 203 647 648 649 
1017 203 645 647 224 
1018 203 643 223 647 
1019 203 222 643 645 
1020 203 647 645 643 
1021 203 639 644 117 
1022 203 650 222 644 
1023 203 220 650 639 
1024 203 644 639 650 
1025 203 651 641 222 
1026 203 633 116 641 
1027 203 219 633 651 
1028 203 641 651 633 
1029 203 634 652 220 
1030 203 630 219 652 
1031 203 112 630 634 
1032 203 652 634 630 
1033 203 651 652 219 
1034 203 650 220 652 
1035 203 222 650 651 
1036 203 652 651 650 
1037 203 394 653 88 
1038 203 654 225 653 
1039 203 154 654 394 
1040 203 653 394 654 
1041 203 656 655 225 
1042 203 657 118 655 
1043 203 226 657 656 
1044 203 655 656 657 
1045 203 388 658 154 
1046 203 659 226 658 
1047 203 108 659 388 
1048 203 658 388 659 
1049 203 656 658 226 
1050 203 654 154 658 
1051 203 225 654 656 
1052 203 658 656 654 
1053 203 661 660 118 
1054 203 662 227 660 
1055 203 228 662 661 
1056 203 660 661 662 
1057 203 664 663 227 
1058 203 665 100 663 
1059 203 229 665 664 
1060 203 663 664 665 
1061 203 667 666 228 
1062 203 668 229 666 
1063 203 119 668 667 
1064 203 666 667 668 
1065 203 664 666 229 
1066 203 662 228 666 
1067 203 227 662 664 
1068 203 666 664 662 
1069 203 376 669 108 
1070 203 670 230 669 
1071 203 148 670 376 
1072 203 669 376 670 
1073 203 672 671 230 
1074 203 673 119 671 
1075 203 231 673 672 
1076 203 671 672 673 
1077 203 370 674 148 
1078 203 675 231 674 
1079 203 86 675 370 
1080 203 674 370 675 
1081 203 672 674 231 
1082 203 670 148 674 
1083 203 230 670 672 
1084 203 674 672 670 
1085 203 667 671 119 
1086 203 676 230 671 
1087 203 228 676 667 
1088 203 671 667 676 
1089 203 677 669 230 
1090 203 659 108 669 
1091 203 226 659 677 
1092 203 669 677 659 
1093 203 661 678 228 
1094 203 657 226 678 
1095 203 118 657 661 
1096 203 678 661 657 
1097 203 677 678 226 
1098 203 676 228 678 
1099 203 230 676 677 
1100 203 678 677 676 
1101 203 648 663 100 
1102 203 679 227 663 
1103 203 223 679 648 
1104 203 663 648 679 
1105 203 680 660 227 
1106 203 681 118 660 
1107 203 232 681 680 
1108 203 660 680 681 
1109 203 642 682 223 
1110 203 683 232 682 
1111 203 116 683 642 
1112 203 682 642 683 
1113 203 680 682 232 
1114 203 679 223 682 
1115 203 227 679 680 
1116 203 682 680 679 
1117 203 684 655 118 
1118 203 685 225 655 
1119 203 233 685 684 
1120 203 655 684 685 
1121 203 686 653 225 
1122 203 623 88 653 
1123 203 217 623 686 
1124 203 653 686 623 
1125 203 688 687 233 
1126 203 621 217 687 
1127 203 115 621 688 
1128 203 687 688 621 
1129 203 686 687 217 
1130 203 685 233 687 
1131 203 225 685 686 
1132 203 687 686 685 
1133 203 632 689 116 
1134 203 690 234 689 
1135 203 218 690 632 
1136 203 689 632 690 
1137 203 692 691 234 
1138 203 616 115 691 
1139 203 215 616 692 
1140 203 691 692 616 
1141 203 627 693 218 
1142 203 613 215 693 
1143 203 82 613 627 
1144 203 693 627 613 
1145 203 692 693 215 
1146 203 690 218 693 
1147 203 234 690 692 
1148 203 693 692 690 
1149 203 688 691 115 
1150 203 694 234 691 
1151 203 233 694 688 
1152 203 691 688 694 
1153 203 695 689 234 
1154 203 683 116 689 
1155 203 232 683 695 
1156 203 689 695 683 
1157 203 684 696 233 
1158 203 681 232 696 
1159 203 118 681 684 
1160 203 696 684 681 
1161 203 695 696 232 
1162 203 694 233 696 
1163 203 234 694 695 
1164 203 696 695 694 
1165 203 697 488 81 
1166 203 698 180 488 
1167 203 235 698 697 
1168 203 488 697 698 
1169 203 699 485 180 
1170 203 700 110 485 
1171 203 236 700 699 
1172 203 485 699 700 
1173 203 702 701 235 
1174 203 703 236 701 
1175 203 120 703 702 
1176 203 701 702 703 
1177 203 699 701 236 
1178 203 698 235 701 
1179 203 180 698 699 
1180 203 701 699 698 
1181 203 704 479 110 
1182 203 705 177 479 
1183 203 237 705 704 
1184 203 479 704 705 
1185 203 706 476 177 
1186 203 707 98 476 
1187 203 238 707 706 
1188 203 476 706 707 
1189 203 709 708 237 
1190 203 710 238 708 
1191 203 121 710 709 
1192 203 708 709 710 
1193 203 706 708 238 
1194 203 705 237 708 
1195 203 177 705 706 
1196 203 708 706 705 
1197 203 712 711 120 
1198 203 713 239 711 
1199 203 240 713 712 
1200 203 711 712 713 
1201 203 715 714 239 
1202 203 716 121 714 
1203 203 241 716 715 
1204 203 714 715 716 
1205 203 718 717 240 
1206 203 719 241 717 
1207 203 101 719 718 
1208 203 717 718 719 
1209 203 715 717 241 
1210 203 713 240 717 
1211 203 239 713 715 
1212 203 717 715 713 
1213 203 709 714 121 
1214 203 720 239 714 
1215 203 237 720 709 
1216 203 714 709 720 
1217 203 721 711 239 
1218 203 703 120 711 
1219 203 236 703 721 
1220 203 711 721 703 
1221 203 704 722 237 
1222 203 700 236 722 
1223 203 110 700 704 
1224 203 722 704 700 
1225 203 721 722 236 
1226 203 720 237 722 
1227 203 239 720 721 
1228 203 722 721 720 
1229 203 723 473 98 
1230 203 724 176 473 
1231 203 242 724 723 
1232 203 473 723 724 
1233 203 725 472 176 
1234 203 243 726 725 
1235 203 472 725 726 
1236 203 728 727 242 
1237 203 729 243 727 
1238 203 122 729 728 
1239 203 727 728 729 
1240 203 725 727 243 
1241 203 724 242 727 
1242 203 176 724 725 
1243 203 727 725 724 
1244 203 39 726 40 
1245 203 41 40 730 
1246 203 732 731 244 
1247 203 104 338 732 
1248 203 338 337 42 
1249 203 731 338 42 
1250 203 731 732 338 
1251 203 41 731 42 
1252 203 731 41 244 
1253 203 734 733 122 
1254 203 730 244 41 
1255 203 735 245 733 
1256 203 246 735 734 
1257 203 733 734 735 
1258 203 737 736 245 
1259 203 335 104 736 
1260 203 138 335 737 
1261 203 736 737 335 
1262 203 739 738 246 
1263 203 332 138 738 
1264 203 96 332 739 
1265 203 738 739 332 
1266 203 737 738 138 
1267 203 735 246 738 
1268 203 245 735 737 
1269 203 738 737 735 
1270 203 732 736 104 
1271 203 740 245 736 
1272 203 244 740 732 
1273 203 736 732 740 
1274 203 741 733 245 
1275 203 729 122 733 
1276 203 243 729 741 
1277 203 733 741 729 
1278 203 730 742 244 
1279 203 726 243 742 
1280 203 730 40 726 
1281 203 742 730 726 
1282 203 741 742 243 
1283 203 740 244 742 
1284 203 245 740 741 
1285 203 742 741 740 
1286 203 744 743 101 
1287 203 745 247 743 
1288 203 248 745 744 
1289 203 743 744 745 
1290 203 747 746 247 
1291 203 748 123 746 
1292 203 249 748 747 
1293 203 746 747 748 
1294 203 750 749 248 
1295 203 751 249 749 
1296 203 124 751 750 
1297 203 749 750 751 
1298 203 747 749 249 
1299 203 745 248 749 
1300 203 247 745 747 
1301 203 749 747 745 
1302 203 753 752 123 
1303 203 754 250 752 
1304 203 251 754 753 
1305 203 752 753 754 
1306 203 756 755 250 
1307 203 329 96 755 
1308 203 137 329 756 
1309 203 755 756 329 
1310 203 758 757 251 
1311 203 326 137 757 
1312 203 97 326 758 
1313 203 757 758 326 
1314 203 756 757 137 
1315 203 754 251 757 
1316 203 250 754 756 
1317 203 757 756 754 
1318 203 760 759 124 
1319 203 761 252 759 
1320 203 253 761 760 
1321 203 759 760 761 
1322 203 763 762 252 
1323 203 323 97 762 
1324 203 136 323 763 
1325 203 762 763 323 
1326 203 765 764 253 
1327 203 320 136 764 
1328 203 93 320 765 
1329 203 764 765 320 
1330 203 763 764 136 
1331 203 761 253 764 
1332 203 252 761 763 
1333 203 764 763 761 
1334 203 758 762 97 
1335 203 766 252 762 
1336 203 251 766 758 
1337 203 762 758 766 
1338 203 767 759 252 
1339 203 751 124 759 
1340 203 249 751 767 
1341 203 759 767 751 
1342 203 753 768 251 
1343 203 748 249 768 
1344 203 123 748 753 
1345 203 768 753 748 
1346 203 767 768 249 
1347 203 766 251 768 
1348 203 252 766 767 
1349 203 768 767 766 
1350 203 739 755 96 
1351 203 769 250 755 
1352 203 246 769 739 
1353 203 755 739 769 
1354 203 770 752 250 
1355 203 771 123 752 
1356 203 254 771 770 
1357 203 752 770 771 
1358 203 734 772 246 
1359 203 773 254 772 
1360 203 122 773 734 
1361 203 772 734 773 
1362 203 770 772 254 
1363 203 769 246 772 
1364 203 250 769 770 
1365 203 772 770 769 
1366 203 774 746 123 
1367 203 775 247 746 
1368 203 255 775 774 
1369 203 746 774 775 
1370 203 776 743 247 
1371 203 719 101 743 
1372 203 241 719 776 
1373 203 743 776 719 
1374 203 778 777 255 
1375 203 716 241 777 
1376 203 121 716 778 
1377 203 777 778 716 
1378 203 776 777 241 
1379 203 775 255 777 
1380 203 247 775 776 
1381 203 777 776 775 
1382 203 728 779 122 
1383 203 780 256 779 
1384 203 242 780 728 
1385 203 779 728 780 
1386 203 782 781 256 
1387 203 710 121 781 
1388 203 238 710 782 
1389 203 781 782 710 
1390 203 723 783 242 
1391 203 707 238 783 
1392 203 98 707 723 
1393 203 783 723 707 
1394 203 782 783 238 
1395 203 780 242 783 
1396 203 256 780 782 
1397 203 783 782 780 
1398 203 778 781 121 
1399 203 784 256 781 
1400 203 255 784 778 
1401 203 781 778 784 
1402 203 785 779 256 
1403 203 773 122 779 
1404 203 254 773 785 
1405 203 779 785 773 
1406 203 774 786 255 
1407 203 771 254 786 
1408 203 123 771 774 
1409 203 786 774 771 
1410 203 785 786 254 
1411 203 784 255 786 
1412 203 256 784 785 
1413 203 786 785 784 
1414 203 363 787 86 
1415 203 788 257 787 
1416 203 145 788 363 
1417 203 787 363 788 
1418 203 790 789 257 
1419 203 791 125 789 
1420 203 258 791 790 
1421 203 789 790 791 
1422 203 357 792 145 
1423 203 793 258 792 
1424 203 105 793 357 
1425 203 792 357 793 
1426 203 790 792 258 
1427 203 788 145 792 
1428 203 257 788 790 
1429 203 792 790 788 
1430 203 795 794 125 
1431 203 796 259 794 
1432 203 260 796 795 
1433 203 794 795 796 
1434 203 798 797 259 
1435 203 799 102 797 
1436 203 261 799 798 
1437 203 797 798 799 
1438 203 801 800 260 
1439 203 802 261 800 
1440 203 126 802 801 
1441 203 800 801 802 
1442 203 798 800 261 
1443 203 796 260 800 
1444 203 259 796 798 
1445 203 800 798 796 
1446 203 350 803 105 
1447 203 804 262 803 
1448 203 141 804 350 
1449 203 803 350 804 
1450 203 806 805 262 
1451 203 807 126 805 
1452 203 263 807 806 
1453 203 805 806 807 
1454 203 344 808 141 
1455 203 809 263 808 
1456 203 92 809 344 
1457 203 808 344 809 
1458 203 806 808 263 
1459 203 804 141 808 
1460 203 262 804 806 
1461 203 808 806 804 
1462 203 801 805 126 
1463 203 810 262 805 
1464 203 260 810 801 
1465 203 805 801 810 
1466 203 811 803 262 
1467 203 793 105 803 
1468 203 258 793 811 
1469 203 803 811 793 
1470 203 795 812 260 
1471 203 791 258 812 
1472 203 125 791 795 
1473 203 812 795 791 
1474 203 811 812 258 
1475 203 810 260 812 
1476 203 262 810 811 
1477 203 812 811 810 
1478 203 814 813 102 
1479 203 815 264 813 
1480 203 265 815 814 
1481 203 813 814 815 
1482 203 817 816 264 
1483 203 818 127 816 
1484 203 266 818 817 
1485 203 816 817 818 
1486 203 820 819 265 
1487 203 821 266 819 
1488 203 128 821 820 
1489 203 819 820 821 
1490 203 817 819 266 
1491 203 815 265 819 
1492 203 264 815 817 
1493 203 819 817 815 
1494 203 823 822 127 
1495 203 824 267 822 
1496 203 268 824 823 
1497 203 822 823 824 
1498 203 826 825 267 
1499 203 317 93 825 
1500 203 135 317 826 
1501 203 825 826 317 
1502 203 828 827 268 
1503 203 314 135 827 
1504 203 95 314 828 
1505 203 827 828 314 
1506 203 826 827 135 
1507 203 824 268 827 
1508 203 267 824 826 
1509 203 827 826 824 
1510 203 830 829 128 
1511 203 831 269 829 
1512 203 270 831 830 
1513 203 829 830 831 
1514 203 833 832 269 
1515 203 311 95 832 
1516 203 134 311 833 
1517 203 832 833 311 
1518 203 835 834 270 
1519 203 308 134 834 
1520 203 94 308 835 
1521 203 834 835 308 
1522 203 833 834 134 
1523 203 831 270 834 
1524 203 269 831 833 
1525 203 834 833 831 
1526 203 828 832 95 
1527 203 836 269 832 
1528 203 268 836 828 
1529 203 832 828 836 
1530 203 837 829 269 
1531 203 821 128 829 
1532 203 266 821 837 
1533 203 829 837 821 
1534 203 823 838 268 
1535 203 818 266 838 
1536 203 127 818 823 
1537 203 838 823 818 
1538 203 837 838 266 
1539 203 836 268 838 
1540 203 269 836 837 
1541 203 838 837 836 
1542 203 341 839 92 
1543 203 840 271 839 
1544 203 139 840 341 
1545 203 839 341 840 
1546 203 842 841 271 
1547 203 843 129 841 
1548 203 272 843 842 
1549 203 841 842 843 
1550 203 339 844 139 
1551 203 845 272 844 
1552 203 339 65 845 
1553 203 844 339 845 
1554 203 842 844 272 
1555 203 840 139 844 
1556 203 271 840 842 
1557 203 844 842 840 
1558 203 847 846 129 
1559 203 848 273 846 
1560 203 274 848 847 
1561 203 846 847 848 
1562 203 850 849 273 
1563 203 305 94 849 
1564 203 133 305 850 
1565 203 849 850 305 
1566 203 852 851 274 
1567 203 302 133 851 
1568 203 103 302 852 
1569 203 851 852 302 
1570 203 850 851 133 
1571 203 848 274 851 
1572 203 273 848 850 
1573 203 851 850 848 
1574 203 853 64 63 
1575 203 853 845 64 
1576 203 63 275 853 
1577 203 855 854 275 
1578 203 299 103 854 
1579 203 854 855 299 
1580 203 4 297 62 
1581 203 299 855 62 
1582 203 852 854 103 
1583 203 62 855 63 
1584 203 855 275 63 
1585 203 856 275 854 
1586 203 274 856 852 
1587 203 854 852 856 
1588 203 857 853 275 
1589 203 272 845 857 
1590 203 853 857 845 
1591 203 847 858 274 
1592 203 843 272 858 
1593 203 129 843 847 
1594 203 858 847 843 
1595 203 857 858 272 
1596 203 856 274 858 
1597 203 275 856 857 
1598 203 858 857 856 
1599 203 835 849 94 
1600 203 859 273 849 
1601 203 270 859 835 
1602 203 849 835 859 
1603 203 860 846 273 
1604 203 861 129 846 
1605 203 276 861 860 
1606 203 846 860 861 
1607 203 830 862 270 
1608 203 863 276 862 
1609 203 128 863 830 
1610 203 862 830 863 
1611 203 860 862 276 
1612 203 859 270 862 
1613 203 273 859 860 
1614 203 862 860 859 
1615 203 864 841 129 
1616 203 865 271 841 
1617 203 277 865 864 
1618 203 841 864 865 
1619 203 866 839 271 
1620 203 809 92 839 
1621 203 263 809 866 
1622 203 839 866 809 
1623 203 868 867 277 
1624 203 807 263 867 
1625 203 126 807 868 
1626 203 867 868 807 
1627 203 866 867 263 
1628 203 865 277 867 
1629 203 271 865 866 
1630 203 867 866 865 
1631 203 820 869 128 
1632 203 870 278 869 
1633 203 265 870 820 
1634 203 869 820 870 
1635 203 872 871 278 
1636 203 802 126 871 
1637 203 261 802 872 
1638 203 871 872 802 
1639 203 814 873 265 
1640 203 799 261 873 
1641 203 102 799 814 
1642 203 873 814 799 
1643 203 872 873 261 
1644 203 870 265 873 
1645 203 278 870 872 
1646 203 873 872 870 
1647 203 868 871 126 
1648 203 874 278 871 
1649 203 277 874 868 
1650 203 871 868 874 
1651 203 875 869 278 
1652 203 863 128 869 
1653 203 276 863 875 
1654 203 869 875 863 
1655 203 864 876 277 
1656 203 861 276 876 
1657 203 129 861 864 
1658 203 876 864 861 
1659 203 875 876 276 
1660 203 874 277 876 
1661 203 278 874 875 
1662 203 876 875 874 
1663 203 765 825 93 
1664 203 877 267 825 
1665 203 253 877 765 
1666 203 825 765 877 
1667 203 878 822 267 
1668 203 879 127 822 
1669 203 279 879 878 
1670 203 822 878 879 
1671 203 760 880 253 
1672 203 881 279 880 
1673 203 124 881 760 
1674 203 880 760 881 
1675 203 878 880 279 
1676 203 877 253 880 
1677 203 267 877 878 
1678 203 880 878 877 
1679 203 882 816 127 
1680 203 883 264 816 
1681 203 280 883 882 
1682 203 816 882 883 
1683 203 884 813 264 
1684 203 885 102 813 
1685 203 281 885 884 
1686 203 813 884 885 
1687 203 887 886 280 
1688 203 888 281 886 
1689 203 130 888 887 
1690 203 886 887 888 
1691 203 884 886 281 
1692 203 883 280 886 
1693 203 264 883 884 
1694 203 886 884 883 
1695 203 750 889 124 
1696 203 890 282 889 
1697 203 248 890 750 
1698 203 889 750 890 
1699 203 892 891 282 
1700 203 893 130 891 
1701 203 283 893 892 
1702 203 891 892 893 
1703 203 744 894 248 
1704 203 895 283 894 
1705 203 101 895 744 
1706 203 894 744 895 
1707 203 892 894 283 
1708 203 890 248 894 
1709 203 282 890 892 
1710 203 894 892 890 
1711 203 887 891 130 
1712 203 896 282 891 
1713 203 280 896 887 
1714 203 891 887 896 
1715 203 897 889 282 
1716 203 881 124 889 
1717 203 279 881 897 
1718 203 889 897 881 
1719 203 882 898 280 
1720 203 879 279 898 
1721 203 127 879 882 
1722 203 898 882 879 
1723 203 897 898 279 
1724 203 896 280 898 
1725 203 282 896 897 
1726 203 898 897 896 
1727 203 899 797 102 
1728 203 900 259 797 
1729 203 284 900 899 
1730 203 797 899 900 
1731 203 901 794 259 
1732 203 902 125 794 
1733 203 285 902 901 
1734 203 794 901 902 
1735 203 904 903 284 
1736 203 905 285 903 
1737 203 131 905 904 
1738 203 903 904 905 
1739 203 901 903 285 
1740 203 900 284 903 
1741 203 259 900 901 
1742 203 903 901 900 
1743 203 906 789 125 
1744 203 907 257 789 
1745 203 286 907 906 
1746 203 789 906 907 
1747 203 908 787 257 
1748 203 675 86 787 
1749 203 231 675 908 
1750 203 787 908 675 
1751 203 910 909 286 
1752 203 673 231 909 
1753 203 119 673 910 
1754 203 909 910 673 
1755 203 908 909 231 
1756 203 907 286 909 
1757 203 257 907 908 
1758 203 909 908 907 
1759 203 912 911 131 
1760 203 913 287 911 
1761 203 288 913 912 
1762 203 911 912 913 
1763 203 915 914 287 
1764 203 668 119 914 
1765 203 229 668 915 
1766 203 914 915 668 
1767 203 917 916 288 
1768 203 665 229 916 
1769 203 100 665 917 
1770 203 916 917 665 
1771 203 915 916 229 
1772 203 913 288 916 
1773 203 287 913 915 
1774 203 916 915 913 
1775 203 910 914 119 
1776 203 918 287 914 
1777 203 286 918 910 
1778 203 914 910 918 
1779 203 919 911 287 
1780 203 905 131 911 
1781 203 285 905 919 
1782 203 911 919 905 
1783 203 906 920 286 
1784 203 902 285 920 
1785 203 125 902 906 
1786 203 920 906 902 
1787 203 919 920 285 
1788 203 918 286 920 
1789 203 287 918 919 
1790 203 920 919 918 
1791 203 718 921 101 
1792 203 922 289 921 
1793 203 240 922 718 
1794 203 921 718 922 
1795 203 924 923 289 
1796 203 925 132 923 
1797 203 290 925 924 
1798 203 923 924 925 
1799 203 712 926 240 
1800 203 927 290 926 
1801 203 120 927 712 
1802 203 926 712 927 
1803 203 924 926 290 
1804 203 922 240 926 
1805 203 289 922 924 
1806 203 926 924 922 
1807 203 929 928 132 
1808 203 930 291 928 
1809 203 292 930 929 
1810 203 928 929 930 
1811 203 932 931 291 
1812 203 649 100 931 
1813 203 224 649 932 
1814 203 931 932 649 
1815 203 934 933 292 
1816 203 646 224 933 
1817 203 117 646 934 
1818 203 933 934 646 
1819 203 932 933 224 
1820 203 930 292 933 
1821 203 291 930 932 
1822 203 933 932 930 
1823 203 702 935 120 
1824 203 936 293 935 
1825 203 235 936 702 
1826 203 935 702 936 
1827 203 938 937 293 
1828 203 640 117 937 
1829 203 221 640 938 
1830 203 937 938 640 
1831 203 697 939 235 
1832 203 637 221 939 
1833 203 81 637 697 
1834 203 939 697 637 
1835 203 938 939 221 
1836 203 936 235 939 
1837 203 293 936 938 
1838 203 939 938 936 
1839 203 934 937 117 
1840 203 940 293 937 
1841 203 292 940 934 
1842 203 937 934 940 
1843 203 941 935 293 
1844 203 927 120 935 
1845 203 290 927 941 
1846 203 935 941 927 
1847 203 929 942 292 
1848 203 925 290 942 
1849 203 132 925 929 
1850 203 942 929 925 
1851 203 941 942 290 
1852 203 940 292 942 
1853 203 293 940 941 
1854 203 942 941 940 
1855 203 917 931 100 
1856 203 943 291 931 
1857 203 288 943 917 
1858 203 931 917 943 
1859 203 944 928 291 
1860 203 945 132 928 
1861 203 294 945 944 
1862 203 928 944 945 
1863 203 912 946 288 
1864 203 947 294 946 
1865 203 131 947 912 
1866 203 946 912 947 
1867 203 944 946 294 
1868 203 943 288 946 
1869 203 291 943 944 
1870 203 946 944 943 
1871 203 948 923 132 
1872 203 949 289 923 
1873 203 295 949 948 
1874 203 923 948 949 
1875 203 950 921 289 
1876 203 895 101 921 
1877 203 283 895 950 
1878 203 921 950 895 
1879 203 952 951 295 
1880 203 893 283 951 
1881 203 130 893 952 
1882 203 951 952 893 
1883 203 950 951 283 
1884 203 949 295 951 
1885 203 289 949 950 
1886 203 951 950 949 
1887 203 904 953 131 
1888 203 954 296 953 
1889 203 284 954 904 
1890 203 953 904 954 
1891 203 956 955 296 
1892 203 888 130 955 
1893 203 281 888 956 
1894 203 955 956 888 
1895 203 899 957 284 
1896 203 885 281 957 
1897 203 102 885 899 
1898 203 957 899 885 
1899 203 956 957 281 
1900 203 954 284 957 
1901 203 296 954 956 
1902 203 957 956 954 
1903 203 952 955 130 
1904 203 958 296 955 
1905 203 295 958 952 
1906 203 955 952 958 
1907 203 959 953 296 
1908 203 947 131 953 
1909 203 294 947 959 
1910 203 953 959 947 
1911 203 948 960 295 
1912 203 945 294 960 
1913 203 132 945 948 
1914 203 960 948 945 
1915 203 959 960 294 
1916 203 958 295 960 
1917 203 296 958 959 
1918 203 960 959 958 
