512 2550
1 0.000000e+00 0.000000e+00 0.000000e+00
2 0.000000e+00 0.000000e+00 1.000000e-01
3 2.000000e+00 0.000000e+00 0.000000e+00
4 2.000000e+00 0.000000e+00 1.000000e-01
5 2.000000e+00 2.000000e+00 0.000000e+00
6 2.000000e+00 2.000000e+00 1.000000e-01
7 0.000000e+00 2.000000e+00 0.000000e+00
8 0.000000e+00 2.000000e+00 1.000000e-01
9 2.000000e-01 0.000000e+00 0.000000e+00
10 4.000000e-01 0.000000e+00 0.000000e+00
11 6.000000e-01 0.000000e+00 0.000000e+00
12 8.000000e-01 0.000000e+00 0.000000e+00
13 1.000000e+00 0.000000e+00 0.000000e+00
14 1.200000e+00 0.000000e+00 0.000000e+00
15 1.400000e+00 0.000000e+00 0.000000e+00
16 1.600000e+00 0.000000e+00 0.000000e+00
17 1.800000e+00 0.000000e+00 0.000000e+00
18 2.000000e-01 0.000000e+00 1.000000e-01
19 4.000000e-01 0.000000e+00 1.000000e-01
20 6.000000e-01 0.000000e+00 1.000000e-01
21 8.000000e-01 0.000000e+00 1.000000e-01
22 1.000000e+00 0.000000e+00 1.000000e-01
23 1.200000e+00 0.000000e+00 1.000000e-01
24 1.400000e+00 0.000000e+00 1.000000e-01
25 1.600000e+00 0.000000e+00 1.000000e-01
26 1.800000e+00 0.000000e+00 1.000000e-01
27 2.000000e+00 2.000000e-01 0.000000e+00
28 2.000000e+00 4.000000e-01 0.000000e+00
29 2.000000e+00 6.000000e-01 0.000000e+00
30 2.000000e+00 8.000000e-01 0.000000e+00
31 2.000000e+00 1.000000e+00 0.000000e+00
32 2.000000e+00 1.200000e+00 0.000000e+00
33 2.000000e+00 1.400000e+00 0.000000e+00
34 2.000000e+00 1.600000e+00 0.000000e+00
35 2.000000e+00 1.800000e+00 0.000000e+00
36 2.000000e+00 2.000000e-01 1.000000e-01
37 2.000000e+00 4.000000e-01 1.000000e-01
38 2.000000e+00 6.000000e-01 1.000000e-01
39 2.000000e+00 8.000000e-01 1.000000e-01
40 2.000000e+00 1.000000e+00 1.000000e-01
41 2.000000e+00 1.200000e+00 1.000000e-01
42 2.000000e+00 1.400000e+00 1.000000e-01
43 2.000000e+00 1.600000e+00 1.000000e-01
44 2.000000e+00 1.800000e+00 1.000000e-01
45 1.800000e+00 2.000000e+00 0.000000e+00
46 1.600000e+00 2.000000e+00 0.000000e+00
47 1.400000e+00 2.000000e+00 0.000000e+00
48 1.200000e+00 2.000000e+00 0.000000e+00
49 1.000000e+00 2.000000e+00 0.000000e+00
50 8.000000e-01 2.000000e+00 0.000000e+00
51 6.000000e-01 2.000000e+00 0.000000e+00
52 4.000000e-01 2.000000e+00 0.000000e+00
53 2.000000e-01 2.000000e+00 0.000000e+00
54 1.800000e+00 2.000000e+00 1.000000e-01
55 1.600000e+00 2.000000e+00 1.000000e-01
56 1.400000e+00 2.000000e+00 1.000000e-01
57 1.200000e+00 2.000000e+00 1.000000e-01
58 1.000000e+00 2.000000e+00 1.000000e-01
59 8.000000e-01 2.000000e+00 1.000000e-01
60 6.000000e-01 2.000000e+00 1.000000e-01
61 4.000000e-01 2.000000e+00 1.000000e-01
62 2.000000e-01 2.000000e+00 1.000000e-01
63 0.000000e+00 1.800000e+00 0.000000e+00
64 0.000000e+00 1.600000e+00 0.000000e+00
65 0.000000e+00 1.400000e+00 0.000000e+00
66 0.000000e+00 1.200000e+00 0.000000e+00
67 0.000000e+00 1.000000e+00 0.000000e+00
68 0.000000e+00 8.000000e-01 0.000000e+00
69 0.000000e+00 6.000000e-01 0.000000e+00
70 0.000000e+00 4.000000e-01 0.000000e+00
71 0.000000e+00 2.000000e-01 0.000000e+00
72 0.000000e+00 1.800000e+00 1.000000e-01
73 0.000000e+00 1.600000e+00 1.000000e-01
74 0.000000e+00 1.400000e+00 1.000000e-01
75 0.000000e+00 1.200000e+00 1.000000e-01
76 0.000000e+00 1.000000e+00 1.000000e-01
77 0.000000e+00 8.000000e-01 1.000000e-01
78 0.000000e+00 6.000000e-01 1.000000e-01
79 0.000000e+00 4.000000e-01 1.000000e-01
80 0.000000e+00 2.000000e-01 1.000000e-01
81 3.832450e-01 8.700821e-01 0.000000e+00
82 1.068807e-01 3.204236e-01 0.000000e+00
83 6.914470e-01 3.366733e-01 0.000000e+00
84 1.000008e+00 1.888951e+00 0.000000e+00
85 3.874863e-01 1.889153e+00 0.000000e+00
86 1.612548e+00 1.889148e+00 0.000000e+00
87 1.616742e+00 8.700883e-01 0.000000e+00
88 1.308558e+00 3.366631e-01 0.000000e+00
89 1.893129e+00 3.204380e-01 0.000000e+00
90 8.903812e-02 1.402023e+00 0.000000e+00
91 1.910962e+00 1.402022e+00 0.000000e+00
92 1.000000e+00 8.696156e-01 0.000000e+00
93 1.308766e+00 1.404383e+00 0.000000e+00
94 6.912339e-01 1.404383e+00 0.000000e+00
95 1.182500e-01 1.905194e+00 0.000000e+00
96 6.948619e-01 1.907246e+00 0.000000e+00
97 1.305129e+00 1.907245e+00 0.000000e+00
98 1.881739e+00 1.905168e+00 0.000000e+00
99 2.339934e-01 1.133063e+00 0.000000e+00
100 1.062655e-01 8.829135e-01 0.000000e+00
101 2.315527e-01 6.019464e-01 0.000000e+00
102 5.368872e-01 6.022424e-01 0.000000e+00
103 3.834572e-01 3.365081e-01 0.000000e+00
104 2.576053e-01 9.914823e-02 0.000000e+00
105 5.262546e-01 9.879204e-02 0.000000e+00
106 8.634303e-01 9.869491e-02 0.000000e+00
107 1.766004e+00 1.133062e+00 0.000000e+00
108 1.893747e+00 8.829127e-01 0.000000e+00
109 1.463099e+00 6.022384e-01 0.000000e+00
110 1.768434e+00 6.019280e-01 0.000000e+00
111 1.616526e+00 3.364826e-01 0.000000e+00
112 1.136570e+00 9.873940e-02 0.000000e+00
113 1.473757e+00 9.874656e-02 0.000000e+00
114 1.742394e+00 9.916718e-02 0.000000e+00
115 1.000001e+00 3.369167e-01 0.000000e+00
116 1.154380e+00 6.022397e-01 0.000000e+00
117 1.308768e+00 8.696172e-01 0.000000e+00
118 8.456201e-01 6.022406e-01 0.000000e+00
119 6.912327e-01 8.696176e-01 0.000000e+00
120 1.463100e+00 1.136964e+00 0.000000e+00
121 1.617049e+00 1.404320e+00 0.000000e+00
122 1.765513e+00 1.672826e+00 0.000000e+00
123 1.463358e+00 1.669802e+00 0.000000e+00
124 1.153907e+00 1.669696e+00 0.000000e+00
125 5.369105e-01 1.136960e+00 0.000000e+00
126 3.829517e-01 1.404318e+00 0.000000e+00
127 8.460913e-01 1.669702e+00 0.000000e+00
128 5.366354e-01 1.669795e+00 0.000000e+00
129 2.344880e-01 1.672852e+00 0.000000e+00
130 9.999997e-01 1.404390e+00 0.000000e+00
131 8.456145e-01 1.137019e+00 0.000000e+00
132 1.154385e+00 1.137019e+00 0.000000e+00
133 2.577857e-01 1.903607e+00 0.000000e+00
134 5.260438e-01 1.904284e+00 0.000000e+00
135 8.634583e-01 1.904132e+00 0.000000e+00
136 1.136545e+00 1.904124e+00 0.000000e+00
137 1.473962e+00 1.904290e+00 0.000000e+00
138 1.742226e+00 1.903579e+00 0.000000e+00
139 1.585405e-01 1.256779e+00 0.000000e+00
140 1.067382e-01 1.120365e+00 0.000000e+00
141 1.614601e-01 1.002202e+00 0.000000e+00
142 3.078306e-01 1.003032e+00 0.000000e+00
143 2.347838e-01 8.728438e-01 0.000000e+00
144 3.072031e-01 7.377436e-01 0.000000e+00
145 4.599766e-01 7.361715e-01 0.000000e+00
146 3.832098e-01 6.022729e-01 0.000000e+00
147 1.587525e-01 4.554510e-01 0.000000e+00
148 3.073324e-01 4.667762e-01 0.000000e+00
149 2.353994e-01 3.326505e-01 0.000000e+00
150 4.600469e-01 4.686707e-01 0.000000e+00
151 6.140964e-01 4.688978e-01 0.000000e+00
152 5.368788e-01 3.369628e-01 0.000000e+00
153 1.661141e-01 2.073971e-01 0.000000e+00
154 1.194742e-01 9.778112e-02 0.000000e+00
155 6.132422e-01 2.105434e-01 0.000000e+00
156 7.714012e-01 2.107060e-01 0.000000e+00
157 6.951375e-01 9.816475e-02 0.000000e+00
158 3.887774e-01 1.167351e-01 0.000000e+00
159 4.593541e-01 2.139340e-01 0.000000e+00
160 3.123406e-01 2.137868e-01 0.000000e+00
161 8.929222e-02 6.008594e-01 0.000000e+00
162 1.591798e-01 7.480050e-01 0.000000e+00
163 1.841460e+00 1.256778e+00 0.000000e+00
164 1.893271e+00 1.120364e+00 0.000000e+00
165 1.692547e+00 1.003078e+00 0.000000e+00
166 1.838454e+00 1.002179e+00 0.000000e+00
167 1.765254e+00 8.728465e-01 0.000000e+00
168 1.540116e+00 7.361244e-01 0.000000e+00
169 1.692781e+00 7.377522e-01 0.000000e+00
170 1.616771e+00 6.022388e-01 0.000000e+00
171 1.385933e+00 4.688776e-01 0.000000e+00
172 1.540038e+00 4.687102e-01 0.000000e+00
173 1.463144e+00 3.369163e-01 0.000000e+00
174 1.692865e+00 4.669380e-01 0.000000e+00
175 1.841163e+00 4.554276e-01 0.000000e+00
176 1.764614e+00 3.326890e-01 0.000000e+00
177 1.228575e+00 2.104147e-01 0.000000e+00
178 1.386677e+00 2.108034e-01 0.000000e+00
179 1.304850e+00 9.816140e-02 0.000000e+00
180 1.833888e+00 2.074222e-01 0.000000e+00
181 1.880526e+00 9.778668e-02 0.000000e+00
182 1.611229e+00 1.167334e-01 0.000000e+00
183 1.687678e+00 2.132356e-01 0.000000e+00
184 1.540242e+00 2.144389e-01 0.000000e+00
185 1.910698e+00 6.008540e-01 0.000000e+00
186 1.840822e+00 7.480033e-01 0.000000e+00
187 1.000002e+00 1.165237e-01 0.000000e+00
188 1.074630e+00 2.137956e-01 0.000000e+00
189 1.153698e+00 3.377606e-01 0.000000e+00
190 9.252708e-01 2.143720e-01 0.000000e+00
191 8.462864e-01 3.378630e-01 0.000000e+00
192 1.231473e+00 4.690767e-01 0.000000e+00
193 1.308750e+00 6.023144e-01 0.000000e+00
194 1.385930e+00 7.359504e-01 0.000000e+00
195 1.463036e+00 8.696891e-01 0.000000e+00
196 1.231572e+00 7.359309e-01 0.000000e+00
197 1.077192e+00 7.359203e-01 0.000000e+00
198 1.154385e+00 8.696179e-01 0.000000e+00
199 7.685282e-01 4.690916e-01 0.000000e+00
200 6.912518e-01 6.023187e-01 0.000000e+00
201 9.228077e-01 7.359193e-01 0.000000e+00
202 7.684256e-01 7.359288e-01 0.000000e+00
203 8.456153e-01 8.696177e-01 0.000000e+00
204 6.140799e-01 7.359583e-01 0.000000e+00
205 5.369764e-01 8.696943e-01 0.000000e+00
206 9.999998e-01 6.022439e-01 0.000000e+00
207 9.228909e-01 4.691386e-01 0.000000e+00
208 1.077114e+00 4.691786e-01 0.000000e+00
209 1.539977e+00 1.003306e+00 0.000000e+00
210 1.616492e+00 1.136348e+00 0.000000e+00
211 1.692712e+00 1.268319e+00 0.000000e+00
212 1.767941e+00 1.403484e+00 0.000000e+00
213 1.539961e+00 1.270352e+00 0.000000e+00
214 1.385915e+00 1.270669e+00 0.000000e+00
215 1.463051e+00 1.404345e+00 0.000000e+00
216 1.841228e+00 1.548983e+00 0.000000e+00
217 1.892790e+00 1.683275e+00 0.000000e+00
218 1.833555e+00 1.796215e+00 0.000000e+00
219 1.688205e+00 1.792415e+00 0.000000e+00
220 1.385952e+00 1.537736e+00 0.000000e+00
221 1.231511e+00 1.537695e+00 0.000000e+00
222 1.308580e+00 1.669729e+00 0.000000e+00
223 1.540786e+00 1.792021e+00 0.000000e+00
224 1.386822e+00 1.794181e+00 0.000000e+00
225 1.228554e+00 1.794180e+00 0.000000e+00
226 1.074609e+00 1.791841e+00 0.000000e+00
227 1.616137e+00 1.668804e+00 0.000000e+00
228 1.540077e+00 1.537646e+00 0.000000e+00
229 1.692425e+00 1.539199e+00 0.000000e+00
230 4.600739e-01 1.003300e+00 0.000000e+00
231 3.835630e-01 1.136340e+00 0.000000e+00
232 6.140558e-01 1.270692e+00 0.000000e+00
233 4.599258e-01 1.270457e+00 0.000000e+00
234 5.369316e-01 1.404359e+00 0.000000e+00
235 3.073136e-01 1.268304e+00 0.000000e+00
236 2.320613e-01 1.403483e+00 0.000000e+00
237 7.684865e-01 1.537719e+00 0.000000e+00
238 6.140467e-01 1.537711e+00 0.000000e+00
239 6.914093e-01 1.669730e+00 0.000000e+00
240 9.251874e-01 1.791773e+00 0.000000e+00
241 7.715295e-01 1.794113e+00 0.000000e+00
242 6.132251e-01 1.794255e+00 0.000000e+00
243 4.588240e-01 1.792045e+00 0.000000e+00
244 1.587721e-01 1.548988e+00 0.000000e+00
245 1.071981e-01 1.683302e+00 0.000000e+00
246 3.112032e-01 1.792166e+00 0.000000e+00
247 1.667704e-01 1.795675e+00 0.000000e+00
248 3.837429e-01 1.668781e+00 0.000000e+00
249 3.075407e-01 1.539247e+00 0.000000e+00
250 4.600639e-01 1.537663e+00 0.000000e+00
251 9.999745e-01 1.668194e+00 0.000000e+00
252 9.228604e-01 1.537448e+00 0.000000e+00
253 8.456271e-01 1.404303e+00 0.000000e+00
254 1.077138e+00 1.537389e+00 0.000000e+00
255 1.154372e+00 1.404295e+00 0.000000e+00
256 7.684254e-01 1.270702e+00 0.000000e+00
257 6.912386e-01 1.137008e+00 0.000000e+00
258 6.141018e-01 1.003317e+00 0.000000e+00
259 7.684298e-01 1.003316e+00 0.000000e+00
260 9.228081e-01 1.003317e+00 0.000000e+00
261 1.231571e+00 1.270698e+00 0.000000e+00
262 1.308759e+00 1.137006e+00 0.000000e+00
263 1.077193e+00 1.003317e+00 0.000000e+00
264 1.231576e+00 1.003316e+00 0.000000e+00
265 1.385906e+00 1.003317e+00 0.000000e+00
266 1.000000e+00 1.137019e+00 0.000000e+00
267 1.077191e+00 1.270702e+00 0.000000e+00
268 9.228086e-01 1.270701e+00 0.000000e+00
269 3.832450e-01 8.700821e-01 1.000000e-01
270 1.068807e-01 3.204236e-01 1.000000e-01
271 6.914470e-01 3.366733e-01 1.000000e-01
272 1.000008e+00 1.888951e+00 1.000000e-01
273 3.874863e-01 1.889153e+00 1.000000e-01
274 1.612548e+00 1.889148e+00 1.000000e-01
275 1.616742e+00 8.700883e-01 1.000000e-01
276 1.308558e+00 3.366631e-01 1.000000e-01
277 1.893129e+00 3.204380e-01 1.000000e-01
278 8.903812e-02 1.402023e+00 1.000000e-01
279 1.910962e+00 1.402022e+00 1.000000e-01
280 1.000000e+00 8.696156e-01 1.000000e-01
281 1.308766e+00 1.404383e+00 1.000000e-01
282 6.912339e-01 1.404383e+00 1.000000e-01
283 1.182500e-01 1.905194e+00 1.000000e-01
284 6.948619e-01 1.907246e+00 1.000000e-01
285 1.305129e+00 1.907245e+00 1.000000e-01
286 1.881739e+00 1.905168e+00 1.000000e-01
287 2.339934e-01 1.133063e+00 1.000000e-01
288 1.062655e-01 8.829135e-01 1.000000e-01
289 2.315527e-01 6.019464e-01 1.000000e-01
290 5.368872e-01 6.022424e-01 1.000000e-01
291 3.834572e-01 3.365081e-01 1.000000e-01
292 2.576053e-01 9.914823e-02 1.000000e-01
293 5.262546e-01 9.879204e-02 1.000000e-01
294 8.634303e-01 9.869491e-02 1.000000e-01
295 1.766004e+00 1.133062e+00 1.000000e-01
296 1.893747e+00 8.829127e-01 1.000000e-01
297 1.463099e+00 6.022384e-01 1.000000e-01
298 1.768434e+00 6.019280e-01 1.000000e-01
299 1.616526e+00 3.364826e-01 1.000000e-01
300 1.136570e+00 9.873940e-02 1.000000e-01
301 1.473757e+00 9.874656e-02 1.000000e-01
302 1.742394e+00 9.916718e-02 1.000000e-01
303 1.000001e+00 3.369167e-01 1.000000e-01
304 1.154380e+00 6.022397e-01 1.000000e-01
305 1.308768e+00 8.696172e-01 1.000000e-01
306 8.456201e-01 6.022406e-01 1.000000e-01
307 6.912327e-01 8.696176e-01 1.000000e-01
308 1.463100e+00 1.136964e+00 1.000000e-01
309 1.617049e+00 1.404320e+00 1.000000e-01
310 1.765513e+00 1.672826e+00 1.000000e-01
311 1.463358e+00 1.669802e+00 1.000000e-01
312 1.153907e+00 1.669696e+00 1.000000e-01
313 5.369105e-01 1.136960e+00 1.000000e-01
314 3.829517e-01 1.404318e+00 1.000000e-01
315 8.460913e-01 1.669702e+00 1.000000e-01
316 5.366354e-01 1.669795e+00 1.000000e-01
317 2.344880e-01 1.672852e+00 1.000000e-01
318 9.999997e-01 1.404390e+00 1.000000e-01
319 8.456145e-01 1.137019e+00 1.000000e-01
320 1.154385e+00 1.137019e+00 1.000000e-01
321 2.577857e-01 1.903607e+00 1.000000e-01
322 5.260438e-01 1.904284e+00 1.000000e-01
323 8.634583e-01 1.904132e+00 1.000000e-01
324 1.136545e+00 1.904124e+00 1.000000e-01
325 1.473962e+00 1.904290e+00 1.000000e-01
326 1.742226e+00 1.903579e+00 1.000000e-01
327 1.585405e-01 1.256779e+00 1.000000e-01
328 1.067382e-01 1.120365e+00 1.000000e-01
329 1.614601e-01 1.002202e+00 1.000000e-01
330 3.078306e-01 1.003032e+00 1.000000e-01
331 2.347838e-01 8.728438e-01 1.000000e-01
332 3.072031e-01 7.377436e-01 1.000000e-01
333 4.599766e-01 7.361715e-01 1.000000e-01
334 3.832098e-01 6.022729e-01 1.000000e-01
335 1.587525e-01 4.554510e-01 1.000000e-01
336 3.073324e-01 4.667762e-01 1.000000e-01
337 2.353994e-01 3.326505e-01 1.000000e-01
338 4.600469e-01 4.686707e-01 1.000000e-01
339 6.140964e-01 4.688978e-01 1.000000e-01
340 5.368788e-01 3.369628e-01 1.000000e-01
341 1.661141e-01 2.073971e-01 1.000000e-01
342 1.194742e-01 9.778112e-02 1.000000e-01
343 6.132422e-01 2.105434e-01 1.000000e-01
344 7.714012e-01 2.107060e-01 1.000000e-01
345 6.951375e-01 9.816475e-02 1.000000e-01
346 3.887774e-01 1.167351e-01 1.000000e-01
347 4.593541e-01 2.139340e-01 1.000000e-01
348 3.123406e-01 2.137868e-01 1.000000e-01
349 8.929222e-02 6.008594e-01 1.000000e-01
350 1.591798e-01 7.480050e-01 1.000000e-01
351 1.841460e+00 1.256778e+00 1.000000e-01
352 1.893271e+00 1.120364e+00 1.000000e-01
353 1.692547e+00 1.003078e+00 1.000000e-01
354 1.838454e+00 1.002179e+00 1.000000e-01
355 1.765254e+00 8.728465e-01 1.000000e-01
356 1.540116e+00 7.361244e-01 1.000000e-01
357 1.692781e+00 7.377522e-01 1.000000e-01
358 1.616771e+00 6.022388e-01 1.000000e-01
359 1.385933e+00 4.688776e-01 1.000000e-01
360 1.540038e+00 4.687102e-01 1.000000e-01
361 1.463144e+00 3.369163e-01 1.000000e-01
362 1.692865e+00 4.669380e-01 1.000000e-01
363 1.841163e+00 4.554276e-01 1.000000e-01
364 1.764614e+00 3.326890e-01 1.000000e-01
365 1.228575e+00 2.104147e-01 1.000000e-01
366 1.386677e+00 2.108034e-01 1.000000e-01
367 1.304850e+00 9.816140e-02 1.000000e-01
368 1.833888e+00 2.074222e-01 1.000000e-01
369 1.880526e+00 9.778668e-02 1.000000e-01
370 1.611229e+00 1.167334e-01 1.000000e-01
371 1.687678e+00 2.132356e-01 1.000000e-01
372 1.540242e+00 2.144389e-01 1.000000e-01
373 1.910698e+00 6.008540e-01 1.000000e-01
374 1.840822e+00 7.480033e-01 1.000000e-01
375 1.000002e+00 1.165237e-01 1.000000e-01
376 1.074630e+00 2.137956e-01 1.000000e-01
377 1.153698e+00 3.377606e-01 1.000000e-01
378 9.252708e-01 2.143720e-01 1.000000e-01
379 8.462864e-01 3.378630e-01 1.000000e-01
380 1.231473e+00 4.690767e-01 1.000000e-01
381 1.308750e+00 6.023144e-01 1.000000e-01
382 1.385930e+00 7.359504e-01 1.000000e-01
383 1.463036e+00 8.696891e-01 1.000000e-01
384 1.231572e+00 7.359309e-01 1.000000e-01
385 1.077192e+00 7.359203e-01 1.000000e-01
386 1.154385e+00 8.696179e-01 1.000000e-01
387 7.685282e-01 4.690916e-01 1.000000e-01
388 6.912518e-01 6.023187e-01 1.000000e-01
389 9.228077e-01 7.359193e-01 1.000000e-01
390 7.684256e-01 7.359288e-01 1.000000e-01
391 8.456153e-01 8.696177e-01 1.000000e-01
392 6.140799e-01 7.359583e-01 1.000000e-01
393 5.369764e-01 8.696943e-01 1.000000e-01
394 9.999998e-01 6.022439e-01 1.000000e-01
395 9.228909e-01 4.691386e-01 1.000000e-01
396 1.077114e+00 4.691786e-01 1.000000e-01
397 1.539977e+00 1.003306e+00 1.000000e-01
398 1.616492e+00 1.136348e+00 1.000000e-01
399 1.692712e+00 1.268319e+00 1.000000e-01
400 1.767941e+00 1.403484e+00 1.000000e-01
401 1.539961e+00 1.270352e+00 1.000000e-01
402 1.385915e+00 1.270669e+00 1.000000e-01
403 1.463051e+00 1.404345e+00 1.000000e-01
404 1.841228e+00 1.548983e+00 1.000000e-01
405 1.892790e+00 1.683275e+00 1.000000e-01
406 1.833555e+00 1.796215e+00 1.000000e-01
407 1.688205e+00 1.792415e+00 1.000000e-01
408 1.385952e+00 1.537736e+00 1.000000e-01
409 1.231511e+00 1.537695e+00 1.000000e-01
410 1.308580e+00 1.669729e+00 1.000000e-01
411 1.540786e+00 1.792021e+00 1.000000e-01
412 1.386822e+00 1.794181e+00 1.000000e-01
413 1.228554e+00 1.794180e+00 1.000000e-01
414 1.074609e+00 1.791841e+00 1.000000e-01
415 1.616137e+00 1.668804e+00 1.000000e-01
416 1.540077e+00 1.537646e+00 1.000000e-01
417 1.692425e+00 1.539199e+00 1.000000e-01
418 4.600739e-01 1.003300e+00 1.000000e-01
419 3.835630e-01 1.136340e+00 1.000000e-01
420 6.140558e-01 1.270692e+00 1.000000e-01
421 4.599258e-01 1.270457e+00 1.000000e-01
422 5.369316e-01 1.404359e+00 1.000000e-01
423 3.073136e-01 1.268304e+00 1.000000e-01
424 2.320613e-01 1.403483e+00 1.000000e-01
425 7.684865e-01 1.537719e+00 1.000000e-01
426 6.140467e-01 1.537711e+00 1.000000e-01
427 6.914093e-01 1.669730e+00 1.000000e-01
428 9.251874e-01 1.791773e+00 1.000000e-01
429 7.715295e-01 1.794113e+00 1.000000e-01
430 6.132251e-01 1.794255e+00 1.000000e-01
431 4.588240e-01 1.792045e+00 1.000000e-01
432 1.587721e-01 1.548988e+00 1.000000e-01
433 1.071981e-01 1.683302e+00 1.000000e-01
434 3.112032e-01 1.792166e+00 1.000000e-01
435 1.667704e-01 1.795675e+00 1.000000e-01
436 3.837429e-01 1.668781e+00 1.000000e-01
437 3.075407e-01 1.539247e+00 1.000000e-01
438 4.600639e-01 1.537663e+00 1.000000e-01
439 9.999745e-01 1.668194e+00 1.000000e-01
440 9.228604e-01 1.537448e+00 1.000000e-01
441 8.456271e-01 1.404303e+00 1.000000e-01
442 1.077138e+00 1.537389e+00 1.000000e-01
443 1.154372e+00 1.404295e+00 1.000000e-01
444 7.684254e-01 1.270702e+00 1.000000e-01
445 6.912386e-01 1.137008e+00 1.000000e-01
446 6.141018e-01 1.003317e+00 1.000000e-01
447 7.684298e-01 1.003316e+00 1.000000e-01
448 9.228081e-01 1.003317e+00 1.000000e-01
449 1.231571e+00 1.270698e+00 1.000000e-01
450 1.308759e+00 1.137006e+00 1.000000e-01
451 1.077193e+00 1.003317e+00 1.000000e-01
452 1.231576e+00 1.003316e+00 1.000000e-01
453 1.385906e+00 1.003317e+00 1.000000e-01
454 1.000000e+00 1.137019e+00 1.000000e-01
455 1.077191e+00 1.270702e+00 1.000000e-01
456 9.228086e-01 1.270701e+00 1.000000e-01
457 1.920248e+00 6.974099e-02 5.001355e-02
458 1.688681e+00 6.766474e-02 5.102124e-02
459 1.320086e+00 4.642990e-02 5.094798e-02
460 1.514811e+00 5.412414e-02 4.998546e-02
461 1.112878e+00 4.959125e-02 4.897704e-02
462 6.932012e-01 5.260553e-02 5.002748e-02
463 8.135176e-02 6.651593e-02 4.999136e-02
464 1.920892e+00 1.932233e+00 5.000287e-02
465 1.926083e+00 1.319373e+00 4.857360e-02
466 1.936839e+00 1.494335e+00 4.998825e-02
467 1.035800e-01 1.943906e+00 5.001320e-02
468 1.085011e+00 1.935310e+00 4.898712e-02
469 5.903550e-02 3.057877e-01 5.000979e-02
470 7.215464e-02 5.229878e-01 4.858589e-02
471 6.032723e-01 7.704354e-02 4.934565e-02
472 1.808560e+00 7.177297e-02 4.925420e-02
473 1.934454e+00 1.071527e+00 4.998502e-02
474 1.926510e+00 1.198434e+00 5.000723e-02
475 1.950456e+00 1.403044e+00 4.981990e-02
476 1.683717e+00 1.943770e+00 5.000373e-02
477 6.264673e-02 9.261714e-01 4.997148e-02
478 6.067518e-02 1.723057e+00 4.996792e-02
479 1.941151e+00 6.829635e-01 5.000088e-02
480 6.844320e-02 1.862265e+00 4.989618e-02
481 5.570962e-02 1.323682e+00 5.000727e-02
482 9.121193e-01 1.945980e+00 4.996285e-02
483 1.348919e+00 1.950725e+00 5.017847e-02
484 7.936717e-01 5.166206e-02 5.002460e-02
485 4.767974e-01 5.668588e-02 4.999813e-02
486 2.386676e-01 5.226463e-02 5.002190e-02
487 1.938257e+00 1.648652e+00 4.997836e-02
488 1.938533e+00 3.541511e-01 5.001462e-02
489 3.160403e-01 1.943877e+00 5.002848e-02
490 5.682715e-02 6.760776e-01 5.000270e-02
491 6.553538e-02 1.071397e+00 5.002235e-02
492 1.604005e+00 5.888816e-02 5.010606e-02
493 8.938421e-02 2.014862e-01 5.007282e-02
494 7.318455e-02 8.016322e-01 5.002134e-02
495 7.420665e-01 1.951341e+00 5.017940e-02
496 6.306267e-02 1.519926e+00 4.998787e-02
497 1.926899e+00 8.027759e-01 4.998126e-02
498 9.226191e-01 6.757153e-02 5.106598e-02
499 1.913020e+00 1.796136e+00 5.006502e-02
500 1.809298e+00 1.929903e+00 4.939146e-02
501 1.912938e+00 2.062715e-01 5.006449e-02
502 6.059866e-01 1.951265e+00 5.001789e-02
503 9.993924e-01 1.943347e+00 4.987537e-02
504 7.251441e-02 1.199981e+00 4.997429e-02
505 7.525006e-02 4.023911e-01 5.004194e-02
506 1.522222e+00 1.946388e+00 4.997734e-02
507 3.612571e-01 6.600462e-02 4.989442e-02
508 1.935018e+00 9.305530e-01 4.989233e-02
509 1.940399e+00 5.155998e-01 4.997060e-02
510 4.730722e-01 1.935388e+00 4.890950e-02
511 1.214085e+00 1.929018e+00 5.082581e-02
512 1.930969e-01 1.928343e+00 4.955029e-02
1 102 1 2 
2 102 3 4 
3 102 1 9 
4 102 9 10 
5 102 10 11 
6 102 11 12 
7 102 12 13 
8 102 13 14 
9 102 14 15 
10 102 15 16 
11 102 16 17 
12 102 17 3 
13 102 2 18 
14 102 18 19 
15 102 19 20 
16 102 20 21 
17 102 21 22 
18 102 22 23 
19 102 23 24 
20 102 24 25 
21 102 25 26 
22 102 26 4 
23 102 5 6 
24 102 3 27 
25 102 27 28 
26 102 28 29 
27 102 29 30 
28 102 30 31 
29 102 31 32 
30 102 32 33 
31 102 33 34 
32 102 34 35 
33 102 35 5 
34 102 4 36 
35 102 36 37 
36 102 37 38 
37 102 38 39 
38 102 39 40 
39 102 40 41 
40 102 41 42 
41 102 42 43 
42 102 43 44 
43 102 44 6 
44 102 7 8 
45 102 5 45 
46 102 45 46 
47 102 46 47 
48 102 47 48 
49 102 48 49 
50 102 49 50 
51 102 50 51 
52 102 51 52 
53 102 52 53 
54 102 53 7 
55 102 6 54 
56 102 54 55 
57 102 55 56 
58 102 56 57 
59 102 57 58 
60 102 58 59 
61 102 59 60 
62 102 60 61 
63 102 61 62 
64 102 62 8 
65 102 7 63 
66 102 63 64 
67 102 64 65 
68 102 65 66 
69 102 66 67 
70 102 67 68 
71 102 68 69 
72 102 69 70 
73 102 70 71 
74 102 71 1 
75 102 8 72 
76 102 72 73 
77 102 73 74 
78 102 74 75 
79 102 75 76 
80 102 76 77 
81 102 77 78 
82 102 78 79 
83 102 79 80 
84 102 80 2 
85 203 3 26 17 
86 203 26 3 4 
87 203 15 23 14 
88 203 22 14 23 
89 203 16 24 15 
90 203 23 15 24 
91 203 17 25 16 
92 203 24 16 25 
93 203 25 17 26 
94 203 13 21 12 
95 203 11 19 10 
96 203 12 20 11 
97 203 19 11 20 
98 203 20 12 21 
99 203 10 18 9 
100 203 9 2 1 
101 203 2 9 18 
102 203 18 10 19 
103 203 21 13 22 
104 203 14 22 13 
105 203 5 44 35 
106 203 44 5 6 
107 203 33 41 32 
108 203 40 32 41 
109 203 34 42 33 
110 203 41 33 42 
111 203 35 43 34 
112 203 42 34 43 
113 203 43 35 44 
114 203 31 39 30 
115 203 29 37 28 
116 203 30 38 29 
117 203 37 29 38 
118 203 38 30 39 
119 203 28 36 27 
120 203 27 4 3 
121 203 4 27 36 
122 203 36 28 37 
123 203 39 31 40 
124 203 32 40 31 
125 203 7 62 53 
126 203 62 7 8 
127 203 51 59 50 
128 203 58 50 59 
129 203 52 60 51 
130 203 59 51 60 
131 203 53 61 52 
132 203 60 52 61 
133 203 61 53 62 
134 203 49 57 48 
135 203 47 55 46 
136 203 48 56 47 
137 203 55 47 56 
138 203 56 48 57 
139 203 46 54 45 
140 203 45 6 5 
141 203 6 45 54 
142 203 54 46 55 
143 203 57 49 58 
144 203 50 58 49 
145 203 1 80 71 
146 203 80 1 2 
147 203 69 77 68 
148 203 76 68 77 
149 203 70 78 69 
150 203 77 69 78 
151 203 71 79 70 
152 203 78 70 79 
153 203 79 71 80 
154 203 67 75 66 
155 203 65 73 64 
156 203 66 74 65 
157 203 73 65 74 
158 203 74 66 75 
159 203 64 72 63 
160 203 63 8 7 
161 203 8 63 72 
162 203 72 64 73 
163 203 75 67 76 
164 203 68 76 67 
165 203 85 133 52 
166 203 53 95 7 
167 203 53 52 133 
168 203 133 95 53 
169 203 85 52 134 
170 203 96 134 51 
171 203 50 96 51 
172 203 135 96 50 
173 203 49 135 50 
174 203 51 134 52 
175 203 84 49 136 
176 203 97 136 48 
177 203 47 97 48 
178 203 137 97 47 
179 203 46 137 47 
180 203 45 138 46 
181 203 138 45 98 
182 203 5 98 45 
183 203 35 98 5 
184 203 86 46 138 
185 203 86 137 46 
186 203 48 136 49 
187 203 84 135 49 
188 203 64 244 90 
189 203 66 65 90 
190 203 99 140 139 
191 203 90 139 66 
192 203 140 66 139 
193 203 142 141 99 
194 203 143 100 141 
195 203 81 143 142 
196 203 141 142 143 
197 203 140 99 141 
198 203 66 140 67 
199 203 141 100 67 
200 203 141 67 140 
201 203 145 144 81 
202 203 146 101 144 
203 203 102 146 145 
204 203 144 145 146 
205 203 148 147 101 
206 203 149 82 147 
207 203 103 149 148 
208 203 147 148 149 
209 203 151 150 102 
210 203 152 103 150 
211 203 83 152 151 
212 203 150 151 152 
213 203 148 150 103 
214 203 146 102 150 
215 203 101 146 148 
216 203 150 148 146 
217 203 153 71 82 
218 203 104 154 153 
219 203 70 82 71 
220 203 153 154 71 
221 203 1 154 9 
222 203 104 9 154 
223 203 71 154 1 
224 203 156 155 83 
225 203 157 105 155 
226 203 106 157 156 
227 203 155 156 157 
228 203 10 105 11 
229 203 157 106 12 
230 203 11 157 12 
231 203 105 157 11 
232 203 9 104 10 
233 203 159 155 105 
234 203 158 10 104 
235 203 158 105 10 
236 203 152 83 155 
237 203 103 152 159 
238 203 155 159 152 
239 203 153 160 104 
240 203 149 103 160 
241 203 82 149 153 
242 203 160 153 149 
243 203 159 160 103 
244 203 158 104 160 
245 203 105 158 159 
246 203 160 159 158 
247 203 82 70 147 
248 203 161 101 147 
249 203 70 69 161 
250 203 162 144 101 
251 203 143 81 144 
252 203 100 143 162 
253 203 144 162 143 
254 203 67 100 68 
255 203 100 162 68 
256 203 68 162 161 
257 203 101 161 162 
258 203 161 69 68 
259 203 161 147 70 
260 203 91 33 32 
261 203 164 107 163 
262 203 31 164 32 
263 203 164 163 32 
264 203 166 165 107 
265 203 167 87 165 
266 203 108 167 166 
267 203 165 166 167 
268 203 30 108 31 
269 203 166 164 31 
270 203 108 166 31 
271 203 107 164 166 
272 203 32 163 91 
273 203 169 168 87 
274 203 170 109 168 
275 203 110 170 169 
276 203 168 169 170 
277 203 172 171 109 
278 203 173 88 171 
279 203 111 173 172 
280 203 171 172 173 
281 203 175 174 110 
282 203 176 111 174 
283 203 89 176 175 
284 203 174 175 176 
285 203 172 174 111 
286 203 170 110 174 
287 203 109 170 172 
288 203 174 172 170 
289 203 178 177 88 
290 203 179 112 177 
291 203 113 179 178 
292 203 177 178 179 
293 203 13 112 14 
294 203 179 113 15 
295 203 14 179 15 
296 203 112 179 14 
297 203 181 114 180 
298 203 3 181 27 
299 203 180 89 27 
300 203 181 180 27 
301 203 17 16 114 
302 203 114 181 17 
303 203 17 181 3 
304 203 182 114 16 
305 203 113 182 16 
306 203 183 180 114 
307 203 16 15 113 
308 203 176 89 180 
309 203 111 176 183 
310 203 180 183 176 
311 203 178 184 113 
312 203 173 111 184 
313 203 88 173 178 
314 203 184 178 173 
315 203 183 184 111 
316 203 182 113 184 
317 203 114 182 183 
318 203 184 183 182 
319 203 110 185 175 
320 203 28 175 185 
321 203 185 29 28 
322 203 185 186 30 
323 203 169 186 110 
324 203 167 108 186 
325 203 87 167 169 
326 203 186 169 167 
327 203 108 30 186 
328 203 185 110 186 
329 203 30 29 185 
330 203 27 89 28 
331 203 89 175 28 
332 203 187 13 106 
333 203 188 177 112 
334 203 12 106 13 
335 203 187 112 13 
336 203 189 88 177 
337 203 115 189 188 
338 203 177 188 189 
339 203 156 190 106 
340 203 191 115 190 
341 203 83 191 156 
342 203 190 156 191 
343 203 188 190 115 
344 203 187 106 190 
345 203 112 187 188 
346 203 190 188 187 
347 203 192 171 88 
348 203 193 109 171 
349 203 116 193 192 
350 203 171 192 193 
351 203 194 168 109 
352 203 195 87 168 
353 203 117 195 194 
354 203 168 194 195 
355 203 197 196 116 
356 203 198 117 196 
357 203 92 198 197 
358 203 196 197 198 
359 203 194 196 117 
360 203 193 116 196 
361 203 109 193 194 
362 203 196 194 193 
363 203 151 199 83 
364 203 200 118 199 
365 203 102 200 151 
366 203 199 151 200 
367 203 202 201 118 
368 203 203 92 201 
369 203 119 203 202 
370 203 201 202 203 
371 203 145 204 102 
372 203 205 119 204 
373 203 81 205 145 
374 203 204 145 205 
375 203 202 204 119 
376 203 200 102 204 
377 203 118 200 202 
378 203 204 202 200 
379 203 197 201 92 
380 203 206 118 201 
381 203 116 206 197 
382 203 201 197 206 
383 203 207 199 118 
384 203 191 83 199 
385 203 115 191 207 
386 203 199 207 191 
387 203 192 208 116 
388 203 189 115 208 
389 203 88 189 192 
390 203 208 192 189 
391 203 207 208 115 
392 203 206 116 208 
393 203 118 206 207 
394 203 208 207 206 
395 203 209 165 87 
396 203 210 107 165 
397 203 120 210 209 
398 203 165 209 210 
399 203 211 163 107 
400 203 212 91 163 
401 203 121 212 211 
402 203 163 211 212 
403 203 214 213 120 
404 203 215 121 213 
405 203 93 215 214 
406 203 213 214 215 
407 203 211 213 121 
408 203 210 120 213 
409 203 107 210 211 
410 203 213 211 210 
411 203 34 33 91 
412 203 122 217 216 
413 203 91 216 34 
414 203 217 34 216 
415 203 219 218 122 
416 203 138 98 218 
417 203 86 138 219 
418 203 218 219 138 
419 203 217 122 218 
420 203 34 217 35 
421 203 221 220 93 
422 203 218 98 35 
423 203 217 218 35 
424 203 222 123 220 
425 203 124 222 221 
426 203 220 221 222 
427 203 224 223 123 
428 203 137 86 223 
429 203 97 137 224 
430 203 223 224 137 
431 203 226 225 124 
432 203 136 97 225 
433 203 84 136 226 
434 203 225 226 136 
435 203 224 225 97 
436 203 222 124 225 
437 203 123 222 224 
438 203 225 224 222 
439 203 219 223 86 
440 203 227 123 223 
441 203 122 227 219 
442 203 223 219 227 
443 203 228 220 123 
444 203 215 93 220 
445 203 121 215 228 
446 203 220 228 215 
447 203 216 229 122 
448 203 212 121 229 
449 203 91 212 216 
450 203 229 216 212 
451 203 228 229 121 
452 203 227 122 229 
453 203 123 227 228 
454 203 229 228 227 
455 203 142 230 81 
456 203 231 125 230 
457 203 99 231 142 
458 203 230 142 231 
459 203 233 232 125 
460 203 234 94 232 
461 203 126 234 233 
462 203 232 233 234 
463 203 139 235 99 
464 203 236 126 235 
465 203 90 236 139 
466 203 235 139 236 
467 203 233 235 126 
468 203 231 99 235 
469 203 125 231 233 
470 203 235 233 231 
471 203 238 237 94 
472 203 239 127 237 
473 203 128 239 238 
474 203 237 238 239 
475 203 241 240 127 
476 203 135 84 240 
477 203 96 135 241 
478 203 240 241 135 
479 203 243 242 128 
480 203 134 96 242 
481 203 85 134 243 
482 203 242 243 134 
483 203 241 242 96 
484 203 239 128 242 
485 203 127 239 241 
486 203 242 241 239 
487 203 90 65 64 
488 203 245 129 244 
489 203 63 245 64 
490 203 245 244 64 
491 203 247 246 129 
492 203 133 85 246 
493 203 95 133 247 
494 203 246 247 133 
495 203 63 7 95 
496 203 129 245 247 
497 203 243 246 85 
498 203 95 247 63 
499 203 247 245 63 
500 203 248 129 246 
501 203 128 248 243 
502 203 246 243 248 
503 203 249 244 129 
504 203 236 90 244 
505 203 126 236 249 
506 203 244 249 236 
507 203 238 250 128 
508 203 234 126 250 
509 203 94 234 238 
510 203 250 238 234 
511 203 249 250 126 
512 203 248 128 250 
513 203 129 248 249 
514 203 250 249 248 
515 203 226 240 84 
516 203 251 127 240 
517 203 124 251 226 
518 203 240 226 251 
519 203 252 237 127 
520 203 253 94 237 
521 203 130 253 252 
522 203 237 252 253 
523 203 221 254 124 
524 203 255 130 254 
525 203 93 255 221 
526 203 254 221 255 
527 203 252 254 130 
528 203 251 124 254 
529 203 127 251 252 
530 203 254 252 251 
531 203 256 232 94 
532 203 257 125 232 
533 203 131 257 256 
534 203 232 256 257 
535 203 258 230 125 
536 203 205 81 230 
537 203 119 205 258 
538 203 230 258 205 
539 203 260 259 131 
540 203 203 119 259 
541 203 92 203 260 
542 203 259 260 203 
543 203 258 259 119 
544 203 257 131 259 
545 203 125 257 258 
546 203 259 258 257 
547 203 214 261 93 
548 203 262 132 261 
549 203 120 262 214 
550 203 261 214 262 
551 203 264 263 132 
552 203 198 92 263 
553 203 117 198 264 
554 203 263 264 198 
555 203 209 265 120 
556 203 195 117 265 
557 203 87 195 209 
558 203 265 209 195 
559 203 264 265 117 
560 203 262 120 265 
561 203 132 262 264 
562 203 265 264 262 
563 203 260 263 92 
564 203 266 132 263 
565 203 131 266 260 
566 203 263 260 266 
567 203 267 261 132 
568 203 255 93 261 
569 203 130 255 267 
570 203 261 267 255 
571 203 256 268 131 
572 203 253 130 268 
573 203 94 253 256 
574 203 268 256 253 
575 203 267 268 130 
576 203 266 131 268 
577 203 132 266 267 
578 203 268 267 266 
579 203 273 61 321 
580 203 62 8 283 
581 203 62 321 61 
582 203 321 62 283 
583 203 273 322 61 
584 203 284 60 322 
585 203 59 60 284 
586 203 323 59 284 
587 203 58 59 323 
588 203 60 61 322 
589 203 272 324 58 
590 203 285 57 324 
591 203 56 57 285 
592 203 325 56 285 
593 203 55 56 325 
594 203 54 55 326 
595 203 326 286 54 
596 203 6 54 286 
597 203 44 6 286 
598 203 274 326 55 
599 203 274 55 325 
600 203 57 58 324 
601 203 272 58 323 
602 203 73 278 432 
603 203 75 278 74 
604 203 287 327 328 
605 203 278 75 327 
606 203 328 327 75 
607 203 330 287 329 
608 203 331 329 288 
609 203 269 330 331 
610 203 329 331 330 
611 203 328 329 287 
612 203 75 76 328 
613 203 329 76 288 
614 203 329 328 76 
615 203 333 269 332 
616 203 334 332 289 
617 203 290 333 334 
618 203 332 334 333 
619 203 336 289 335 
620 203 337 335 270 
621 203 291 336 337 
622 203 335 337 336 
623 203 339 290 338 
624 203 340 338 291 
625 203 271 339 340 
626 203 338 340 339 
627 203 336 291 338 
628 203 334 338 290 
629 203 289 336 334 
630 203 338 334 336 
631 203 341 270 80 
632 203 292 341 342 
633 203 79 80 270 
634 203 341 80 342 
635 203 2 18 342 
636 203 292 342 18 
637 203 80 2 342 
638 203 344 271 343 
639 203 345 343 293 
640 203 294 344 345 
641 203 343 345 344 
642 203 19 20 293 
643 203 345 21 294 
644 203 20 21 345 
645 203 293 20 345 
646 203 18 19 292 
647 203 347 293 343 
648 203 346 292 19 
649 203 346 19 293 
650 203 340 343 271 
651 203 291 347 340 
652 203 343 340 347 
653 203 341 292 348 
654 203 337 348 291 
655 203 270 341 337 
656 203 348 337 341 
657 203 347 291 348 
658 203 346 348 292 
659 203 293 347 346 
660 203 348 346 347 
661 203 270 335 79 
662 203 349 335 289 
663 203 79 349 78 
664 203 350 289 332 
665 203 331 332 269 
666 203 288 350 331 
667 203 332 331 350 
668 203 76 77 288 
669 203 288 77 350 
670 203 77 349 350 
671 203 289 350 349 
672 203 349 77 78 
673 203 349 79 335 
674 203 279 41 42 
675 203 352 351 295 
676 203 40 41 352 
677 203 352 41 351 
678 203 354 295 353 
679 203 355 353 275 
680 203 296 354 355 
681 203 353 355 354 
682 203 39 40 296 
683 203 354 40 352 
684 203 296 40 354 
685 203 295 354 352 
686 203 41 279 351 
687 203 357 275 356 
688 203 358 356 297 
689 203 298 357 358 
690 203 356 358 357 
691 203 360 297 359 
692 203 361 359 276 
693 203 299 360 361 
694 203 359 361 360 
695 203 363 298 362 
696 203 364 362 299 
697 203 277 363 364 
698 203 362 364 363 
699 203 360 299 362 
700 203 358 362 298 
701 203 297 360 358 
702 203 362 358 360 
703 203 366 276 365 
704 203 367 365 300 
705 203 301 366 367 
706 203 365 367 366 
707 203 22 23 300 
708 203 367 24 301 
709 203 23 24 367 
710 203 300 23 367 
711 203 369 368 302 
712 203 4 36 369 
713 203 368 36 277 
714 203 369 36 368 
715 203 26 302 25 
716 203 302 26 369 
717 203 26 4 369 
718 203 370 25 302 
719 203 301 25 370 
720 203 371 302 368 
721 203 25 301 24 
722 203 364 368 277 
723 203 299 371 364 
724 203 368 364 371 
725 203 366 301 372 
726 203 361 372 299 
727 203 276 366 361 
728 203 372 361 366 
729 203 371 299 372 
730 203 370 372 301 
731 203 302 371 370 
732 203 372 370 371 
733 203 298 363 373 
734 203 37 373 363 
735 203 373 37 38 
736 203 373 39 374 
737 203 357 298 374 
738 203 355 374 296 
739 203 275 357 355 
740 203 374 355 357 
741 203 296 374 39 
742 203 373 374 298 
743 203 39 373 38 
744 203 36 37 277 
745 203 277 37 363 
746 203 375 294 22 
747 203 376 300 365 
748 203 21 22 294 
749 203 375 22 300 
750 203 377 365 276 
751 203 303 376 377 
752 203 365 377 376 
753 203 344 294 378 
754 203 379 378 303 
755 203 271 344 379 
756 203 378 379 344 
757 203 376 303 378 
758 203 375 378 294 
759 203 300 376 375 
760 203 378 375 376 
761 203 380 276 359 
762 203 381 359 297 
763 203 304 380 381 
764 203 359 381 380 
765 203 382 297 356 
766 203 383 356 275 
767 203 305 382 383 
768 203 356 383 382 
769 203 385 304 384 
770 203 386 384 305 
771 203 280 385 386 
772 203 384 386 385 
773 203 382 305 384 
774 203 381 384 304 
775 203 297 382 381 
776 203 384 381 382 
777 203 339 271 387 
778 203 388 387 306 
779 203 290 339 388 
780 203 387 388 339 
781 203 390 306 389 
782 203 391 389 280 
783 203 307 390 391 
784 203 389 391 390 
785 203 333 290 392 
786 203 393 392 307 
787 203 269 333 393 
788 203 392 393 333 
789 203 390 307 392 
790 203 388 392 290 
791 203 306 390 388 
792 203 392 388 390 
793 203 385 280 389 
794 203 394 389 306 
795 203 304 385 394 
796 203 389 394 385 
797 203 395 306 387 
798 203 379 387 271 
799 203 303 395 379 
800 203 387 379 395 
801 203 380 304 396 
802 203 377 396 303 
803 203 276 380 377 
804 203 396 377 380 
805 203 395 303 396 
806 203 394 396 304 
807 203 306 395 394 
808 203 396 394 395 
809 203 397 275 353 
810 203 398 353 295 
811 203 308 397 398 
812 203 353 398 397 
813 203 399 295 351 
814 203 400 351 279 
815 203 309 399 400 
816 203 351 400 399 
817 203 402 308 401 
818 203 403 401 309 
819 203 281 402 403 
820 203 401 403 402 
821 203 399 309 401 
822 203 398 401 308 
823 203 295 399 398 
824 203 401 398 399 
825 203 43 279 42 
826 203 310 404 405 
827 203 279 43 404 
828 203 405 404 43 
829 203 407 310 406 
830 203 326 406 286 
831 203 274 407 326 
832 203 406 326 407 
833 203 405 406 310 
834 203 43 44 405 
835 203 409 281 408 
836 203 406 44 286 
837 203 405 44 406 
838 203 410 408 311 
839 203 312 409 410 
840 203 408 410 409 
841 203 412 311 411 
842 203 325 411 274 
843 203 285 412 325 
844 203 411 325 412 
845 203 414 312 413 
846 203 324 413 285 
847 203 272 414 324 
848 203 413 324 414 
849 203 412 285 413 
850 203 410 413 312 
851 203 311 412 410 
852 203 413 410 412 
853 203 407 274 411 
854 203 415 411 311 
855 203 310 407 415 
856 203 411 415 407 
857 203 416 311 408 
858 203 403 408 281 
859 203 309 416 403 
860 203 408 403 416 
861 203 404 310 417 
862 203 400 417 309 
863 203 279 404 400 
864 203 417 400 404 
865 203 416 309 417 
866 203 415 417 310 
867 203 311 416 415 
868 203 417 415 416 
869 203 330 269 418 
870 203 419 418 313 
871 203 287 330 419 
872 203 418 419 330 
873 203 421 313 420 
874 203 422 420 282 
875 203 314 421 422 
876 203 420 422 421 
877 203 327 287 423 
878 203 424 423 314 
879 203 278 327 424 
880 203 423 424 327 
881 203 421 314 423 
882 203 419 423 287 
883 203 313 421 419 
884 203 423 419 421 
885 203 426 282 425 
886 203 427 425 315 
887 203 316 426 427 
888 203 425 427 426 
889 203 429 315 428 
890 203 323 428 272 
891 203 284 429 323 
892 203 428 323 429 
893 203 431 316 430 
894 203 322 430 284 
895 203 273 431 322 
896 203 430 322 431 
897 203 429 284 430 
898 203 427 430 316 
899 203 315 429 427 
900 203 430 427 429 
901 203 278 73 74 
902 203 433 432 317 
903 203 72 73 433 
904 203 433 73 432 
905 203 435 317 434 
906 203 321 434 273 
907 203 283 435 321 
908 203 434 321 435 
909 203 72 283 8 
910 203 317 435 433 
911 203 431 273 434 
912 203 283 72 435 
913 203 435 72 433 
914 203 436 434 317 
915 203 316 431 436 
916 203 434 436 431 
917 203 437 317 432 
918 203 424 432 278 
919 203 314 437 424 
920 203 432 424 437 
921 203 426 316 438 
922 203 422 438 314 
923 203 282 426 422 
924 203 438 422 426 
925 203 437 314 438 
926 203 436 438 316 
927 203 317 437 436 
928 203 438 436 437 
929 203 414 272 428 
930 203 439 428 315 
931 203 312 414 439 
932 203 428 439 414 
933 203 440 315 425 
934 203 441 425 282 
935 203 318 440 441 
936 203 425 441 440 
937 203 409 312 442 
938 203 443 442 318 
939 203 281 409 443 
940 203 442 443 409 
941 203 440 318 442 
942 203 439 442 312 
943 203 315 440 439 
944 203 442 439 440 
945 203 444 282 420 
946 203 445 420 313 
947 203 319 444 445 
948 203 420 445 444 
949 203 446 313 418 
950 203 393 418 269 
951 203 307 446 393 
952 203 418 393 446 
953 203 448 319 447 
954 203 391 447 307 
955 203 280 448 391 
956 203 447 391 448 
957 203 446 307 447 
958 203 445 447 319 
959 203 313 446 445 
960 203 447 445 446 
961 203 402 281 449 
962 203 450 449 320 
963 203 308 402 450 
964 203 449 450 402 
965 203 452 320 451 
966 203 386 451 280 
967 203 305 452 386 
968 203 451 386 452 
969 203 397 308 453 
970 203 383 453 305 
971 203 275 397 383 
972 203 453 383 397 
973 203 452 305 453 
974 203 450 453 308 
975 203 320 452 450 
976 203 453 450 452 
977 203 448 280 451 
978 203 454 451 320 
979 203 319 448 454 
980 203 451 454 448 
981 203 455 320 449 
982 203 443 449 281 
983 203 318 455 443 
984 203 449 443 455 
985 203 444 319 456 
986 203 441 456 318 
987 203 282 444 441 
988 203 456 441 444 
989 203 455 318 456 
990 203 454 456 319 
991 203 320 455 454 
992 203 456 454 455 
993 304 299 372 111 361 
994 304 268 319 256 456 
995 304 249 424 244 437 
996 304 139 90 481 66 
997 304 319 447 257 445 
998 304 420 232 444 282 
999 304 190 375 294 378 
1000 304 221 410 220 409 
1001 304 81 230 393 269 
1002 304 308 120 450 453 
1003 304 387 191 271 379 
1004 304 355 374 167 357 
1005 304 232 445 420 444 
1006 304 232 256 257 444 
1007 304 223 412 411 311 
1008 304 259 203 391 260 
1009 304 280 389 92 391 
1010 304 266 448 319 454 
1011 304 307 202 390 391 
1012 304 139 481 90 327 
1013 304 275 87 168 357 
1014 304 408 410 409 220 
1015 304 319 256 444 257 
1016 304 374 186 167 357 
1017 304 121 213 215 401 
1018 304 245 496 64 478 
1019 304 119 307 393 446 
1020 304 212 229 417 121 
1021 304 319 256 257 131 
1022 304 334 290 333 145 
1023 304 379 344 378 190 
1024 304 445 257 313 446 
1025 304 422 420 282 232 
1026 304 211 309 399 401 
1027 304 212 229 216 404 
1028 304 414 468 324 272 
1029 304 190 498 106 294 
1030 304 429 239 242 427 
1031 304 402 281 215 403 
1032 304 372 178 366 301 
1033 304 449 320 450 132 
1034 304 127 429 240 315 
1035 304 223 407 227 411 
1036 304 429 427 242 430 
1037 304 411 223 311 227 
1038 304 481 74 278 75 
1039 304 281 408 220 215 
1040 304 87 169 168 357 
1041 304 443 255 130 267 
1042 304 281 402 215 93 
1043 304 195 382 117 383 
1044 304 264 262 450 132 
1045 304 170 360 358 362 
1046 304 410 408 311 220 
1047 304 402 213 401 215 
1048 304 443 455 130 318 
1049 304 195 382 383 168 
1050 304 438 126 437 314 
1051 304 90 236 278 244 
1052 304 444 94 282 232 
1053 304 265 452 453 117 
1054 304 125 231 313 230 
1055 304 74 496 481 278 
1056 304 434 246 133 435 
1057 304 223 274 407 411 
1058 304 299 111 362 172 
1059 304 454 319 266 456 
1060 304 360 171 359 361 
1061 304 265 452 117 264 
1062 304 178 173 184 361 
1063 304 175 364 363 277 
1064 304 436 248 437 250 
1065 304 439 254 440 442 
1066 304 455 443 130 267 
1067 304 402 261 449 450 
1068 304 129 247 435 245 
1069 304 308 402 450 120 
1070 304 305 117 383 453 
1071 304 275 87 353 397 
1072 304 165 397 210 353 
1073 304 171 173 88 361 
1074 304 268 319 456 266 
1075 304 356 275 168 357 
1076 304 276 359 88 361 
1077 304 276 178 366 361 
1078 304 120 265 450 453 
1079 304 92 448 451 280 
1080 304 374 479 39 497 
1081 304 422 234 126 233 
1082 304 372 178 301 184 
1083 304 465 91 163 32 
1084 304 165 397 353 87 
1085 304 455 266 454 320 
1086 304 442 443 130 318 
1087 304 226 225 124 414 
1088 304 389 203 92 391 
1089 304 354 355 167 353 
1090 304 108 354 296 167 
1091 304 243 436 246 431 
1092 304 331 142 269 330 
1093 304 354 107 295 353 
1094 304 368 180 114 181 
1095 304 443 442 130 254 
1096 304 418 258 446 313 
1097 304 254 221 409 124 
1098 304 376 300 188 187 
1099 304 83 340 271 343 
1100 304 173 178 88 361 
1101 304 276 178 361 88 
1102 304 190 375 378 376 
1103 304 266 320 451 454 
1104 304 126 249 250 437 
1105 304 290 146 334 150 
1106 304 229 415 310 417 
1107 304 403 121 401 309 
1108 304 389 203 391 202 
1109 304 103 291 337 148 
1110 304 343 471 293 345 
1111 304 455 266 320 267 
1112 304 266 320 267 132 
1113 304 267 320 455 449 
1114 304 267 268 130 456 
1115 304 270 149 147 82 
1116 304 354 296 167 355 
1117 304 96 134 284 242 
1118 304 422 234 282 426 
1119 304 196 194 193 384 
1120 304 135 96 50 495 
1121 304 188 376 187 190 
1122 304 290 338 339 150 
1123 304 134 430 322 284 
1124 304 389 203 202 201 
1125 304 389 203 201 92 
1126 304 212 309 400 211 
1127 304 170 360 362 172 
1128 304 400 465 163 351 
1129 304 416 228 215 121 
1130 304 396 395 207 206 
1131 304 247 480 478 63 
1132 304 340 338 150 339 
1133 304 439 428 315 251 
1134 304 403 121 309 416 
1135 304 330 142 287 329 
1136 304 497 30 108 186 
1137 304 176 371 299 364 
1138 304 348 160 159 103 
1139 304 327 99 287 235 
1140 304 151 102 339 150 
1141 304 368 472 302 369 
1142 304 109 297 168 170 
1143 304 321 434 133 435 
1144 304 433 432 496 73 
1145 304 365 189 377 188 
1146 304 408 281 220 409 
1147 304 240 429 135 428 
1148 304 102 290 339 150 
1149 304 289 470 161 349 
1150 304 252 440 315 251 
1151 304 440 252 315 237 
1152 304 369 472 181 368 
1153 304 354 107 353 166 
1154 304 276 380 377 88 
1155 304 262 265 450 120 
1156 304 145 333 269 393 
1157 304 272 428 135 323 
1158 304 139 481 504 66 
1159 304 134 430 284 242 
1160 304 334 146 145 144 
1161 304 142 330 230 269 
1162 304 376 378 115 303 
1163 304 327 99 235 139 
1164 304 100 288 143 162 
1165 304 232 445 444 257 
1166 304 378 376 115 190 
1167 304 229 415 417 416 
1168 304 421 232 313 420 
1169 304 381 194 382 384 
1170 304 221 410 409 124 
1171 304 372 182 301 370 
1172 304 87 169 357 167 
1173 304 327 99 139 140 
1174 304 406 500 286 326 
1175 304 327 99 140 287 
1176 304 332 334 144 289 
1177 304 101 334 148 289 
1178 304 83 151 199 339 
1179 304 101 334 289 144 
1180 304 189 380 377 208 
1181 304 274 506 55 325 
1182 304 411 407 227 415 
1183 304 101 334 144 146 
1184 304 101 334 146 148 
1185 304 113 178 184 301 
1186 304 199 200 388 339 
1187 304 321 434 273 133 
1188 304 392 200 388 202 
1189 304 319 256 456 444 
1190 304 433 129 244 317 
1191 304 317 432 244 433 
1192 304 236 424 278 244 
1193 304 433 129 317 435 
1194 304 248 249 437 250 
1195 304 452 305 453 117 
1196 304 270 149 341 337 
1197 304 424 432 278 244 
1198 304 494 68 477 77 
1199 304 153 149 341 82 
1200 304 396 208 115 377 
1201 304 91 212 400 163 
1202 304 288 331 143 162 
1203 304 408 281 403 215 
1204 304 298 110 374 357 
1205 304 258 447 446 257 
1206 304 160 348 159 158 
1207 304 144 350 331 332 
1208 304 440 252 130 254 
1209 304 163 211 400 351 
1210 304 212 211 400 163 
1211 304 189 380 208 192 
1212 304 400 465 351 279 
1213 304 416 228 227 311 
1214 304 170 358 357 298 
1215 304 186 110 169 357 
1216 304 228 416 220 311 
1217 304 81 205 393 230 
1218 304 406 500 326 138 
1219 304 208 189 115 377 
1220 304 221 410 124 222 
1221 304 169 170 168 357 
1222 304 443 442 254 409 
1223 304 130 253 441 456 
1224 304 196 304 384 193 
1225 304 221 255 254 409 
1226 304 111 299 361 172 
1227 304 319 447 448 260 
1228 304 403 402 401 215 
1229 304 280 385 386 198 
1230 304 395 379 303 115 
1231 304 316 427 128 426 
1232 304 434 246 431 273 
1233 304 266 448 454 451 
1234 304 318 130 441 456 
1235 304 429 323 284 135 
1236 304 344 345 294 157 
1237 304 162 350 289 349 
1238 304 418 231 419 330 
1239 304 258 393 446 119 
1240 304 152 347 291 340 
1241 304 170 356 357 358 
1242 304 152 347 340 343 
1243 304 87 355 357 275 
1244 304 170 174 172 362 
1245 304 344 156 294 190 
1246 304 234 438 426 422 
1247 304 249 424 437 126 
1248 304 346 348 159 347 
1249 304 292 160 348 341 
1250 304 182 113 184 301 
1251 304 449 402 281 93 
1252 304 328 141 329 287 
1253 304 110 170 357 298 
1254 304 110 169 357 170 
1255 304 235 314 233 423 
1256 304 360 299 362 172 
1257 304 296 355 374 167 
1258 304 433 129 435 245 
1259 304 156 271 191 344 
1260 304 83 340 343 152 
1261 304 262 402 120 450 
1262 304 448 447 391 260 
1263 304 387 191 379 207 
1264 304 225 511 285 324 
1265 304 170 110 362 298 
1266 304 272 240 135 428 
1267 304 406 310 405 122 
1268 304 166 354 167 353 
1269 304 174 110 362 170 
1270 304 305 382 117 384 
1271 304 376 300 365 188 
1272 304 379 191 190 115 
1273 304 295 107 210 353 
1274 304 176 371 364 368 
1275 304 170 356 358 297 
1276 304 429 428 323 135 
1277 304 331 142 330 329 
1278 304 494 100 477 68 
1279 304 423 419 421 233 
1280 304 360 109 170 297 
1281 304 379 395 207 115 
1282 304 382 297 168 194 
1283 304 136 324 225 414 
1284 304 120 209 397 210 
1285 304 209 453 120 397 
1286 304 439 251 124 414 
1287 304 439 442 312 124 
1288 304 236 90 278 327 
1289 304 110 373 363 298 
1290 304 110 174 362 175 
1291 304 231 419 287 235 
1292 304 240 127 315 251 
1293 304 183 458 370 302 
1294 304 431 510 322 273 
1295 304 429 430 242 284 
1296 304 360 171 361 172 
1297 304 174 111 362 176 
1298 304 439 254 442 124 
1299 304 365 189 188 177 
1300 304 413 224 410 412 
1301 304 290 392 333 145 
1302 304 263 451 266 132 
1303 304 209 195 397 87 
1304 304 372 184 183 111 
1305 304 230 418 393 269 
1306 304 183 458 302 114 
1307 304 156 106 294 190 
1308 304 418 231 330 230 
1309 304 389 201 197 92 
1310 304 271 83 191 199 
1311 304 161 289 349 162 
1312 304 178 366 301 179 
1313 304 406 326 407 219 
1314 304 106 156 294 157 
1315 304 142 330 287 231 
1316 304 141 100 329 143 
1317 304 100 288 329 143 
1318 304 151 152 150 339 
1319 304 327 481 90 278 
1320 304 436 316 431 128 
1321 304 243 436 431 128 
1322 304 209 453 397 195 
1323 304 317 432 437 244 
1324 304 352 107 295 354 
1325 304 204 307 202 392 
1326 304 447 319 257 259 
1327 304 396 208 207 115 
1328 304 299 111 183 176 
1329 304 372 178 184 361 
1330 304 445 319 444 257 
1331 304 476 326 86 274 
1332 304 366 367 301 179 
1333 304 376 188 115 190 
1334 304 201 389 118 202 
1335 304 297 382 168 356 
1336 304 277 175 176 89 
1337 304 389 390 202 391 
1338 304 438 126 314 422 
1339 304 38 30 39 479 
1340 304 372 182 370 183 
1341 304 113 178 301 179 
1342 304 38 30 479 29 
1343 304 310 406 407 219 
1344 304 449 255 93 443 
1345 304 386 264 452 451 
1346 304 246 247 133 435 
1347 304 406 218 138 219 
1348 304 197 280 385 389 
1349 304 197 280 389 92 
1350 304 452 264 450 132 
1351 304 164 473 474 32 
1352 304 240 429 428 315 
1353 304 418 258 313 230 
1354 304 307 447 446 119 
1355 304 331 142 329 143 
1356 304 195 382 168 194 
1357 304 208 304 380 396 
1358 304 449 443 455 267 
1359 304 276 359 380 88 
1360 304 297 109 168 194 
1361 304 241 429 242 284 
1362 304 336 334 150 338 
1363 304 142 141 329 143 
1364 304 234 422 232 233 
1365 304 444 94 232 256 
1366 304 127 429 315 239 
1367 304 234 438 422 126 
1368 304 238 427 426 128 
1369 304 239 427 128 242 
1370 304 128 438 436 316 
1371 304 128 438 316 426 
1372 304 336 147 335 337 
1373 304 108 354 167 166 
1374 304 442 440 130 254 
1375 304 217 406 405 122 
1376 304 123 412 223 311 
1377 304 265 452 264 450 
1378 304 156 344 294 157 
1379 304 482 135 50 495 
1380 304 127 429 239 241 
1381 304 443 281 409 93 
1382 304 262 402 450 261 
1383 304 204 307 392 393 
1384 304 372 178 361 366 
1385 304 247 478 480 435 
1386 304 276 178 88 365 
1387 304 196 304 193 116 
1388 304 439 254 124 251 
1389 304 128 438 426 250 
1390 304 99 141 287 142 
1391 304 312 439 124 414 
1392 304 424 236 278 327 
1393 304 129 434 317 435 
1394 304 348 291 337 103 
1395 304 105 347 293 346 
1396 304 90 236 139 327 
1397 304 304 197 196 385 
1398 304 381 171 380 359 
1399 304 348 160 337 341 
1400 304 394 197 304 385 
1401 304 334 332 145 333 
1402 304 204 307 393 119 
1403 304 205 204 393 119 
1404 304 165 166 167 353 
1405 304 207 306 206 395 
1406 304 258 393 119 205 
1407 304 325 483 506 56 
1408 304 232 445 257 313 
1409 304 147 270 335 337 
1410 304 270 149 337 147 
1411 304 81 145 269 393 
1412 304 81 205 145 393 
1413 304 392 204 393 145 
1414 304 356 275 383 168 
1415 304 204 205 393 145 
1416 304 408 416 215 403 
1417 304 128 438 250 436 
1418 304 203 92 391 260 
1419 304 402 213 215 214 
1420 304 213 120 401 210 
1421 304 120 398 308 401 
1422 304 120 398 401 210 
1423 304 290 334 338 150 
1424 304 387 199 388 339 
1425 304 398 211 399 401 
1426 304 396 208 377 380 
1427 304 192 171 380 193 
1428 304 359 109 297 381 
1429 304 276 365 88 377 
1430 304 152 347 343 159 
1431 304 270 149 82 341 
1432 304 410 123 220 311 
1433 304 325 483 56 285 
1434 304 123 412 311 410 
1435 304 392 200 202 204 
1436 304 152 155 159 343 
1437 304 152 347 159 291 
1438 304 208 304 396 206 
1439 304 410 123 224 222 
1440 304 253 256 456 268 
1441 304 382 356 383 168 
1442 304 226 136 225 414 
1443 304 125 232 257 313 
1444 304 232 445 313 420 
1445 304 419 231 313 233 
1446 304 324 413 285 225 
1447 304 231 125 313 233 
1448 304 358 170 362 298 
1449 304 125 232 313 233 
1450 304 421 232 420 422 
1451 304 389 201 118 206 
1452 304 392 200 204 102 
1453 304 451 452 320 132 
1454 304 319 131 257 259 
1455 304 81 142 269 143 
1456 304 152 340 150 339 
1457 304 268 319 266 131 
1458 304 92 448 280 391 
1459 304 241 429 284 135 
1460 304 452 451 264 132 
1461 304 238 427 128 239 
1462 304 156 344 191 190 
1463 304 429 239 427 315 
1464 304 217 406 122 218 
1465 304 376 303 115 377 
1466 304 511 285 483 97 
1467 304 336 147 337 148 
1468 304 386 264 451 198 
1469 304 387 271 199 339 
1470 304 87 355 275 353 
1471 304 92 448 391 260 
1472 304 147 149 337 148 
1473 304 421 232 422 233 
1474 304 155 156 157 343 
1475 304 314 424 126 437 
1476 304 378 379 190 115 
1477 304 259 447 391 119 
1478 304 403 121 416 215 
1479 304 212 309 211 121 
1480 304 451 263 264 132 
1481 304 122 310 405 404 
1482 304 431 85 273 246 
1483 304 207 306 395 387 
1484 304 310 407 227 219 
1485 304 223 407 86 219 
1486 304 189 380 192 88 
1487 304 105 347 346 159 
1488 304 443 449 281 93 
1489 304 139 504 481 327 
1490 304 402 261 214 93 
1491 304 422 314 421 233 
1492 304 225 511 324 136 
1493 304 93 281 220 215 
1494 304 197 280 92 198 
1495 304 291 348 159 103 
1496 304 428 439 414 251 
1497 304 415 411 311 227 
1498 304 416 408 220 311 
1499 304 83 151 339 152 
1500 304 271 83 199 339 
1501 304 74 496 278 73 
1502 304 240 429 241 135 
1503 304 59 482 50 495 
1504 304 127 239 315 237 
1505 304 499 35 218 217 
1506 304 316 242 427 430 
1507 304 419 423 287 235 
1508 304 440 439 315 251 
1509 304 99 231 287 235 
1510 304 455 266 267 456 
1511 304 156 344 157 343 
1512 304 203 202 119 391 
1513 304 127 429 241 240 
1514 304 239 425 427 315 
1515 304 249 129 248 437 
1516 304 155 156 343 83 
1517 304 483 47 506 56 
1518 304 248 436 128 250 
1519 304 272 240 428 414 
1520 304 256 253 456 441 
1521 304 156 271 344 343 
1522 304 425 440 315 237 
1523 304 83 340 152 339 
1524 304 276 178 365 366 
1525 304 144 350 332 289 
1526 304 274 506 476 55 
1527 304 440 252 254 251 
1528 304 412 224 137 285 
1529 304 266 448 451 260 
1530 304 312 442 409 124 
1531 304 110 373 298 374 
1532 304 324 413 225 414 
1533 304 444 256 456 441 
1534 304 440 252 441 130 
1535 304 123 412 410 224 
1536 304 252 253 441 130 
1537 304 333 392 393 145 
1538 304 268 253 130 456 
1539 304 379 387 207 395 
1540 304 165 397 87 209 
1541 304 424 236 235 126 
1542 304 331 288 350 162 
1543 304 319 131 259 260 
1544 304 344 345 157 343 
1545 304 412 411 325 137 
1546 304 300 177 365 188 
1547 304 117 386 452 305 
1548 304 313 258 446 257 
1549 304 431 85 246 243 
1550 304 107 165 210 353 
1551 304 402 213 214 120 
1552 304 451 280 198 92 
1553 304 277 368 89 176 
1554 304 129 436 437 317 
1555 304 265 195 117 453 
1556 304 239 425 315 237 
1557 304 414 468 272 84 
1558 304 96 241 284 135 
1559 304 223 412 224 137 
1560 304 272 240 414 84 
1561 304 210 398 353 397 
1562 304 107 165 353 166 
1563 304 209 453 195 265 
1564 304 249 129 437 244 
1565 304 428 240 315 251 
1566 304 129 317 437 244 
1567 304 165 397 209 210 
1568 304 91 212 216 404 
1569 304 313 258 257 125 
1570 304 235 423 287 327 
1571 304 87 355 353 167 
1572 304 55 326 476 274 
1573 304 418 231 230 313 
1574 304 212 91 400 404 
1575 304 334 336 150 148 
1576 304 228 123 227 311 
1577 304 402 213 120 401 
1578 304 146 334 150 148 
1579 304 234 438 126 250 
1580 304 83 340 339 271 
1581 304 433 129 245 244 
1582 304 211 107 351 163 
1583 304 96 241 242 284 
1584 304 291 340 338 150 
1585 304 423 424 327 235 
1586 304 396 304 394 206 
1587 304 291 336 148 150 
1588 304 325 412 137 285 
1589 304 395 396 207 115 
1590 304 313 258 125 230 
1591 304 332 334 145 144 
1592 304 99 141 140 287 
1593 304 199 200 118 388 
1594 304 236 139 327 235 
1595 304 424 236 327 235 
1596 304 382 194 117 384 
1597 304 207 306 387 118 
1598 304 151 200 199 339 
1599 304 334 336 148 289 
1600 304 476 46 86 138 
1601 304 418 258 230 393 
1602 304 208 304 206 116 
1603 304 318 455 130 456 
1604 304 344 271 191 379 
1605 304 274 137 325 411 
1606 304 117 386 305 384 
1607 304 223 274 411 137 
1608 304 300 177 188 112 
1609 304 120 398 210 397 
1610 304 223 274 137 86 
1611 304 396 395 303 115 
1612 304 194 196 117 384 
1613 304 363 110 298 362 
1614 304 392 290 102 145 
1615 304 306 389 118 206 
1616 304 160 149 337 341 
1617 304 303 396 115 377 
1618 304 299 372 183 111 
1619 304 229 122 216 404 
1620 304 175 364 277 176 
1621 304 292 160 341 104 
1622 304 211 107 210 295 
1623 304 310 229 417 404 
1624 304 226 240 84 414 
1625 304 47 55 506 56 
1626 304 272 240 84 135 
1627 304 226 240 414 251 
1628 304 170 356 297 168 
1629 304 176 371 368 183 
1630 304 158 292 348 346 
1631 304 292 160 104 158 
1632 304 387 191 207 199 
1633 304 431 85 243 134 
1634 304 240 428 414 251 
1635 304 238 425 282 426 
1636 304 296 497 39 508 
1637 304 186 169 167 357 
1638 304 155 105 343 157 
1639 304 155 83 343 152 
1640 304 94 425 282 238 
1641 304 94 234 282 232 
1642 304 221 255 409 93 
1643 304 234 422 282 232 
1644 304 211 399 400 351 
1645 304 440 442 130 318 
1646 304 234 238 282 426 
1647 304 94 238 282 234 
1648 304 101 144 289 162 
1649 304 243 436 128 248 
1650 304 127 252 315 251 
1651 304 336 147 148 289 
1652 304 103 291 148 150 
1653 304 432 278 496 73 
1654 304 108 296 374 167 
1655 304 234 438 250 426 
1656 304 433 478 435 72 
1657 304 478 64 72 73 
1658 304 134 430 242 431 
1659 304 134 430 431 322 
1660 304 170 356 168 357 
1661 304 144 331 162 143 
1662 304 340 291 152 150 
1663 304 134 243 431 242 
1664 304 392 200 102 388 
1665 304 144 350 289 162 
1666 304 406 98 138 218 
1667 304 419 423 235 233 
1668 304 203 259 391 119 
1669 304 204 392 102 145 
1670 304 325 55 56 506 
1671 304 195 275 168 383 
1672 304 431 510 273 85 
1673 304 291 103 159 152 
1674 304 253 252 441 237 
1675 304 289 470 349 335 
1676 304 107 211 351 295 
1677 304 107 164 351 163 
1678 304 352 107 354 164 
1679 304 438 436 437 250 
1680 304 161 289 162 101 
1681 304 328 141 287 140 
1682 304 195 275 383 397 
1683 304 368 277 364 176 
1684 304 421 419 313 233 
1685 304 57 483 511 285 
1686 304 64 63 478 72 
1687 304 153 149 160 341 
1688 304 176 371 183 299 
1689 304 372 299 183 371 
1690 304 368 180 89 176 
1691 304 302 371 370 183 
1692 304 158 292 346 507 
1693 304 499 98 218 35 
1694 304 336 291 338 150 
1695 304 372 182 183 184 
1696 304 459 461 300 23 
1697 304 144 350 162 331 
1698 304 383 195 397 453 
1699 304 110 186 374 357 
1700 304 57 483 285 56 
1701 304 252 440 441 237 
1702 304 175 364 176 362 
1703 304 47 55 46 506 
1704 304 326 406 138 219 
1705 304 343 471 345 157 
1706 304 348 346 159 158 
1707 304 196 386 117 384 
1708 304 180 368 183 176 
1709 304 189 188 115 377 
1710 304 444 94 256 441 
1711 304 256 94 253 441 
1712 304 367 300 179 365 
1713 304 173 171 172 361 
1714 304 290 146 150 102 
1715 304 378 344 294 190 
1716 304 379 378 303 115 
1717 304 105 346 158 159 
1718 304 381 194 384 193 
1719 304 368 180 183 114 
1720 304 105 347 159 343 
1721 304 302 368 183 114 
1722 304 195 275 397 87 
1723 304 116 192 380 193 
1724 304 381 304 380 193 
1725 304 381 109 297 194 
1726 304 336 147 289 335 
1727 304 189 380 88 377 
1728 304 144 331 143 269 
1729 304 359 171 380 88 
1730 304 223 274 86 407 
1731 304 447 259 391 260 
1732 304 105 347 343 293 
1733 304 171 192 380 88 
1734 304 368 302 183 371 
1735 304 402 308 401 120 
1736 304 318 440 441 130 
1737 304 184 173 111 361 
1738 304 344 379 191 190 
1739 304 94 425 238 237 
1740 304 304 381 384 193 
1741 304 281 93 220 409 
1742 304 255 443 254 409 
1743 304 239 425 237 238 
1744 304 253 94 237 441 
1745 304 387 199 118 388 
1746 304 439 254 251 440 
1747 304 190 375 376 187 
1748 304 394 197 385 389 
1749 304 394 197 389 206 
1750 304 81 144 143 269 
1751 304 381 109 194 193 
1752 304 387 199 207 118 
1753 304 434 436 431 246 
1754 304 300 177 112 179 
1755 304 252 127 315 237 
1756 304 478 64 73 496 
1757 304 444 94 441 282 
1758 304 434 246 273 133 
1759 304 129 434 435 246 
1760 304 438 126 250 437 
1761 304 129 434 246 436 
1762 304 365 189 177 88 
1763 304 258 393 205 230 
1764 304 381 109 193 171 
1765 304 144 331 269 332 
1766 304 211 399 351 295 
1767 304 307 202 391 119 
1768 304 94 425 237 441 
1769 304 110 373 374 185 
1770 304 87 355 167 357 
1771 304 242 243 431 128 
1772 304 494 100 68 162 
1773 304 290 102 339 388 
1774 304 223 123 311 227 
1775 304 120 398 397 308 
1776 304 398 211 401 210 
1777 304 211 309 401 121 
1778 304 212 309 121 417 
1779 304 111 174 362 172 
1780 304 110 373 185 363 
1781 304 449 255 443 267 
1782 304 228 416 215 220 
1783 304 173 111 361 172 
1784 304 93 221 220 409 
1785 304 229 212 417 404 
1786 304 178 177 88 365 
1787 304 316 242 430 431 
1788 304 225 511 136 97 
1789 304 225 312 413 410 
1790 304 405 499 217 487 
1791 304 229 415 416 227 
1792 304 310 229 404 122 
1793 304 101 147 289 148 
1794 304 229 416 417 121 
1795 304 196 385 197 198 
1796 304 330 419 287 231 
1797 304 99 142 287 231 
1798 304 234 238 426 250 
1799 304 81 142 230 269 
1800 304 376 188 365 377 
1801 304 221 410 222 220 
1802 304 87 165 167 353 
1803 304 392 290 388 102 
1804 304 288 331 329 143 
1805 304 410 222 225 124 
1806 304 413 224 412 285 
1807 304 200 202 118 388 
1808 304 402 261 93 449 
1809 304 331 142 143 269 
1810 304 81 144 269 145 
1811 304 299 364 362 176 
1812 304 149 103 337 148 
1813 304 392 390 202 388 
1814 304 390 389 118 306 
1815 304 136 226 84 414 
1816 304 451 263 260 92 
1817 304 111 299 362 176 
1818 304 389 390 118 202 
1819 304 243 436 248 246 
1820 304 174 175 176 362 
1821 304 235 314 423 424 
1822 304 238 425 426 427 
1823 304 398 295 210 353 
1824 304 239 425 238 427 
1825 304 314 423 421 233 
1826 304 208 304 116 380 
1827 304 262 402 261 214 
1828 304 262 261 450 132 
1829 304 97 224 225 285 
1830 304 421 232 233 313 
1831 304 394 197 206 304 
1832 304 402 214 215 93 
1833 304 363 110 362 175 
1834 304 46 55 476 506 
1835 304 229 416 121 228 
1836 304 224 97 137 285 
1837 304 455 266 456 454 
1838 304 299 360 361 172 
1839 304 261 449 450 132 
1840 304 267 268 456 266 
1841 304 363 110 175 185 
1842 304 218 406 122 219 
1843 304 367 366 365 179 
1844 304 330 418 230 269 
1845 304 416 408 215 220 
1846 304 191 379 207 115 
1847 304 188 376 115 377 
1848 304 386 264 198 117 
1849 304 196 386 384 385 
1850 304 455 267 130 456 
1851 304 91 279 400 404 
1852 304 154 342 341 104 
1853 304 160 348 337 103 
1854 304 44 487 499 405 
1855 304 149 160 337 103 
1856 304 122 217 216 404 
1857 304 212 400 417 404 
1858 304 342 292 341 104 
1859 304 449 255 267 261 
1860 304 291 336 337 148 
1861 304 406 310 122 219 
1862 304 122 310 227 219 
1863 304 497 30 39 508 
1864 304 445 447 257 446 
1865 304 258 447 257 259 
1866 304 440 425 441 237 
1867 304 447 319 259 260 
1868 304 300 112 188 187 
1869 304 207 306 118 206 
1870 304 156 271 343 83 
1871 304 190 498 294 375 
1872 304 304 197 206 116 
1873 304 153 154 341 104 
1874 304 354 107 166 164 
1875 304 161 289 101 147 
1876 304 217 122 405 404 
1877 304 139 504 140 66 
1878 304 306 387 118 388 
1879 304 306 395 394 206 
1880 304 395 396 394 206 
1881 304 156 271 83 191 
1882 304 153 160 104 341 
1883 304 372 184 111 361 
1884 304 291 103 152 150 
1885 304 359 109 381 171 
1886 304 170 360 297 358 
1887 304 360 109 171 172 
1888 304 360 109 172 170 
1889 304 195 382 194 117 
1890 304 225 312 410 124 
1891 304 304 116 380 193 
1892 304 212 309 417 400 
1893 304 192 208 116 380 
1894 304 196 386 385 198 
1895 304 265 452 450 453 
1896 304 381 171 193 380 
1897 304 263 451 198 92 
1898 304 389 306 394 206 
1899 304 300 177 179 365 
1900 304 208 396 207 206 
1901 304 359 109 171 360 
1902 304 196 386 198 117 
1903 304 267 320 449 132 
1904 304 117 195 383 453 
1905 304 251 226 124 414 
1906 304 373 479 38 39 
1907 304 359 109 360 297 
1908 304 225 312 124 414 
1909 304 442 254 409 124 
1910 304 144 332 269 145 
1911 304 102 200 339 388 
1912 304 262 265 264 450 
1913 304 151 200 339 102 
1914 304 398 211 210 295 
1915 304 300 376 375 187 
1916 304 263 451 264 198 
1917 304 263 451 260 266 
1918 304 413 224 285 225 
1919 304 310 229 122 227 
1920 304 211 309 400 399 
1921 304 398 211 295 399 
1922 304 120 308 397 453 
1923 304 410 312 409 124 
1924 304 258 447 259 119 
1925 304 320 452 450 132 
1926 304 225 312 414 413 
1927 304 435 512 283 95 
1928 304 359 171 88 361 
1929 304 235 314 424 126 
1930 304 407 310 227 415 
1931 304 197 280 198 385 
1932 304 255 443 409 93 
1933 304 410 123 222 220 
1934 304 262 402 214 120 
1935 304 386 264 117 452 
1936 304 235 314 126 233 
1937 304 449 255 261 93 
1938 304 309 416 121 417 
1939 304 229 416 228 227 
1940 304 280 451 198 386 
1941 304 44 487 405 43 
1942 304 238 426 250 128 
1943 304 432 424 437 244 
1944 304 142 141 287 329 
1945 304 327 328 287 140 
1946 304 447 307 391 119 
1947 304 195 275 87 168 
1948 304 246 85 273 133 
1949 304 316 242 431 128 
1950 304 290 146 102 145 
1951 304 261 449 132 267 
1952 304 266 448 260 319 
1953 304 266 320 132 451 
1954 304 231 419 235 233 
1955 304 255 443 130 254 
1956 304 196 304 385 384 
1957 304 258 447 119 446 
1958 304 202 390 118 388 
1959 304 139 140 504 327 
1960 304 314 422 126 233 
1961 304 204 307 119 202 
1962 304 410 222 224 225 
1963 304 307 202 392 390 
1964 304 435 512 95 133 
1965 304 211 213 401 210 
1966 304 435 95 283 480 
1967 304 223 412 137 411 
1968 304 415 416 227 311 
1969 304 223 407 219 227 
1970 304 326 138 86 219 
1971 304 155 105 159 343 
1972 304 326 407 86 274 
1973 304 64 496 65 73 
1974 304 418 231 313 419 
1975 304 390 306 118 388 
1976 304 142 330 231 230 
1977 304 316 242 128 427 
1978 304 249 424 126 236 
1979 304 429 239 241 242 
1980 304 435 72 478 480 
1981 304 348 291 159 347 
1982 304 332 333 269 145 
1983 304 123 412 224 223 
1984 304 407 326 86 219 
1985 304 365 189 88 377 
1986 304 229 415 227 310 
1987 304 213 211 401 121 
1988 304 290 146 145 334 
1989 304 304 197 116 196 
1990 304 381 194 297 382 
1991 304 186 108 374 167 
1992 304 366 178 365 179 
1993 304 382 305 117 383 
1994 304 418 258 393 446 
1995 304 268 319 131 256 
1996 304 178 177 365 179 
1997 304 209 453 265 120 
1998 304 413 224 225 410 
1999 304 186 110 374 185 
2000 304 403 121 215 401 
2001 304 129 436 246 248 
2002 304 249 424 236 244 
2003 304 129 247 246 435 
2004 304 129 436 248 437 
2005 304 129 434 436 317 
2006 304 371 372 370 183 
2007 304 123 228 220 311 
2008 304 175 364 362 363 
2009 304 94 425 441 282 
2010 304 372 182 184 301 
2011 304 201 389 197 206 
2012 304 319 131 260 266 
2013 304 92 448 260 451 
2014 304 387 191 199 271 
2015 304 404 405 487 43 
2016 304 296 497 508 108 
2017 304 30 108 31 508 
2018 304 27 4 3 457 
2019 304 27 36 4 457 
2020 304 457 17 181 472 
2021 304 181 27 3 457 
2022 304 497 30 508 108 
2023 304 457 17 472 26 
2024 304 16 114 17 458 
2025 304 16 182 114 458 
2026 304 16 17 25 458 
2027 304 4 36 369 457 
2028 304 14 179 15 459 
2029 304 179 14 461 459 
2030 304 459 24 15 23 
2031 304 113 16 15 460 
2032 304 113 182 16 460 
2033 304 296 497 108 374 
2034 304 506 86 476 46 
2035 304 16 24 15 460 
2036 304 22 14 23 461 
2037 304 22 13 14 461 
2038 304 22 23 300 461 
2039 304 459 300 461 179 
2040 304 13 112 14 461 
2041 304 13 187 112 461 
2042 304 498 461 13 22 
2043 304 498 12 484 21 
2044 304 47 506 46 137 
2045 304 13 21 498 22 
2046 304 475 33 91 465 
2047 304 370 458 492 25 
2048 304 370 460 25 492 
2049 304 498 12 21 13 
2050 304 13 498 106 187 
2051 304 345 484 294 157 
2052 304 345 20 21 462 
2053 304 20 345 471 462 
2054 304 21 20 12 462 
2055 304 157 12 462 484 
2056 304 506 86 46 137 
2057 304 19 485 507 10 
2058 304 19 485 10 11 
2059 304 20 19 11 485 
2060 304 292 18 19 486 
2061 304 507 10 486 19 
2062 304 274 137 506 325 
2063 304 18 10 19 486 
2064 304 104 158 10 507 
2065 304 18 9 10 486 
2066 304 158 485 10 507 
2067 304 2 9 18 463 
2068 304 2 1 9 463 
2069 304 292 342 18 486 
2070 304 2 18 342 463 
2071 304 247 478 245 63 
2072 304 414 468 84 136 
2073 304 80 1 2 463 
2074 304 154 1 71 463 
2075 304 80 71 1 463 
2076 304 35 98 5 464 
2077 304 98 45 5 464 
2078 304 98 500 45 464 
2079 304 6 44 5 464 
2080 304 44 35 5 464 
2081 304 5 45 6 464 
2082 304 247 245 478 435 
2083 304 44 487 43 35 
2084 304 44 487 35 499 
2085 304 468 84 503 272 
2086 304 43 34 35 487 
2087 304 499 35 217 487 
2088 304 54 464 45 500 
2089 304 54 464 500 286 
2090 304 435 95 480 247 
2091 304 91 466 279 404 
2092 304 34 42 33 466 
2093 304 34 43 42 466 
2094 304 42 465 33 475 
2095 304 468 324 511 136 
2096 304 34 33 91 466 
2097 304 247 95 480 63 
2098 304 474 351 465 41 
2099 304 352 107 164 351 
2100 304 363 488 175 277 
2101 304 40 473 31 32 
2102 304 33 465 32 91 
2103 304 508 31 39 40 
2104 304 508 31 40 473 
2105 304 468 511 48 136 
2106 304 37 363 277 488 
2107 304 43 279 42 466 
2108 304 43 404 279 466 
2109 304 30 508 31 39 
2110 304 166 508 473 31 
2111 304 38 509 29 479 
2112 304 37 28 509 488 
2113 304 509 28 37 29 
2114 304 373 363 37 509 
2115 304 36 28 37 488 
2116 304 38 509 479 373 
2117 304 369 181 472 457 
2118 304 89 175 28 488 
2119 304 488 175 509 363 
2120 304 27 488 36 501 
2121 304 27 488 501 89 
2122 304 369 181 501 368 
2123 304 501 89 180 27 
2124 304 501 180 89 368 
2125 304 95 63 7 480 
2126 304 53 95 7 467 
2127 304 512 95 467 283 
2128 304 7 8 62 467 
2129 304 62 53 7 467 
2130 304 63 8 7 480 
2131 304 321 61 62 489 
2132 304 61 53 62 489 
2133 304 62 8 283 467 
2134 304 283 321 62 512 
2135 304 52 489 53 61 
2136 304 63 72 8 480 
2137 304 96 502 51 495 
2138 304 510 51 502 60 
2139 304 59 50 51 495 
2140 304 510 51 60 52 
2141 304 50 96 51 495 
2142 304 60 59 51 495 
2143 304 482 58 59 50 
2144 304 58 482 503 49 
2145 304 58 482 49 50 
2146 304 489 53 512 133 
2147 304 57 49 58 468 
2148 304 57 48 49 468 
2149 304 58 272 324 468 
2150 304 321 489 512 133 
2151 304 324 57 58 468 
2152 304 501 180 181 27 
2153 304 61 60 52 510 
2154 304 501 181 180 368 
2155 304 502 60 51 495 
2156 304 321 273 61 489 
2157 304 273 61 489 510 
2158 304 84 482 49 503 
2159 304 414 468 136 324 
2160 304 468 84 136 49 
2161 304 435 512 133 321 
2162 304 57 483 56 48 
2163 304 57 483 48 511 
2164 304 47 483 48 56 
2165 304 48 511 97 136 
2166 304 476 54 55 46 
2167 304 45 476 54 500 
2168 304 45 476 500 138 
2169 304 326 286 54 500 
2170 304 79 71 80 469 
2171 304 79 70 71 469 
2172 304 341 270 80 493 
2173 304 79 80 270 469 
2174 304 435 512 321 283 
2175 304 153 493 341 154 
2176 304 71 70 82 469 
2177 304 153 493 154 71 
2178 304 70 78 69 470 
2179 304 70 79 78 470 
2180 304 78 77 69 490 
2181 304 77 68 69 490 
2182 304 68 161 69 490 
2183 304 506 86 137 274 
2184 304 68 477 77 76 
2185 304 459 300 367 23 
2186 304 76 477 67 68 
2187 304 501 181 457 27 
2188 304 324 511 57 468 
2189 304 324 511 285 57 
2190 304 459 367 300 179 
2191 304 225 511 97 285 
2192 304 80 493 463 342 
2193 304 505 147 470 70 
2194 304 79 349 78 470 
2195 304 79 335 349 470 
2196 304 335 505 470 79 
2197 304 154 463 493 342 
2198 304 140 141 67 491 
2199 304 140 67 66 491 
2200 304 75 327 481 504 
2201 304 327 481 278 75 
2202 304 74 66 75 481 
2203 304 369 501 181 457 
2204 304 216 91 466 34 
2205 304 65 481 66 74 
2206 304 341 342 154 493 
2207 304 502 60 284 322 
2208 304 216 466 91 404 
2209 304 80 342 341 493 
2210 304 216 466 487 34 
2211 304 98 500 464 286 
2212 304 216 487 466 404 
2213 304 499 98 464 286 
2214 304 84 482 503 272 
2215 304 289 470 335 147 
2216 304 289 470 147 161 
2217 304 153 493 71 82 
2218 304 345 484 157 462 
2219 304 482 135 49 50 
2220 304 375 461 187 498 
2221 304 84 482 272 135 
2222 304 96 502 495 284 
2223 304 400 465 279 91 
2224 304 502 60 495 284 
2225 304 60 59 495 284 
2226 304 96 502 284 134 
2227 304 375 498 294 22 
2228 304 501 277 488 36 
2229 304 300 179 112 461 
2230 304 300 112 187 461 
2231 304 301 182 113 460 
2232 304 368 472 181 114 
2233 304 368 472 114 302 
2234 304 183 458 114 182 
2235 304 43 404 466 487 
2236 304 26 3 4 457 
2237 304 134 502 322 510 
2238 304 17 25 458 26 
2239 304 431 510 85 134 
2240 304 273 322 61 510 
2241 304 61 60 510 322 
2242 304 507 486 10 104 
2243 304 375 461 22 300 
2244 304 502 60 322 510 
2245 304 479 373 509 185 
2246 304 370 458 25 302 
2247 304 345 484 462 21 
2248 304 479 29 185 509 
2249 304 465 41 33 32 
2250 304 507 486 292 19 
2251 304 485 11 20 471 
2252 304 474 351 41 352 
2253 304 465 474 41 32 
2254 304 175 509 363 185 
2255 304 175 509 185 28 
2256 304 373 363 509 185 
2257 304 54 464 286 6 
2258 304 54 464 6 45 
2259 304 42 475 33 466 
2260 304 185 28 509 29 
2261 304 166 508 31 108 
2262 304 216 487 217 34 
2263 304 37 363 488 509 
2264 304 190 498 187 106 
2265 304 369 501 36 368 
2266 304 216 217 487 404 
2267 304 467 480 283 95 
2268 304 467 480 95 7 
2269 304 53 467 62 512 
2270 304 512 95 133 53 
2271 304 61 52 489 510 
2272 304 58 468 49 503 
2273 304 375 461 498 22 
2274 304 58 468 503 272 
2275 304 511 48 57 468 
2276 304 302 26 472 458 
2277 304 509 175 488 28 
2278 304 270 80 493 469 
2279 304 78 490 69 470 
2280 304 161 69 490 470 
2281 304 67 491 76 75 
2282 304 166 508 108 354 
2283 304 82 70 505 469 
2284 304 67 66 491 75 
2285 304 508 354 473 40 
2286 304 485 105 11 471 
2287 304 158 485 105 10 
2288 304 375 461 300 187 
2289 304 498 461 187 13 
2290 304 16 25 492 458 
2291 304 296 508 39 40 
2292 304 343 471 157 105 
2293 304 44 499 464 286 
2294 304 493 80 71 469 
2295 304 114 181 17 472 
2296 304 405 499 44 406 
2297 304 23 14 15 459 
2298 304 105 157 11 471 
2299 304 485 105 10 11 
2300 304 457 17 3 181 
2301 304 479 186 497 374 
2302 304 114 17 458 472 
2303 304 179 461 14 112 
2304 304 343 471 105 293 
2305 304 405 499 406 217 
2306 304 406 98 218 499 
2307 304 406 499 218 217 
2308 304 158 485 507 346 
2309 304 158 485 346 105 
2310 304 12 21 462 484 
2311 304 479 186 374 185 
2312 304 479 186 185 30 
2313 304 479 186 30 497 
2314 304 465 41 351 279 
2315 304 158 292 507 104 
2316 304 374 479 185 373 
2317 304 70 469 79 505 
2318 304 98 500 138 45 
2319 304 79 470 70 505 
2320 304 34 43 466 487 
2321 304 19 485 346 507 
2322 304 345 484 21 294 
2323 304 400 465 91 163 
2324 304 498 294 484 106 
2325 304 507 292 486 104 
2326 304 163 474 351 465 
2327 304 369 36 501 457 
2328 304 302 472 114 458 
2329 304 457 17 26 3 
2330 304 26 17 472 458 
2331 304 14 23 461 459 
2332 304 507 292 346 19 
2333 304 245 496 244 64 
2334 304 190 498 375 187 
2335 304 498 21 294 22 
2336 304 294 21 498 484 
2337 304 90 481 65 496 
2338 304 471 345 20 293 
2339 304 90 64 244 496 
2340 304 278 90 244 496 
2341 304 477 100 141 67 
2342 304 245 496 433 244 
2343 304 432 278 244 496 
2344 304 494 77 490 68 
2345 304 335 505 79 270 
2346 304 90 481 496 278 
2347 304 64 90 65 496 
2348 304 296 497 374 39 
2349 304 374 497 108 186 
2350 304 477 141 100 329 
2351 304 477 141 491 67 
2352 304 433 432 244 496 
2353 304 85 134 510 52 
2354 304 483 47 137 506 
2355 304 292 160 158 348 
2356 304 325 483 285 137 
2357 304 505 147 70 82 
2358 304 325 483 137 506 
2359 304 25 302 458 26 
2360 304 66 75 481 504 
2361 304 27 36 457 501 
2362 304 80 463 2 342 
2363 304 147 161 470 70 
2364 304 72 63 478 480 
2365 304 431 510 134 322 
2366 304 352 107 351 295 
2367 304 40 473 32 41 
2368 304 473 40 352 41 
2369 304 354 352 164 473 
2370 304 354 164 166 473 
2371 304 162 490 68 494 
2372 304 490 350 494 162 
2373 304 154 463 71 493 
2374 304 505 147 82 270 
2375 304 323 495 284 135 
2376 304 345 462 157 471 
2377 304 323 495 59 284 
2378 304 135 96 495 284 
2379 304 335 505 270 147 
2380 304 31 166 164 473 
2381 304 164 473 32 31 
2382 304 80 71 463 493 
2383 304 505 469 79 270 
2384 304 64 63 245 478 
2385 304 433 245 435 478 
2386 304 32 41 473 474 
2387 304 352 164 473 474 
2388 304 82 505 270 469 
2389 304 459 460 24 301 
2390 304 335 505 147 470 
2391 304 163 474 465 32 
2392 304 162 490 349 161 
2393 304 161 70 69 470 
2394 304 463 18 486 9 
2395 304 463 486 18 342 
2396 304 162 490 161 68 
2397 304 406 98 499 286 
2398 304 486 154 463 9 
2399 304 486 154 9 104 
2400 304 163 474 32 164 
2401 304 512 95 53 467 
2402 304 486 154 104 342 
2403 304 486 154 342 463 
2404 304 467 283 62 512 
2405 304 491 504 328 75 
2406 304 463 154 1 9 
2407 304 466 91 279 475 
2408 304 466 33 91 475 
2409 304 140 491 504 328 
2410 304 327 328 140 504 
2411 304 490 350 162 349 
2412 304 477 491 141 329 
2413 304 75 328 327 504 
2414 304 477 100 67 68 
2415 304 42 465 475 279 
2416 304 42 465 279 41 
2417 304 490 350 349 77 
2418 304 490 350 77 494 
2419 304 494 100 162 288 
2420 304 49 468 48 136 
2421 304 279 91 465 475 
2422 304 468 84 49 503 
2423 304 462 12 11 20 
2424 304 84 482 135 49 
2425 304 462 11 12 157 
2426 304 58 482 272 503 
2427 304 134 502 284 322 
2428 304 96 502 134 51 
2429 304 510 51 52 134 
2430 304 326 476 86 138 
2431 304 326 54 55 476 
2432 304 500 326 476 54 
2433 304 288 494 477 77 
2434 304 288 494 77 350 
2435 304 494 100 288 477 
2436 304 477 288 77 76 
2437 304 329 76 288 477 
2438 304 329 288 100 477 
2439 304 245 496 478 433 
2440 304 510 51 134 502 
2441 304 433 478 72 73 
2442 304 433 478 73 496 
2443 304 479 30 39 497 
2444 304 479 30 185 29 
2445 304 374 479 373 39 
2446 304 38 509 373 37 
2447 304 38 509 37 29 
2448 304 367 24 301 459 
2449 304 179 367 301 459 
2450 304 367 24 459 23 
2451 304 501 277 36 368 
2452 304 27 488 89 28 
2453 304 435 95 247 133 
2454 304 283 480 72 435 
2455 304 467 480 7 8 
2456 304 467 480 8 283 
2457 304 480 72 8 283 
2458 304 85 510 489 52 
2459 304 74 496 73 65 
2460 304 74 496 65 481 
2461 304 85 489 510 273 
2462 304 65 90 66 481 
2463 304 323 495 135 482 
2464 304 323 495 482 59 
2465 304 323 58 59 482 
2466 304 135 323 482 272 
2467 304 323 272 58 482 
2468 304 97 137 285 483 
2469 304 97 47 137 483 
2470 304 462 11 471 20 
2471 304 48 511 483 97 
2472 304 47 97 48 483 
2473 304 27 488 28 36 
2474 304 85 489 133 52 
2475 304 369 26 4 457 
2476 304 26 369 302 472 
2477 304 369 26 457 472 
2478 304 462 471 11 157 
2479 304 498 12 13 106 
2480 304 498 12 106 484 
2481 304 157 106 12 484 
2482 304 294 106 157 484 
2483 304 20 19 485 293 
2484 304 346 19 293 485 
2485 304 293 105 346 485 
2486 304 293 485 20 471 
2487 304 293 105 485 471 
2488 304 163 474 164 351 
2489 304 474 164 351 352 
2490 304 486 9 10 104 
2491 304 292 342 486 104 
2492 304 288 494 350 162 
2493 304 35 98 464 499 
2494 304 6 44 464 286 
2495 304 44 35 464 499 
2496 304 508 354 40 296 
2497 304 166 508 354 473 
2498 304 404 405 217 487 
2499 304 460 24 25 16 
2500 304 508 354 296 108 
2501 304 487 34 35 217 
2502 304 85 133 489 273 
2503 304 42 465 41 33 
2504 304 42 279 475 466 
2505 304 460 25 24 301 
2506 304 138 326 476 500 
2507 304 406 500 138 98 
2508 304 352 40 473 354 
2509 304 460 25 492 16 
2510 304 41 352 473 474 
2511 304 45 476 138 46 
2512 304 45 476 46 54 
2513 304 406 500 98 286 
2514 304 370 460 492 182 
2515 304 460 492 182 16 
2516 304 370 460 182 301 
2517 304 36 488 37 277 
2518 304 89 175 488 277 
2519 304 286 406 44 499 
2520 304 501 277 368 89 
2521 304 501 277 89 488 
2522 304 321 489 62 512 
2523 304 489 53 62 512 
2524 304 52 133 53 489 
2525 304 321 273 489 133 
2526 304 506 86 274 476 
2527 304 78 77 490 349 
2528 304 477 491 76 67 
2529 304 477 76 491 329 
2530 304 78 349 490 470 
2531 304 161 490 349 470 
2532 304 76 329 328 491 
2533 304 140 141 491 328 
2534 304 140 491 66 504 
2535 304 328 329 141 491 
2536 304 491 328 76 75 
2537 304 491 66 504 75 
2538 304 183 458 182 370 
2539 304 370 460 301 25 
2540 304 459 24 460 15 
2541 304 370 458 182 492 
2542 304 16 492 182 458 
2543 304 341 270 493 82 
2544 304 153 493 82 341 
2545 304 270 493 82 469 
2546 304 82 493 71 469 
2547 304 459 179 113 301 
2548 304 459 113 179 15 
2549 304 459 113 460 301 
2550 304 459 460 113 15 
