488 2411
1 2.000000e+00 0.000000e+00 0.000000e+00
2 6.123032e-17 2.220446e-16 2.000000e+00
3 6.123032e-17 2.000000e+00 0.000000e+00
4 5.816880e-17 2.109424e-16 1.900000e+00
5 5.816880e-17 1.900000e+00 0.000000e+00
6 1.900000e+00 0.000000e+00 0.000000e+00
7 2.000000e+00 0.000000e+00 0.000000e+00
8 2.000000e+00 0.000000e+00 0.000000e+00
9 2.000000e+00 0.000000e+00 0.000000e+00
10 1.975377e+00 3.473543e-17 3.128689e-01
11 1.902113e+00 6.861556e-17 6.180340e-01
12 1.782013e+00 1.008061e-16 9.079810e-01
13 1.618034e+00 1.305145e-16 1.175571e+00
14 1.414214e+00 1.570092e-16 1.414214e+00
15 1.175571e+00 1.796379e-16 1.618034e+00
16 9.079810e-01 1.978432e-16 1.782013e+00
17 6.180340e-01 2.111770e-16 1.902113e+00
18 3.128689e-01 2.193109e-16 1.975377e+00
19 6.123032e-17 1.975377e+00 3.128689e-01
20 6.123032e-17 1.902113e+00 6.180340e-01
21 6.123032e-17 1.782013e+00 9.079810e-01
22 6.123032e-17 1.618034e+00 1.175571e+00
23 6.123032e-17 1.414214e+00 1.414214e+00
24 6.123032e-17 1.175571e+00 1.618034e+00
25 6.123032e-17 9.079810e-01 1.782013e+00
26 6.123032e-17 6.180340e-01 1.902113e+00
27 6.123032e-17 3.128689e-01 1.975377e+00
28 1.975377e+00 3.128689e-01 0.000000e+00
29 1.902113e+00 6.180340e-01 0.000000e+00
30 1.782013e+00 9.079810e-01 0.000000e+00
31 1.618034e+00 1.175571e+00 0.000000e+00
32 1.414214e+00 1.414214e+00 0.000000e+00
33 1.175571e+00 1.618034e+00 0.000000e+00
34 9.079810e-01 1.782013e+00 0.000000e+00
35 6.180340e-01 1.902113e+00 0.000000e+00
36 3.128689e-01 1.975377e+00 0.000000e+00
37 5.816880e-17 1.871135e+00 3.299315e-01
38 5.816880e-17 1.785416e+00 6.498383e-01
39 5.816880e-17 1.645448e+00 9.500000e-01
40 5.816880e-17 1.455484e+00 1.221296e+00
41 5.816880e-17 1.221296e+00 1.455484e+00
42 5.816880e-17 9.500000e-01 1.645448e+00
43 5.816880e-17 6.498383e-01 1.785416e+00
44 5.816880e-17 3.299315e-01 1.871135e+00
45 1.871135e+00 3.299315e-01 0.000000e+00
46 1.785416e+00 6.498383e-01 0.000000e+00
47 1.645448e+00 9.500000e-01 0.000000e+00
48 1.455484e+00 1.221296e+00 0.000000e+00
49 1.221296e+00 1.455484e+00 0.000000e+00
50 9.500000e-01 1.645448e+00 0.000000e+00
51 6.498383e-01 1.785416e+00 0.000000e+00
52 3.299315e-01 1.871135e+00 0.000000e+00
53 1.871135e+00 3.662976e-17 3.299315e-01
54 1.785416e+00 7.214654e-17 6.498383e-01
55 1.645448e+00 1.054712e-16 9.500000e-01
56 1.455484e+00 1.355911e-16 1.221296e+00
57 1.221296e+00 1.615912e-16 1.455484e+00
58 9.500000e-01 1.826815e-16 1.645448e+00
59 6.498383e-01 1.982210e-16 1.785416e+00
60 3.299315e-01 2.077377e-16 1.871135e+00
61 1.900000e+00 0.000000e+00 0.000000e+00
62 1.900000e+00 0.000000e+00 0.000000e+00
63 1.900000e+00 0.000000e+00 0.000000e+00
64 1.668279e+00 2.198845e-01 1.080970e+00
65 5.038967e-01 1.368577e+00 1.368606e+00
66 4.981838e-01 3.880979e-01 1.897681e+00
67 4.981850e-01 1.897680e+00 3.881031e-01
68 1.668283e+00 1.080962e+00 2.198910e-01
69 1.948545e+00 2.112929e-01 3.981551e-01
70 1.948549e+00 3.981390e-01 2.112854e-01
71 1.662733e+00 7.859129e-01 7.859129e-01
72 1.158088e+00 1.440004e+00 7.649978e-01
73 1.158092e+00 7.649925e-01 1.440003e+00
74 1.577185e-01 1.902096e-01 1.984678e+00
75 1.598479e-01 7.085849e-01 1.863426e+00
76 1.644227e-01 1.226161e+00 1.571462e+00
77 5.028839e-01 9.106124e-01 1.708184e+00
78 1.643694e-01 1.571443e+00 1.226192e+00
79 1.598417e-01 1.863382e+00 7.087021e-01
80 5.028772e-01 1.708183e+00 9.106179e-01
81 1.577070e-01 1.984685e+00 1.901456e-01
82 1.470379e+00 1.141103e-01 1.350913e+00
83 1.841678e+00 6.805661e-02 7.769102e-01
84 1.836615e+00 2.648329e-01 7.461293e-01
85 1.948180e+00 9.017733e-02 4.432402e-01
86 1.992387e+00 1.367160e-02 1.738026e-01
87 1.993648e+00 5.435016e-02 1.497164e-01
88 1.995369e+00 7.903771e-02 1.107060e-01
89 1.470381e+00 1.350910e+00 1.141095e-01
90 1.836620e+00 7.461002e-01 2.648784e-01
91 1.841673e+00 7.769250e-01 6.803706e-02
92 1.948184e+00 4.432245e-01 9.017968e-02
93 1.995363e+00 1.107757e-01 7.908610e-02
94 1.993658e+00 1.495985e-01 5.430382e-02
95 1.992383e+00 1.738454e-01 1.367713e-02
96 1.948703e+00 3.182438e-01 3.182437e-01
97 1.836392e+00 6.369596e-01 4.711113e-01
98 1.662814e+00 9.814170e-01 5.214110e-01
99 1.836392e+00 4.711136e-01 6.369578e-01
100 1.662819e+00 5.214183e-01 9.814045e-01
101 1.435051e+00 1.313100e+00 4.651838e-01
102 1.149138e+00 1.605005e+00 3.216219e-01
103 8.079560e-01 1.822581e+00 1.593934e-01
104 8.424264e-01 1.709428e+00 6.067738e-01
105 8.440402e-01 1.457747e+00 1.078225e+00
106 1.435035e+00 4.652040e-01 1.313110e+00
107 1.149149e+00 3.216064e-01 1.605000e+00
108 8.440359e-01 1.078234e+00 1.457743e+00
109 8.424412e-01 6.067817e-01 1.709418e+00
110 8.079642e-01 1.593674e-01 1.822579e+00
111 1.158212e+00 1.152941e+00 1.152941e+00
112 1.434156e+00 8.289308e-01 1.120746e+00
113 1.434156e+00 1.120745e+00 8.289312e-01
114 3.239327e-01 2.734336e-01 1.954559e+00
115 4.861043e-01 1.720597e-01 1.932381e+00
116 1.609314e-01 9.819431e-01 1.734903e+00
117 3.278584e-01 5.372896e-01 1.898375e+00
118 3.293518e-01 8.090255e-01 1.799168e+00
119 5.023628e-01 6.520009e-01 1.822780e+00
120 3.305508e-01 1.065936e+00 1.659674e+00
121 3.342784e-01 1.293134e+00 1.488645e+00
122 5.041667e-01 1.153413e+00 1.554173e+00
123 1.597162e-01 4.327755e-01 1.946072e+00
124 1.608990e-01 1.734873e+00 9.820021e-01
125 3.342668e-01 1.489310e+00 1.292371e+00
126 3.305910e-01 1.659919e+00 1.065541e+00
127 5.041702e-01 1.554273e+00 1.153277e+00
128 3.295369e-01 1.799173e+00 8.089395e-01
129 3.280677e-01 1.898415e+00 5.370227e-01
130 5.024448e-01 1.822798e+00 6.518870e-01
131 3.240470e-01 1.954434e+00 2.741956e-01
132 4.861050e-01 1.932369e+00 1.721941e-01
133 1.597527e-01 1.946057e+00 4.328295e-01
134 1.935131e-01 1.407678e+00 1.407479e+00
135 1.573488e+00 1.657187e-01 1.223386e+00
136 1.683202e+00 9.503324e-02 1.076011e+00
137 1.764754e+00 1.274653e-01 9.324131e-01
138 1.758608e+00 2.539439e-01 9.180476e-01
139 1.838151e+00 1.581384e-01 7.721357e-01
140 1.901109e+00 8.403273e-02 6.154061e-01
141 1.946884e+00 4.029113e-02 4.560898e-01
142 1.900707e+00 1.661514e-01 5.997542e-01
143 1.900560e+00 2.509285e-01 5.700044e-01
144 1.948430e+00 1.511604e-01 4.251726e-01
145 1.978963e+00 1.161356e-01 2.649835e-01
146 1.979323e+00 1.518912e-01 2.433333e-01
147 1.993374e+00 7.348967e-02 1.451229e-01
148 1.995006e+00 2.815682e-02 1.384124e-01
149 1.978863e+00 7.750672e-02 2.794560e-01
150 1.977720e+00 4.016539e-02 2.949768e-01
151 1.573490e+00 1.223384e+00 1.657170e-01
152 1.683197e+00 1.076021e+00 9.501783e-02
153 1.758409e+00 9.185459e-01 2.535162e-01
154 1.764815e+00 9.322809e-01 1.275902e-01
155 1.838136e+00 7.721724e-01 1.581303e-01
156 1.900569e+00 5.700466e-01 2.507709e-01
157 1.900686e+00 5.998930e-01 1.658931e-01
158 1.948453e+00 4.250948e-01 1.510861e-01
159 1.901100e+00 6.154134e-01 8.418340e-02
160 1.946876e+00 4.561243e-01 4.031460e-02
161 1.979417e+00 2.427796e-01 1.515419e-01
162 1.978898e+00 2.654151e-01 1.162615e-01
163 1.993377e+00 1.450944e-01 7.346908e-02
164 1.995007e+00 1.383960e-01 2.815119e-02
165 1.977872e+00 2.939830e-01 3.996260e-02
166 1.978722e+00 2.803382e-01 7.791412e-02
167 1.993827e+00 1.110247e-01 1.110248e-01
168 1.979259e+00 2.181052e-01 1.869840e-01
169 1.948285e+00 3.635095e-01 2.684178e-01
170 1.979128e+00 1.876073e-01 2.187633e-01
171 1.948243e+00 2.685328e-01 3.636494e-01
172 1.900455e+00 5.271159e-01 3.322927e-01
173 1.836365e+00 6.996570e-01 3.718096e-01
174 1.757083e+00 8.743779e-01 3.848663e-01
175 1.663837e+00 1.045710e+00 3.716684e-01
176 1.756863e+00 8.084085e-01 5.098106e-01
177 1.756837e+00 7.241305e-01 6.238253e-01
178 1.662746e+00 8.935607e-01 6.609284e-01
179 1.900447e+00 3.323224e-01 5.271255e-01
180 1.836365e+00 3.718316e-01 6.996468e-01
181 1.756836e+00 6.238208e-01 7.241385e-01
182 1.756849e+00 5.097903e-01 8.084524e-01
183 1.662744e+00 6.609259e-01 8.935657e-01
184 1.757111e+00 3.849142e-01 8.743015e-01
185 1.663870e+00 3.717360e-01 1.045633e+00
186 1.836389e+00 5.602116e-01 5.602121e-01
187 1.900457e+00 4.066494e-01 4.721224e-01
188 1.900436e+00 4.721703e-01 4.066916e-01
189 1.558728e+00 1.207919e+00 3.336126e-01
190 1.442060e+00 1.358504e+00 2.737289e-01
191 1.300930e+00 1.508843e+00 1.759884e-01
192 1.111835e+00 1.656519e+00 1.406010e-01
193 1.301567e+00 1.464770e+00 4.004619e-01
194 1.301589e+00 1.390070e+00 6.112040e-01
195 1.156757e+00 1.537659e+00 5.454514e-01
196 6.583571e-01 1.871088e+00 2.561183e-01
197 1.004538e+00 1.582972e+00 6.964943e-01
198 1.005185e+00 1.462543e+00 9.222647e-01
199 8.437639e-01 1.601214e+00 8.509864e-01
200 6.721355e-01 1.815270e+00 5.030179e-01
201 6.753349e-01 1.722548e+00 7.594418e-01
202 6.760525e-01 1.591729e+00 1.004666e+00
203 6.762638e-01 1.425756e+00 1.228774e+00
204 8.331722e-01 1.781238e+00 3.647146e-01
205 9.996603e-01 1.669763e+00 4.610527e-01
206 9.764087e-01 1.729413e+00 2.361255e-01
207 1.558729e+00 3.336246e-01 1.207915e+00
208 1.442045e+00 2.737476e-01 1.358517e+00
209 1.301576e+00 6.110129e-01 1.390167e+00
210 1.301478e+00 4.001576e-01 1.464933e+00
211 1.156785e+00 5.453466e-01 1.537675e+00
212 1.300919e+00 1.761537e-01 1.508833e+00
213 1.111822e+00 1.406367e-01 1.656524e+00
214 1.005223e+00 9.222085e-01 1.462552e+00
215 1.004577e+00 6.964440e-01 1.582969e+00
216 8.437623e-01 8.509988e-01 1.601208e+00
217 6.762798e-01 1.228700e+00 1.425813e+00
218 6.761167e-01 1.004541e+00 1.591780e+00
219 6.754838e-01 7.590742e-01 1.722651e+00
220 6.724981e-01 5.020733e-01 1.815398e+00
221 6.582576e-01 2.564793e-01 1.871073e+00
222 8.332380e-01 3.646010e-01 1.781230e+00
223 9.766817e-01 2.357261e-01 1.729314e+00
224 9.990103e-01 4.620984e-01 1.669863e+00
225 8.441259e-01 1.282073e+00 1.282085e+00
226 1.005283e+00 1.128479e+00 1.309940e+00
227 1.158195e+00 9.695953e-01 1.310904e+00
228 1.005280e+00 1.309938e+00 1.128484e+00
229 1.158191e+00 1.310903e+00 9.696023e-01
230 1.301557e+00 8.099194e-01 1.284515e+00
231 1.434268e+00 6.539844e-01 1.230927e+00
232 1.555548e+00 5.065243e-01 1.150523e+00
233 1.554967e+00 6.709441e-01 1.063914e+00
234 1.554884e+00 8.210194e-01 9.530277e-01
235 1.301558e+00 1.284502e+00 8.099388e-01
236 1.434271e+00 1.230914e+00 6.540013e-01
237 1.554878e+00 9.530421e-01 8.210153e-01
238 1.554915e+00 1.064008e+00 6.709135e-01
239 1.555548e+00 1.150527e+00 5.065159e-01
240 1.434153e+00 9.856997e-01 9.856979e-01
241 1.301563e+00 1.150489e+00 9.911153e-01
242 1.301563e+00 9.911124e-01 1.150491e+00
243 0.000000e+00 1.317454e+00 1.425889e+00
244 0.000000e+00 1.498807e-01 1.939660e+00
245 1.317454e+00 1.425889e+00 0.000000e+00
246 1.498807e-01 1.939660e+00 0.000000e+00
247 1.317454e+00 1.583055e-16 1.425889e+00
248 1.498807e-01 2.153455e-16 1.939660e+00
249 4.691443e-01 1.301909e+00 1.301897e+00
250 4.729920e-01 3.555398e-01 1.805511e+00
251 4.729863e-01 1.805504e+00 3.555805e-01
252 1.580550e+00 1.034530e+00 2.039849e-01
253 1.580554e+00 2.039757e-01 1.034525e+00
254 1.854697e+00 1.920015e-01 3.650140e-01
255 1.854702e+00 3.649948e-01 1.919922e-01
256 1.584071e+00 7.418620e-01 7.418620e-01
257 1.099771e+00 1.370910e+00 7.218792e-01
258 1.099771e+00 7.218765e-01 1.370912e+00
259 1.584623e-01 1.750999e-01 1.885266e+00
260 1.503178e-01 5.774955e-01 1.803858e+00
261 1.452702e-01 1.107946e+00 1.536669e+00
262 4.693133e-01 8.563223e-01 1.629864e+00
263 1.452606e-01 1.536679e+00 1.107934e+00
264 1.503922e-01 1.803817e+00 5.776041e-01
265 4.693345e-01 1.629872e+00 8.562964e-01
266 1.584134e-01 1.885274e+00 1.750657e-01
267 1.355102e+00 1.107334e-01 1.327191e+00
268 1.736999e+00 6.396214e-02 7.672954e-01
269 1.748898e+00 2.446022e-01 7.010891e-01
270 1.852533e+00 8.166425e-02 4.140695e-01
271 1.892609e+00 1.260475e-02 1.669470e-01
272 1.894949e+00 4.675613e-02 1.303179e-01
273 1.896370e+00 6.810380e-02 9.562204e-02
274 1.355100e+00 1.327192e+00 1.107409e-01
275 1.748870e+00 7.011333e-01 2.446783e-01
276 1.737011e+00 7.672708e-01 6.393601e-02
277 1.852534e+00 4.140631e-01 8.166832e-02
278 1.896364e+00 9.569726e-02 6.815633e-02
279 1.894961e+00 1.301648e-01 4.669683e-02
280 1.892605e+00 1.670005e-01 1.261135e-02
281 1.854877e+00 2.910595e-01 2.910593e-01
282 1.749453e+00 5.967565e-01 4.396533e-01
283 1.584022e+00 9.283966e-01 4.888281e-01
284 1.749451e+00 4.396587e-01 5.967586e-01
285 1.584017e+00 4.888441e-01 9.283973e-01
286 1.364610e+00 1.248282e+00 4.354662e-01
287 1.098519e+00 1.520984e+00 2.997709e-01
288 7.999384e-01 1.717457e+00 1.429675e-01
289 7.974518e-01 1.628286e+00 5.681148e-01
290 7.973333e-01 1.388475e+00 1.022935e+00
291 1.364600e+00 4.355422e-01 1.248266e+00
292 1.098515e+00 2.997868e-01 1.520984e+00
293 7.973340e-01 1.022941e+00 1.388470e+00
294 7.974604e-01 5.681235e-01 1.628279e+00
295 7.999338e-01 1.429416e-01 1.717461e+00
296 1.099792e+00 1.095549e+00 1.095550e+00
297 1.365035e+00 7.839147e-01 1.064028e+00
298 1.365035e+00 1.064027e+00 7.839174e-01
299 3.157970e-01 2.442560e-01 1.857582e+00
300 4.807623e-01 1.545162e-01 1.831664e+00
301 1.466313e-01 8.483069e-01 1.693775e+00
302 3.101808e-01 4.816099e-01 1.811585e+00
303 3.055978e-01 7.359767e-01 1.724804e+00
304 4.712569e-01 6.051291e-01 1.738314e+00
305 3.042991e-01 9.880676e-01 1.594090e+00
306 3.036005e-01 1.220266e+00 1.424352e+00
307 4.698353e-01 1.090710e+00 1.483107e+00
308 1.795131e-01 3.593531e-01 1.857052e+00
309 1.466661e-01 1.693761e+00 8.483296e-01
310 3.035001e-01 1.424007e+00 1.220693e+00
311 3.041695e-01 1.593913e+00 9.883939e-01
312 4.698104e-01 1.483052e+00 1.090795e+00
313 3.055694e-01 1.724980e+00 7.355751e-01
314 3.101488e-01 1.811955e+00 4.802357e-01
315 4.712411e-01 1.738417e+00 6.048460e-01
316 3.161849e-01 1.857518e+00 2.442408e-01
317 4.808173e-01 1.831647e+00 1.545492e-01
318 1.795622e-01 1.857087e+00 3.591474e-01
319 1.462754e-01 1.339471e+00 1.339560e+00
320 1.473281e+00 1.556739e-01 1.189626e+00
321 1.571126e+00 8.974609e-02 1.064663e+00
322 1.665303e+00 1.192624e-01 9.069419e-01
323 1.671986e+00 2.355515e-01 8.711933e-01
324 1.745641e+00 1.461698e-01 7.357801e-01
325 1.802809e+00 7.811063e-02 5.947940e-01
326 1.846019e+00 3.776752e-02 4.480939e-01
327 1.808304e+00 1.524544e-01 5.628452e-01
328 1.809699e+00 2.307952e-01 5.307770e-01
329 1.854181e+00 1.369023e-01 3.914972e-01
330 1.882285e+00 1.029213e-01 2.375089e-01
331 1.882632e+00 1.351739e-01 2.177686e-01
332 1.894717e+00 6.364255e-02 1.264741e-01
333 1.895782e+00 2.477145e-02 1.240822e-01
334 1.881743e+00 6.891149e-02 2.535602e-01
335 1.878884e+00 3.685156e-02 2.800652e-01
336 1.473281e+00 1.189626e+00 1.556682e-01
337 1.571134e+00 1.064654e+00 8.972606e-02
338 1.672183e+00 8.709954e-01 2.348879e-01
339 1.665243e+00 9.070293e-01 1.194354e-01
340 1.745643e+00 7.357784e-01 1.461527e-01
341 1.809799e+00 5.305577e-01 2.305108e-01
342 1.808440e+00 5.625183e-01 1.520490e-01
343 1.854231e+00 3.913026e-01 1.367829e-01
344 1.802714e+00 5.950544e-01 7.831181e-02
345 1.845999e+00 4.481741e-01 3.779780e-02
346 1.882731e+00 2.171558e-01 1.347839e-01
347 1.882222e+00 2.379509e-01 1.030562e-01
348 1.894721e+00 1.264353e-01 6.361705e-02
349 1.895784e+00 1.240495e-01 2.476244e-02
350 1.879070e+00 2.788438e-01 3.660948e-02
351 1.881549e+00 2.548558e-01 6.943910e-02
352 1.895117e+00 9.626271e-02 9.626276e-02
353 1.882555e+00 1.951555e-01 1.670325e-01
354 1.854436e+00 3.331719e-01 2.450824e-01
355 1.882419e+00 1.677103e-01 1.958871e-01
356 1.854391e+00 2.452089e-01 3.333279e-01
357 1.809860e+00 4.900438e-01 3.070233e-01
358 1.749294e+00 6.561555e-01 3.455862e-01
359 1.673558e+00 8.249719e-01 3.586414e-01
360 1.583318e+00 9.914806e-01 3.465106e-01
361 1.673810e+00 7.618259e-01 4.774727e-01
362 1.673862e+00 6.816504e-01 5.861223e-01
363 1.584057e+00 8.446690e-01 6.223318e-01
364 1.809841e+00 3.070735e-01 4.900837e-01
365 1.749279e+00 3.456266e-01 6.561758e-01
366 1.673866e+00 5.861100e-01 6.816508e-01
367 1.673829e+00 4.774162e-01 7.618197e-01
368 1.584060e+00 6.223252e-01 8.446695e-01
369 1.673529e+00 3.587374e-01 8.249901e-01
370 1.583285e+00 3.466200e-01 9.914962e-01
371 1.749452e+00 5.241262e-01 5.241267e-01
372 1.809884e+00 3.769397e-01 4.384495e-01
373 1.809862e+00 4.385000e-01 3.769828e-01
374 1.479093e+00 1.151249e+00 3.113038e-01
375 1.361904e+00 1.299475e+00 2.580347e-01
376 1.232612e+00 1.433608e+00 1.882462e-01
377 1.094989e+00 1.547251e+00 1.304388e-01
378 1.236440e+00 1.392479e+00 3.771199e-01
379 1.237463e+00 1.322160e+00 5.749598e-01
380 1.099466e+00 1.462726e+00 5.114766e-01
381 6.401930e-01 1.773637e+00 2.331639e-01
382 9.525589e-01 1.507691e+00 6.553627e-01
383 9.525903e-01 1.392992e+00 8.730094e-01
384 7.973511e-01 1.525879e+00 8.036946e-01
385 6.368860e-01 1.728052e+00 4.671331e-01
386 6.359861e-01 1.641973e+00 7.137549e-01
387 6.357197e-01 1.517314e+00 9.505887e-01
388 6.356688e-01 1.357754e+00 1.167231e+00
389 7.983313e-01 1.691121e+00 3.358210e-01
390 9.524439e-01 1.587052e+00 4.290870e-01
391 9.517947e-01 1.630225e+00 2.155296e-01
392 1.479087e+00 3.113299e-01 1.151250e+00
393 1.361897e+00 2.580935e-01 1.299471e+00
394 1.237525e+00 5.745417e-01 1.322284e+00
395 1.236547e+00 3.763781e-01 1.392584e+00
396 1.099489e+00 5.112838e-01 1.462776e+00
397 1.232555e+00 1.886606e-01 1.433602e+00
398 1.094980e+00 1.305167e-01 1.547251e+00
399 9.525931e-01 8.729460e-01 1.393030e+00
400 9.525639e-01 6.553048e-01 1.507713e+00
401 7.973553e-01 8.037036e-01 1.525872e+00
402 6.356674e-01 1.167243e+00 1.357745e+00
403 6.356980e-01 9.505049e-01 1.517376e+00
404 6.359255e-01 7.133988e-01 1.642151e+00
405 6.367948e-01 4.661034e-01 1.728363e+00
406 6.402769e-01 2.334712e-01 1.773566e+00
407 7.983295e-01 3.356905e-01 1.691148e+00
408 9.517997e-01 2.150649e-01 1.630284e+00
409 9.524275e-01 4.301924e-01 1.586763e+00
410 7.973965e-01 1.219460e+00 1.219457e+00
411 9.526023e-01 1.071805e+00 1.246508e+00
412 1.099790e+00 9.190072e-01 1.247352e+00
413 9.526029e-01 1.246504e+00 1.071809e+00
414 1.099790e+00 1.247346e+00 9.190153e-01
415 1.237645e+00 7.655418e-01 1.221549e+00
416 1.364966e+00 6.159249e-01 1.169403e+00
417 1.480491e+00 4.750348e-01 1.092011e+00
418 1.480784e+00 6.322591e-01 1.008725e+00
419 1.480828e+00 7.761453e-01 9.026335e-01
420 1.237638e+00 1.221527e+00 7.655873e-01
421 1.364961e+00 1.169390e+00 6.159625e-01
422 1.480831e+00 9.026415e-01 7.761294e-01
423 1.480811e+00 1.008749e+00 6.321587e-01
424 1.480496e+00 1.092012e+00 4.750195e-01
425 1.365036e+00 9.345267e-01 9.345245e-01
426 1.237660e+00 1.093070e+00 9.398910e-01
427 1.237661e+00 9.398842e-01 1.093075e+00
428 1.917263e+00 5.771301e-02 3.497571e-01
429 1.364565e+00 1.390310e+00 8.185064e-02
430 8.421137e-02 1.881395e+00 4.950513e-01
431 1.763523e+00 6.892090e-02 8.417978e-01
432 1.675081e+00 9.901104e-01 6.257356e-02
433 1.889905e+00 3.980807e-02 4.859859e-01
434 1.584318e+00 6.243681e-02 1.138977e+00
435 7.775331e-02 1.678544e+00 9.793429e-01
436 6.707172e-01 1.190267e-01 1.821749e+00
437 1.930630e+00 2.885847e-01 3.068811e-02
438 7.821145e-02 7.771116e-01 1.783907e+00
439 1.066608e-01 1.148098e-01 1.952575e+00
440 1.232132e-01 1.474870e+00 1.262240e+00
441 4.611626e-01 8.797087e-02 1.891517e+00
442 3.994107e-01 1.903932e+00 1.175059e-01
443 1.221654e-01 1.265938e+00 1.475393e+00
444 1.161510e+00 7.388911e-02 1.560133e+00
445 1.584571e-01 1.938491e+00 1.043132e-01
446 1.818931e+00 6.948576e-01 5.821155e-02
447 1.149905e+00 1.569954e+00 7.376692e-02
448 7.738321e-02 9.734223e-01 1.683412e+00
449 8.388328e-02 5.080020e-01 1.878805e+00
450 7.128445e-01 1.807490e+00 1.120680e-01
451 1.924865e+00 2.504150e-02 2.313632e-01
452 8.123082e-02 1.818637e+00 6.935988e-01
453 1.351484e+00 7.948081e-02 1.397681e+00
454 1.818966e+00 6.446772e-02 6.889728e-01
455 1.763914e+00 8.428620e-01 7.095350e-02
456 1.000708e-01 1.371019e+00 1.376716e+00
457 1.886572e+00 5.281835e-01 6.165692e-02
458 7.850019e-02 1.129187e+00 1.584556e+00
459 1.013174e+00 1.049207e-01 1.654507e+00
460 7.592081e-02 1.743336e+00 8.599104e-01
461 1.279812e+00 1.490462e+00 6.377428e-02
462 1.596415e+00 1.122194e+00 5.944980e-02
463 5.684415e-01 1.857631e+00 1.044021e-01
464 1.947640e+00 1.345013e-02 1.300592e-01
465 8.748689e-01 1.737656e+00 9.246426e-02
466 9.113053e-02 1.930713e+00 2.309492e-01
467 1.028379e-01 3.191834e-01 1.918391e+00
468 7.873305e-02 1.583697e+00 1.130450e+00
469 1.717551e+00 7.272621e-02 9.226549e-01
470 2.509357e-01 1.189002e-01 1.920436e+00
471 1.935063e+00 1.671526e-01 1.021041e-01
472 8.671165e-02 2.109547e-01 1.921409e+00
473 1.909846e+00 3.745052e-01 5.313624e-02
474 1.270159e+00 8.512210e-02 1.479283e+00
475 1.473665e+00 7.867962e-02 1.263528e+00
476 1.527023e+00 1.192115e+00 9.589357e-02
477 8.708179e-01 9.238408e-02 1.739908e+00
478 1.011752e+00 1.655383e+00 1.051802e-01
479 1.949042e+00 1.685881e-01 2.230808e-02
480 2.744086e-01 1.919996e+00 1.453924e-01
481 1.670984e+00 6.164106e-02 9.991584e-01
482 1.470099e+00 1.269634e+00 7.828961e-02
483 1.946856e+00 7.761562e-02 4.562586e-02
484 1.938282e+00 4.253066e-02 6.339978e-02
485 1.943353e+00 1.231383e-01 7.390517e-02
486 1.877312e+00 5.078494e-01 1.314722e-01
487 1.877605e+00 1.204421e-01 4.992202e-01
488 1.941246e+00 1.895106e-01 5.430176e-02
1 102 1 7 
2 102 7 8 
3 102 8 9 
4 102 9 1 
5 102 1 10 
6 102 10 11 
7 102 11 12 
8 102 12 13 
9 102 13 14 
10 102 14 15 
11 102 15 16 
12 102 16 17 
13 102 17 18 
14 102 18 2 
15 102 3 19 
16 102 19 20 
17 102 20 21 
18 102 21 22 
19 102 22 23 
20 102 23 24 
21 102 24 25 
22 102 25 26 
23 102 26 27 
24 102 27 2 
25 102 1 28 
26 102 28 29 
27 102 29 30 
28 102 30 31 
29 102 31 32 
30 102 32 33 
31 102 33 34 
32 102 34 35 
33 102 35 36 
34 102 36 3 
35 102 4 2 
36 102 5 37 
37 102 37 38 
38 102 38 39 
39 102 39 40 
40 102 40 41 
41 102 41 42 
42 102 42 43 
43 102 43 44 
44 102 44 4 
45 102 5 3 
46 102 6 45 
47 102 45 46 
48 102 46 47 
49 102 47 48 
50 102 48 49 
51 102 49 50 
52 102 50 51 
53 102 51 52 
54 102 52 5 
55 102 6 1 
56 102 6 53 
57 102 53 54 
58 102 54 55 
59 102 55 56 
60 102 56 57 
61 102 57 58 
62 102 58 59 
63 102 59 60 
64 102 60 4 
65 102 6 61 
66 102 61 62 
67 102 62 63 
68 102 63 6 
69 203 114 18 115 
70 203 74 18 114 
71 203 66 114 115 
72 203 2 18 74 
73 203 24 116 76 
74 203 118 75 117 
75 203 116 24 25 
76 203 116 25 75 
77 203 119 117 66 
78 203 77 118 119 
79 203 117 119 118 
80 203 121 76 120 
81 203 122 120 77 
82 203 65 121 122 
83 203 120 122 121 
84 203 118 77 120 
85 203 116 120 76 
86 203 75 118 116 
87 203 120 116 118 
88 203 114 66 117 
89 203 123 117 75 
90 203 74 114 123 
91 203 117 123 114 
92 203 25 26 75 
93 203 75 26 123 
94 203 74 27 2 
95 203 27 74 123 
96 203 26 27 123 
97 203 124 22 78 
98 203 79 21 124 
99 203 126 78 125 
100 203 21 79 20 
101 203 127 125 65 
102 203 80 126 127 
103 203 125 127 126 
104 203 129 79 128 
105 203 130 128 80 
106 203 67 129 130 
107 203 128 130 129 
108 203 126 80 128 
109 203 124 128 79 
110 203 78 126 124 
111 203 128 124 126 
112 203 36 3 81 
113 203 132 131 67 
114 203 35 36 132 
115 203 131 36 81 
116 203 131 132 36 
117 203 129 67 131 
118 203 133 131 81 
119 203 79 129 133 
120 203 131 133 129 
121 203 19 20 133 
122 203 79 133 20 
123 203 133 81 19 
124 203 121 65 125 
125 203 3 19 81 
126 203 134 125 78 
127 203 76 121 134 
128 203 125 134 121 
129 203 22 124 21 
130 203 76 23 24 
131 203 23 76 134 
132 203 78 23 134 
133 203 23 78 22 
134 203 15 14 212 
135 203 13 82 14 
136 203 64 135 136 
137 203 82 13 135 
138 203 136 135 13 
139 203 138 64 137 
140 203 139 137 83 
141 203 84 138 139 
142 203 137 139 138 
143 203 140 83 11 
144 203 85 140 141 
145 203 143 84 142 
146 203 12 11 83 
147 203 140 11 141 
148 203 144 142 85 
149 203 69 143 144 
150 203 142 144 143 
151 203 140 85 142 
152 203 139 142 84 
153 203 83 140 139 
154 203 142 139 140 
155 203 10 86 150 
156 203 86 10 1 
157 203 146 69 145 
158 203 147 145 87 
159 203 88 146 147 
160 203 145 147 146 
161 203 147 1 88 
162 203 87 1 147 
163 203 148 1 87 
164 203 1 148 86 
165 203 149 87 145 
166 203 144 145 69 
167 203 85 149 144 
168 203 145 144 149 
169 203 141 150 85 
170 203 11 10 141 
171 203 149 85 150 
172 203 141 10 150 
173 203 148 150 86 
174 203 87 149 148 
175 203 150 148 149 
176 203 136 137 64 
177 203 136 12 137 
178 203 137 12 83 
179 203 12 136 13 
180 203 89 32 191 
181 203 89 31 32 
182 203 152 151 68 
183 203 30 152 154 
184 203 152 31 151 
185 203 31 89 151 
186 203 154 68 153 
187 203 155 153 90 
188 203 91 154 155 
189 203 153 155 154 
190 203 157 90 156 
191 203 158 156 70 
192 203 92 157 158 
193 203 156 158 157 
194 203 160 159 92 
195 203 157 92 159 
196 203 159 29 91 
197 203 28 29 160 
198 203 160 29 159 
199 203 155 159 91 
200 203 90 157 155 
201 203 159 155 157 
202 203 162 70 161 
203 203 163 161 93 
204 203 94 162 163 
205 203 161 163 162 
206 203 163 1 94 
207 203 163 93 1 
208 203 1 164 94 
209 203 164 1 95 
210 203 28 95 1 
211 203 92 165 160 
212 203 162 94 166 
213 203 95 28 165 
214 203 165 28 160 
215 203 158 166 92 
216 203 70 162 158 
217 203 166 158 162 
218 203 165 92 166 
219 203 164 166 94 
220 203 95 165 164 
221 203 166 164 165 
222 203 152 30 31 
223 203 91 30 154 
224 203 68 154 152 
225 203 29 30 91 
226 203 167 88 1 
227 203 168 93 161 
228 203 167 1 93 
229 203 169 161 70 
230 203 96 168 169 
231 203 161 169 168 
232 203 146 88 170 
233 203 171 170 96 
234 203 69 146 171 
235 203 170 171 146 
236 203 168 96 170 
237 203 167 170 88 
238 203 93 168 167 
239 203 170 167 168 
240 203 172 70 156 
241 203 173 156 90 
242 203 97 172 173 
243 203 156 173 172 
244 203 174 90 153 
245 203 175 153 68 
246 203 98 174 175 
247 203 153 175 174 
248 203 177 97 176 
249 203 178 176 98 
250 203 71 177 178 
251 203 176 178 177 
252 203 174 98 176 
253 203 173 176 97 
254 203 90 174 173 
255 203 176 173 174 
256 203 143 69 179 
257 203 180 179 99 
258 203 84 143 180 
259 203 179 180 143 
260 203 182 99 181 
261 203 183 181 71 
262 203 100 182 183 
263 203 181 183 182 
264 203 138 84 184 
265 203 185 184 100 
266 203 64 138 185 
267 203 184 185 138 
268 203 182 100 184 
269 203 180 184 84 
270 203 99 182 180 
271 203 184 180 182 
272 203 177 71 181 
273 203 186 181 99 
274 203 97 177 186 
275 203 181 186 177 
276 203 187 99 179 
277 203 171 179 69 
278 203 96 187 171 
279 203 179 171 187 
280 203 172 97 188 
281 203 169 188 96 
282 203 70 172 169 
283 203 188 169 172 
284 203 187 96 188 
285 203 186 188 97 
286 203 99 187 186 
287 203 188 186 187 
288 203 189 68 151 
289 203 190 151 89 
290 203 101 189 190 
291 203 151 190 189 
292 203 102 191 192 
293 203 32 33 191 
294 203 192 191 33 
295 203 194 101 193 
296 203 195 193 102 
297 203 72 194 195 
298 203 193 195 194 
299 203 191 102 193 
300 203 190 193 101 
301 203 89 191 190 
302 203 193 190 191 
303 203 192 34 206 
304 203 35 103 34 
305 203 67 196 132 
306 203 103 35 196 
307 203 196 35 132 
308 203 198 72 197 
309 203 199 197 104 
310 203 105 198 199 
311 203 197 199 198 
312 203 201 104 200 
313 203 130 200 67 
314 203 80 201 130 
315 203 200 130 201 
316 203 203 105 202 
317 203 127 202 80 
318 203 65 203 127 
319 203 202 127 203 
320 203 201 80 202 
321 203 199 202 105 
322 203 104 201 199 
323 203 202 199 201 
324 203 196 67 200 
325 203 204 200 104 
326 203 103 196 204 
327 203 200 204 196 
328 203 205 104 197 
329 203 195 197 72 
330 203 102 205 195 
331 203 197 195 205 
332 203 103 206 34 
333 203 192 206 102 
334 203 34 192 33 
335 203 205 102 206 
336 203 204 206 103 
337 203 104 205 204 
338 203 206 204 205 
339 203 135 64 207 
340 203 208 207 106 
341 203 82 135 208 
342 203 207 208 135 
343 203 210 106 209 
344 203 211 209 73 
345 203 107 210 211 
346 203 209 211 210 
347 203 82 212 14 
348 203 213 212 107 
349 203 213 15 212 
350 203 210 107 212 
351 203 208 212 82 
352 203 106 210 208 
353 203 212 208 210 
354 203 215 73 214 
355 203 216 214 108 
356 203 109 215 216 
357 203 214 216 215 
358 203 218 108 217 
359 203 122 217 65 
360 203 77 218 122 
361 203 217 122 218 
362 203 220 109 219 
363 203 119 219 77 
364 203 66 220 119 
365 203 219 119 220 
366 203 218 77 219 
367 203 216 219 109 
368 203 108 218 216 
369 203 219 216 218 
370 203 17 110 221 
371 203 110 16 223 
372 203 115 221 66 
373 203 18 17 115 
374 203 115 17 221 
375 203 110 17 16 
376 203 220 66 221 
377 203 222 221 110 
378 203 109 220 222 
379 203 221 222 220 
380 203 16 213 223 
381 203 107 223 213 
382 203 213 16 15 
383 203 215 109 224 
384 203 211 224 107 
385 203 73 215 211 
386 203 224 211 215 
387 203 223 107 224 
388 203 222 224 109 
389 203 110 223 222 
390 203 224 222 223 
391 203 203 65 217 
392 203 225 217 108 
393 203 105 203 225 
394 203 217 225 203 
395 203 226 108 214 
396 203 227 214 73 
397 203 111 226 227 
398 203 214 227 226 
399 203 198 105 228 
400 203 229 228 111 
401 203 72 198 229 
402 203 228 229 198 
403 203 226 111 228 
404 203 225 228 105 
405 203 108 226 225 
406 203 228 225 226 
407 203 230 73 209 
408 203 231 209 106 
409 203 112 230 231 
410 203 209 231 230 
411 203 232 106 207 
412 203 185 207 64 
413 203 100 232 185 
414 203 207 185 232 
415 203 234 112 233 
416 203 183 233 100 
417 203 71 234 183 
418 203 233 183 234 
419 203 232 100 233 
420 203 231 233 112 
421 203 106 232 231 
422 203 233 231 232 
423 203 194 72 235 
424 203 236 235 113 
425 203 101 194 236 
426 203 235 236 194 
427 203 238 113 237 
428 203 178 237 71 
429 203 98 238 178 
430 203 237 178 238 
431 203 189 101 239 
432 203 175 239 98 
433 203 68 189 175 
434 203 239 175 189 
435 203 238 98 239 
436 203 236 239 101 
437 203 113 238 236 
438 203 239 236 238 
439 203 234 71 237 
440 203 240 237 113 
441 203 112 234 240 
442 203 237 240 234 
443 203 241 113 235 
444 203 229 235 72 
445 203 111 241 229 
446 203 235 229 241 
447 203 230 112 242 
448 203 227 242 111 
449 203 73 230 227 
450 203 242 227 230 
451 203 241 111 242 
452 203 240 242 112 
453 203 113 241 240 
454 203 242 240 241 
455 203 244 4 2 
456 203 20 38 21 
457 203 19 3 5 
458 203 37 38 20 
459 203 20 19 37 
460 203 5 37 19 
461 203 39 21 38 
462 203 40 22 39 
463 203 243 23 40 
464 203 21 39 22 
465 203 23 243 24 
466 203 22 40 23 
467 203 25 43 26 
468 203 44 26 43 
469 203 244 2 27 
470 203 26 44 27 
471 203 4 244 44 
472 203 27 44 244 
473 203 24 42 25 
474 203 42 24 41 
475 203 24 243 41 
476 203 43 25 42 
477 203 41 243 40 
478 203 246 3 36 
479 203 31 30 47 
480 203 45 29 28 
481 203 6 28 1 
482 203 28 6 45 
483 203 29 45 46 
484 203 30 29 46 
485 203 5 246 52 
486 203 36 52 246 
487 203 246 5 3 
488 203 35 34 51 
489 203 36 35 52 
490 203 50 51 34 
491 203 51 52 35 
492 203 46 47 30 
493 203 47 48 31 
494 203 32 31 48 
495 203 245 32 48 
496 203 33 32 245 
497 203 34 33 50 
498 203 49 33 245 
499 203 49 50 33 
500 203 48 49 245 
501 203 248 18 2 
502 203 13 55 12 
503 203 53 10 11 
504 203 6 1 10 
505 203 10 53 6 
506 203 11 54 53 
507 203 12 54 11 
508 203 4 60 248 
509 203 18 248 60 
510 203 248 2 4 
511 203 17 59 16 
512 203 18 60 17 
513 203 58 16 59 
514 203 59 17 60 
515 203 54 12 55 
516 203 55 13 56 
517 203 14 56 13 
518 203 247 56 14 
519 203 15 247 14 
520 203 16 58 15 
521 203 57 247 15 
522 203 57 15 58 
523 203 56 247 57 
524 203 299 60 259 
525 203 250 300 299 
526 203 4 259 60 
527 203 299 300 60 
528 203 260 43 301 
529 203 261 301 42 
530 203 303 302 260 
531 203 42 41 261 
532 203 304 250 302 
533 203 262 304 303 
534 203 302 303 304 
535 203 306 305 261 
536 203 307 262 305 
537 203 249 307 306 
538 203 305 306 307 
539 203 303 305 262 
540 203 301 261 305 
541 203 260 301 303 
542 203 305 303 301 
543 203 299 302 250 
544 203 308 260 302 
545 203 259 308 299 
546 203 302 299 308 
547 203 42 301 43 
548 203 259 4 44 
549 203 44 308 259 
550 203 43 260 44 
551 203 308 44 260 
552 203 38 264 309 
553 203 311 310 263 
554 203 309 39 38 
555 203 309 263 39 
556 203 312 249 310 
557 203 265 312 311 
558 203 310 311 312 
559 203 314 313 264 
560 203 315 265 313 
561 203 251 315 314 
562 203 313 314 315 
563 203 311 313 265 
564 203 309 264 313 
565 203 263 309 311 
566 203 313 311 309 
567 203 266 5 52 
568 203 317 251 316 
569 203 51 317 52 
570 203 317 316 52 
571 203 314 316 251 
572 203 318 266 316 
573 203 264 318 314 
574 203 316 314 318 
575 203 52 316 266 
576 203 38 37 264 
577 203 318 264 37 
578 203 318 37 266 
579 203 306 310 249 
580 203 5 266 37 
581 203 319 263 310 
582 203 261 319 306 
583 203 310 306 319 
584 203 319 261 41 
585 203 40 319 41 
586 203 263 319 40 
587 203 39 263 40 
588 203 320 321 56 
589 203 267 320 56 
590 203 253 321 320 
591 203 57 267 56 
592 203 323 322 253 
593 203 324 268 322 
594 203 269 324 323 
595 203 322 323 324 
596 203 326 53 54 
597 203 268 325 54 
598 203 270 326 325 
599 203 328 327 269 
600 203 329 270 327 
601 203 254 329 328 
602 203 327 328 329 
603 203 325 327 270 
604 203 324 269 327 
605 203 268 324 325 
606 203 327 325 324 
607 203 53 335 271 
608 203 271 6 53 
609 203 331 330 254 
610 203 332 272 330 
611 203 273 332 331 
612 203 330 331 332 
613 203 332 273 6 
614 203 272 332 6 
615 203 333 272 6 
616 203 6 271 333 
617 203 334 330 272 
618 203 329 254 330 
619 203 270 329 334 
620 203 330 334 329 
621 203 326 270 335 
622 203 54 325 326 
623 203 334 335 270 
624 203 326 335 53 
625 203 333 271 335 
626 203 272 333 334 
627 203 335 334 333 
628 203 55 322 268 
629 203 321 253 322 
630 203 56 321 55 
631 203 321 322 55 
632 203 268 54 55 
633 203 337 252 336 
634 203 47 337 48 
635 203 336 274 48 
636 203 336 48 337 
637 203 339 338 252 
638 203 340 275 338 
639 203 276 340 339 
640 203 338 339 340 
641 203 342 341 275 
642 203 343 255 341 
643 203 277 343 342 
644 203 341 342 343 
645 203 345 277 344 
646 203 345 344 46 
647 203 344 276 46 
648 203 46 45 345 
649 203 342 344 277 
650 203 340 276 344 
651 203 275 340 342 
652 203 344 342 340 
653 203 347 346 255 
654 203 348 278 346 
655 203 279 348 347 
656 203 346 347 348 
657 203 348 279 6 
658 203 348 6 278 
659 203 6 279 349 
660 203 349 280 6 
661 203 45 6 280 
662 203 277 345 350 
663 203 347 351 279 
664 203 280 350 45 
665 203 350 345 45 
666 203 343 277 351 
667 203 255 343 347 
668 203 351 347 343 
669 203 350 351 277 
670 203 349 279 351 
671 203 280 349 350 
672 203 351 350 349 
673 203 47 46 276 
674 203 252 337 339 
675 203 276 339 47 
676 203 339 337 47 
677 203 352 6 273 
678 203 353 346 278 
679 203 352 278 6 
680 203 354 255 346 
681 203 281 354 353 
682 203 346 353 354 
683 203 331 355 273 
684 203 356 281 355 
685 203 254 356 331 
686 203 355 331 356 
687 203 353 355 281 
688 203 352 273 355 
689 203 278 352 353 
690 203 355 353 352 
691 203 357 341 255 
692 203 358 275 341 
693 203 282 358 357 
694 203 341 357 358 
695 203 359 338 275 
696 203 360 252 338 
697 203 283 360 359 
698 203 338 359 360 
699 203 362 361 282 
700 203 363 283 361 
701 203 256 363 362 
702 203 361 362 363 
703 203 359 361 283 
704 203 358 282 361 
705 203 275 358 359 
706 203 361 359 358 
707 203 328 364 254 
708 203 365 284 364 
709 203 269 365 328 
710 203 364 328 365 
711 203 367 366 284 
712 203 368 256 366 
713 203 285 368 367 
714 203 366 367 368 
715 203 323 369 269 
716 203 370 285 369 
717 203 253 370 323 
718 203 369 323 370 
719 203 367 369 285 
720 203 365 269 369 
721 203 284 365 367 
722 203 369 367 365 
723 203 362 366 256 
724 203 371 284 366 
725 203 282 371 362 
726 203 366 362 371 
727 203 372 364 284 
728 203 356 254 364 
729 203 281 356 372 
730 203 364 372 356 
731 203 357 373 282 
732 203 354 281 373 
733 203 255 354 357 
734 203 373 357 354 
735 203 372 373 281 
736 203 371 282 373 
737 203 284 371 372 
738 203 373 372 371 
739 203 374 336 252 
740 203 375 274 336 
741 203 286 375 374 
742 203 336 374 375 
743 203 49 48 274 
744 203 287 377 376 
745 203 379 378 286 
746 203 274 376 49 
747 203 376 377 49 
748 203 380 287 378 
749 203 257 380 379 
750 203 378 379 380 
751 203 376 378 287 
752 203 375 286 378 
753 203 274 375 376 
754 203 378 376 375 
755 203 381 317 51 
756 203 288 381 51 
757 203 251 317 381 
758 203 50 288 51 
759 203 383 382 257 
760 203 384 289 382 
761 203 290 384 383 
762 203 382 383 384 
763 203 386 385 289 
764 203 315 251 385 
765 203 265 315 386 
766 203 385 386 315 
767 203 388 387 290 
768 203 312 265 387 
769 203 249 312 388 
770 203 387 388 312 
771 203 386 387 265 
772 203 384 290 387 
773 203 289 384 386 
774 203 387 386 384 
775 203 381 385 251 
776 203 389 289 385 
777 203 288 389 381 
778 203 385 381 389 
779 203 390 382 289 
780 203 380 257 382 
781 203 287 380 390 
782 203 382 390 380 
783 203 377 287 391 
784 203 49 377 50 
785 203 391 288 50 
786 203 391 50 377 
787 203 390 391 287 
788 203 389 288 391 
789 203 289 389 390 
790 203 391 390 389 
791 203 320 392 253 
792 203 393 291 392 
793 203 267 393 320 
794 203 392 320 393 
795 203 395 394 291 
796 203 396 258 394 
797 203 292 396 395 
798 203 394 395 396 
799 203 398 292 397 
800 203 58 398 57 
801 203 395 397 292 
802 203 397 267 57 
803 203 398 397 57 
804 203 393 267 397 
805 203 291 393 395 
806 203 397 395 393 
807 203 400 399 258 
808 203 401 293 399 
809 203 294 401 400 
810 203 399 400 401 
811 203 403 402 293 
812 203 307 249 402 
813 203 262 307 403 
814 203 402 403 307 
815 203 405 404 294 
816 203 304 262 404 
817 203 250 304 405 
818 203 404 405 304 
819 203 403 404 262 
820 203 401 294 404 
821 203 293 401 403 
822 203 404 403 401 
823 203 300 250 406 
824 203 60 300 59 
825 203 406 295 59 
826 203 406 59 300 
827 203 405 406 250 
828 203 407 295 406 
829 203 294 407 405 
830 203 406 405 407 
831 203 408 398 58 
832 203 59 295 58 
833 203 295 408 58 
834 203 292 398 408 
835 203 400 409 294 
836 203 396 292 409 
837 203 258 396 400 
838 203 409 400 396 
839 203 408 409 292 
840 203 407 294 409 
841 203 295 407 408 
842 203 409 408 407 
843 203 388 402 249 
844 203 410 293 402 
845 203 290 410 388 
846 203 402 388 410 
847 203 411 399 293 
848 203 412 258 399 
849 203 296 412 411 
850 203 399 411 412 
851 203 383 413 290 
852 203 414 296 413 
853 203 257 414 383 
854 203 413 383 414 
855 203 411 413 296 
856 203 410 290 413 
857 203 293 410 411 
858 203 413 411 410 
859 203 415 394 258 
860 203 416 291 394 
861 203 297 416 415 
862 203 394 415 416 
863 203 417 392 291 
864 203 370 253 392 
865 203 285 370 417 
866 203 392 417 370 
867 203 419 418 297 
868 203 368 285 418 
869 203 256 368 419 
870 203 418 419 368 
871 203 417 418 285 
872 203 416 297 418 
873 203 291 416 417 
874 203 418 417 416 
875 203 379 420 257 
876 203 421 298 420 
877 203 286 421 379 
878 203 420 379 421 
879 203 423 422 298 
880 203 363 256 422 
881 203 283 363 423 
882 203 422 423 363 
883 203 374 424 286 
884 203 360 283 424 
885 203 252 360 374 
886 203 424 374 360 
887 203 423 424 283 
888 203 421 286 424 
889 203 298 421 423 
890 203 424 423 421 
891 203 419 422 256 
892 203 425 298 422 
893 203 297 425 419 
894 203 422 419 425 
895 203 426 420 298 
896 203 414 257 420 
897 203 296 414 426 
898 203 420 426 414 
899 203 415 427 297 
900 203 412 296 427 
901 203 258 412 415 
902 203 427 415 412 
903 203 426 427 296 
904 203 425 297 427 
905 203 298 425 426 
906 203 427 426 425 
907 304 122 77 218 403 
908 304 293 410 411 108 
909 304 157 341 342 275 
910 304 305 118 303 301 
911 304 157 341 275 156 
912 304 378 287 376 193 
913 304 265 128 311 313 
914 304 390 204 389 206 
915 304 249 125 312 127 
916 304 74 472 259 467 
917 304 49 48 429 245 
918 304 374 375 190 286 
919 304 191 193 375 376 
920 304 44 244 27 472 
921 304 115 299 250 114 
922 304 239 421 423 424 
923 304 131 36 81 480 
924 304 117 118 75 303 
925 304 133 314 318 264 
926 304 375 193 191 190 
927 304 133 430 19 20 
928 304 108 399 214 411 
929 304 431 322 137 469 
930 304 348 488 279 483 
931 304 432 154 339 152 
932 304 203 202 388 290 
933 304 487 85 141 140 
934 304 310 440 319 263 
935 304 310 440 263 78 
936 304 409 222 407 294 
937 304 136 137 64 322 
938 304 376 102 193 287 
939 304 54 53 11 433 
940 304 273 464 484 6 
941 304 339 338 154 340 
942 304 378 375 286 193 
943 304 226 108 214 411 
944 304 434 55 56 13 
945 304 399 412 214 411 
946 304 185 100 417 285 
947 304 159 446 344 457 
948 304 124 468 435 22 
949 304 155 153 338 154 
950 304 436 110 17 221 
951 304 411 227 412 214 
952 304 273 464 148 484 
953 304 187 284 99 179 
954 304 314 251 67 131 
955 304 57 453 474 397 
956 304 210 211 107 396 
957 304 376 102 191 193 
958 304 353 161 354 346 
959 304 270 141 85 428 
960 304 199 384 290 383 
961 304 433 141 10 11 
962 304 263 78 126 310 
963 304 343 92 277 166 
964 304 393 212 267 397 
965 304 372 96 373 281 
966 304 488 166 165 164 
967 304 297 112 231 415 
968 304 202 384 387 290 
969 304 105 202 203 290 
970 304 140 454 433 325 
971 304 338 155 154 340 
972 304 115 436 441 17 
973 304 425 234 297 112 
974 304 306 443 261 319 
975 304 45 479 437 28 
976 304 394 211 210 396 
977 304 64 137 323 322 
978 304 467 74 27 123 
979 304 73 215 258 399 
980 304 234 425 237 240 
981 304 210 394 396 395 
982 304 104 386 289 200 
983 304 236 421 239 101 
984 304 421 239 286 424 
985 304 12 454 11 83 
986 304 202 203 388 127 
987 304 124 128 79 309 
988 304 398 107 408 292 
989 304 410 225 217 203 
990 304 347 255 343 162 
991 304 142 328 144 143 
992 304 25 26 75 438 
993 304 386 315 385 200 
994 304 96 372 187 171 
995 304 419 233 183 418 
996 304 96 372 373 187 
997 304 234 419 183 71 
998 304 64 207 370 185 
999 304 74 472 467 27 
1000 304 368 419 183 418 
1001 304 390 204 289 389 
1002 304 151 482 336 476 
1003 304 312 387 388 127 
1004 304 360 153 68 338 
1005 304 180 365 367 369 
1006 304 181 256 71 183 
1007 304 170 146 356 171 
1008 304 84 365 369 269 
1009 304 202 199 290 105 
1010 304 198 383 105 413 
1011 304 384 199 290 202 
1012 304 324 431 454 268 
1013 304 361 173 97 176 
1014 304 177 362 97 176 
1015 304 237 425 422 298 
1016 304 305 77 120 307 
1017 304 152 432 31 462 
1018 304 356 69 364 171 
1019 304 357 172 358 156 
1020 304 397 474 212 453 
1021 304 249 122 402 307 
1022 304 365 180 179 143 
1023 304 365 328 269 143 
1024 304 211 73 258 209 
1025 304 153 359 90 338 
1026 304 234 112 233 297 
1027 304 152 151 462 31 
1028 304 198 383 72 197 
1029 304 112 230 231 415 
1030 304 426 425 240 113 
1031 304 391 206 478 192 
1032 304 383 257 72 197 
1033 304 241 426 242 240 
1034 304 204 385 389 381 
1035 304 18 248 60 470 
1036 304 195 257 197 72 
1037 304 210 292 395 396 
1038 304 416 106 209 231 
1039 304 146 355 170 356 
1040 304 194 379 101 193 
1041 304 398 107 292 397 
1042 304 484 167 273 483 
1043 304 397 292 395 210 
1044 304 153 155 338 90 
1045 304 84 142 143 269 
1046 304 401 400 215 399 
1047 304 273 483 6 484 
1048 304 393 210 395 291 
1049 304 359 358 361 173 
1050 304 487 141 433 140 
1051 304 324 431 268 322 
1052 304 432 154 152 30 
1053 304 230 415 209 231 
1054 304 415 416 209 231 
1055 304 174 361 283 176 
1056 304 370 207 417 185 
1057 304 172 357 282 373 
1058 304 440 22 78 23 
1059 304 198 414 383 413 
1060 304 131 266 81 318 
1061 304 73 412 214 399 
1062 304 218 293 108 217 
1063 304 410 225 203 105 
1064 304 393 397 395 210 
1065 304 241 111 242 296 
1066 304 221 406 405 250 
1067 304 488 165 479 164 
1068 304 426 242 240 427 
1069 304 220 109 219 404 
1070 304 348 488 483 94 
1071 304 317 251 196 381 
1072 304 390 204 206 205 
1073 304 354 96 373 169 
1074 304 390 287 102 391 
1075 304 233 100 183 418 
1076 304 314 315 313 129 
1077 304 121 120 307 306 
1078 304 233 416 418 297 
1079 304 412 73 230 415 
1080 304 125 312 126 310 
1081 304 130 315 200 67 
1082 304 425 419 237 422 
1083 304 425 426 240 427 
1084 304 122 403 218 402 
1085 304 249 125 65 121 
1086 304 312 249 127 388 
1087 304 225 410 217 108 
1088 304 255 158 341 343 
1089 304 320 208 267 393 
1090 304 329 428 270 85 
1091 304 98 178 176 363 
1092 304 369 323 370 138 
1093 304 483 479 488 349 
1094 304 362 181 366 256 
1095 304 115 18 17 441 
1096 304 455 30 47 46 
1097 304 36 132 35 442 
1098 304 147 87 484 273 
1099 304 323 137 64 138 
1100 304 66 221 405 250 
1101 304 112 242 427 240 
1102 304 254 146 145 69 
1103 304 222 407 294 405 
1104 304 229 414 426 235 
1105 304 479 350 437 488 
1106 304 401 403 293 218 
1107 304 308 74 123 114 
1108 304 193 379 101 286 
1109 304 394 211 258 209 
1110 304 401 109 294 404 
1111 304 116 118 301 75 
1112 304 23 456 440 40 
1113 304 325 54 454 433 
1114 304 384 201 202 387 
1115 304 148 484 87 273 
1116 304 118 117 119 303 
1117 304 29 473 457 160 
1118 304 257 195 194 72 
1119 304 84 365 269 143 
1120 304 315 251 385 67 
1121 304 471 488 162 347 
1122 304 465 206 103 34 
1123 304 413 229 198 414 
1124 304 84 323 369 138 
1125 304 416 233 418 232 
1126 304 172 357 169 70 
1127 304 132 251 67 196 
1128 304 362 181 256 177 
1129 304 117 304 119 303 
1130 304 299 250 114 302 
1131 304 222 407 405 406 
1132 304 14 474 212 15 
1133 304 400 211 215 258 
1134 304 411 227 214 226 
1135 304 65 402 203 388 
1136 304 282 373 371 188 
1137 304 373 187 371 188 
1138 304 270 433 325 487 
1139 304 24 23 443 76 
1140 304 357 172 282 358 
1141 304 86 334 333 272 
1142 304 100 184 285 185 
1143 304 211 73 215 258 
1144 304 142 328 143 269 
1145 304 372 364 179 171 
1146 304 308 299 114 302 
1147 304 274 190 375 191 
1148 304 336 482 89 274 
1149 304 323 84 369 269 
1150 304 220 109 294 222 
1151 304 30 152 432 31 
1152 304 366 186 362 371 
1153 304 96 354 373 281 
1154 304 255 357 70 354 
1155 304 189 286 239 424 
1156 304 58 57 15 444 
1157 304 207 64 370 253 
1158 304 111 296 228 226 
1159 304 357 341 70 156 
1160 304 146 254 356 69 
1161 304 146 69 356 171 
1162 304 350 166 351 277 
1163 304 161 471 346 353 
1164 304 109 220 294 404 
1165 304 401 216 293 399 
1166 304 291 232 416 417 
1167 304 106 416 232 231 
1168 304 79 128 313 309 
1169 304 216 401 293 218 
1170 304 459 213 408 398 
1171 304 421 379 101 194 
1172 304 269 139 323 84 
1173 304 65 402 217 203 
1174 304 402 410 217 203 
1175 304 487 433 325 140 
1176 304 284 372 187 371 
1177 304 368 367 285 182 
1178 304 443 458 41 24 
1179 304 173 358 156 90 
1180 304 161 255 354 346 
1181 304 323 64 370 138 
1182 304 199 384 197 104 
1183 304 223 295 408 407 
1184 304 213 459 15 444 
1185 304 118 305 120 116 
1186 304 408 107 398 213 
1187 304 184 369 370 138 
1188 304 103 204 389 381 
1189 304 23 134 443 76 
1190 304 118 77 120 305 
1191 304 304 117 66 302 
1192 304 340 455 276 155 
1193 304 410 105 203 290 
1194 304 249 125 310 312 
1195 304 263 124 126 78 
1196 304 125 312 127 126 
1197 304 216 218 293 108 
1198 304 52 5 246 445 
1199 304 213 223 408 107 
1200 304 460 21 39 38 
1201 304 191 49 377 376 
1202 304 376 102 287 377 
1203 304 167 355 168 170 
1204 304 195 379 194 193 
1205 304 91 29 30 446 
1206 304 131 266 318 316 
1207 304 251 385 67 196 
1208 304 314 133 131 129 
1209 304 193 287 380 378 
1210 304 191 375 274 376 
1211 304 340 455 155 154 
1212 304 170 88 167 355 
1213 304 392 208 135 320 
1214 304 180 369 367 184 
1215 304 135 208 392 207 
1216 304 215 400 258 399 
1217 304 292 409 396 107 
1218 304 409 224 396 107 
1219 304 213 212 444 15 
1220 304 475 135 82 320 
1221 304 66 220 405 221 
1222 304 398 107 397 212 
1223 304 416 297 231 415 
1224 304 488 479 483 164 
1225 304 409 222 294 224 
1226 304 142 327 269 324 
1227 304 292 409 107 408 
1228 304 409 223 107 408 
1229 304 201 199 384 202 
1230 304 249 65 127 388 
1231 304 170 96 356 281 
1232 304 443 458 24 76 
1233 304 144 254 145 69 
1234 304 181 366 256 368 
1235 304 77 305 262 307 
1236 304 484 167 483 1 
1237 304 442 131 480 36 
1238 304 299 300 441 115 
1239 304 387 202 388 127 
1240 304 198 105 228 413 
1241 304 14 82 475 13 
1242 304 374 252 360 189 
1243 304 110 477 436 16 
1244 304 151 374 189 252 
1245 304 161 255 162 70 
1246 304 30 47 432 455 
1247 304 32 33 191 461 
1248 304 409 222 224 223 
1249 304 151 374 252 336 
1250 304 108 293 399 411 
1251 304 442 131 36 132 
1252 304 488 349 479 280 
1253 304 416 233 231 297 
1254 304 421 236 238 298 
1255 304 471 347 346 348 
1256 304 372 356 364 171 
1257 304 104 384 382 289 
1258 304 189 374 424 360 
1259 304 106 416 209 394 
1260 304 47 48 31 462 
1261 304 32 48 245 429 
1262 304 151 482 476 31 
1263 304 488 351 350 166 
1264 304 206 390 102 391 
1265 304 186 366 181 99 
1266 304 96 372 356 281 
1267 304 33 49 50 447 
1268 304 341 357 358 156 
1269 304 236 421 101 194 
1270 304 237 178 238 422 
1271 304 172 357 70 156 
1272 304 419 234 233 297 
1273 304 274 190 336 375 
1274 304 199 201 384 104 
1275 304 110 477 16 223 
1276 304 357 354 373 169 
1277 304 488 350 351 349 
1278 304 401 109 404 219 
1279 304 436 110 221 406 
1280 304 394 416 209 415 
1281 304 410 293 217 108 
1282 304 33 49 447 461 
1283 304 256 178 71 422 
1284 304 114 259 470 299 
1285 304 220 304 119 66 
1286 304 393 212 397 210 
1287 304 116 25 438 448 
1288 304 162 471 347 161 
1289 304 293 410 217 402 
1290 304 317 132 196 251 
1291 304 29 46 446 457 
1292 304 386 200 385 289 
1293 304 385 251 381 196 
1294 304 178 256 177 363 
1295 304 213 223 16 459 
1296 304 203 410 290 388 
1297 304 425 237 113 298 
1298 304 174 98 283 175 
1299 304 108 225 411 226 
1300 304 111 227 296 226 
1301 304 357 172 169 373 
1302 304 359 275 90 338 
1303 304 328 69 143 364 
1304 304 413 229 414 296 
1305 304 184 100 285 182 
1306 304 147 273 484 88 
1307 304 134 440 78 23 
1308 304 476 151 31 462 
1309 304 367 184 285 182 
1310 304 364 69 143 179 
1311 304 358 172 173 156 
1312 304 274 190 191 89 
1313 304 267 208 320 82 
1314 304 365 84 369 180 
1315 304 274 190 89 336 
1316 304 65 249 402 388 
1317 304 211 394 210 209 
1318 304 449 467 27 123 
1319 304 382 390 380 205 
1320 304 77 403 219 218 
1321 304 260 117 75 303 
1322 304 102 390 205 380 
1323 304 103 450 35 196 
1324 304 483 167 352 278 
1325 304 465 103 450 34 
1326 304 474 14 212 453 
1327 304 225 410 413 105 
1328 304 152 151 252 337 
1329 304 410 225 411 108 
1330 304 425 234 237 419 
1331 304 236 113 238 298 
1332 304 426 113 235 420 
1333 304 152 252 339 337 
1334 304 201 384 386 387 
1335 304 237 425 113 240 
1336 304 390 206 102 205 
1337 304 104 200 289 204 
1338 304 198 199 383 197 
1339 304 166 437 350 488 
1340 304 197 104 382 205 
1341 304 323 137 139 324 
1342 304 207 232 417 185 
1343 304 224 211 396 107 
1344 304 82 453 267 212 
1345 304 476 151 337 336 
1346 304 104 289 382 205 
1347 304 236 421 238 239 
1348 304 167 485 278 483 
1349 304 471 488 347 348 
1350 304 109 401 400 215 
1351 304 401 109 216 215 
1352 304 211 224 400 215 
1353 304 224 109 400 215 
1354 304 330 146 145 254 
1355 304 241 426 113 235 
1356 304 241 229 426 235 
1357 304 70 161 354 169 
1358 304 173 172 282 97 
1359 304 6 278 483 352 
1360 304 292 397 107 210 
1361 304 259 74 308 114 
1362 304 277 473 457 345 
1363 304 221 220 405 222 
1364 304 163 485 483 94 
1365 304 265 315 130 313 
1366 304 377 391 478 192 
1367 304 441 59 17 436 
1368 304 111 227 242 296 
1369 304 394 106 210 209 
1370 304 124 309 435 263 
1371 304 132 442 463 35 
1372 304 113 236 235 420 
1373 304 155 275 157 340 
1374 304 163 483 485 93 
1375 304 174 359 173 90 
1376 304 358 275 156 90 
1377 304 216 401 215 399 
1378 304 460 124 435 21 
1379 304 137 323 322 324 
1380 304 360 175 283 424 
1381 304 360 174 283 175 
1382 304 237 422 238 298 
1383 304 42 25 438 43 
1384 304 151 374 336 190 
1385 304 195 382 380 205 
1386 304 375 374 190 336 
1387 304 456 23 443 243 
1388 304 306 443 319 134 
1389 304 153 174 360 175 
1390 304 456 40 23 243 
1391 304 265 128 130 80 
1392 304 41 456 40 319 
1393 304 463 52 51 35 
1394 304 26 449 75 438 
1395 304 80 311 126 312 
1396 304 159 446 457 29 
1397 304 291 393 208 392 
1398 304 44 26 43 449 
1399 304 265 201 130 386 
1400 304 306 134 310 121 
1401 304 436 110 16 17 
1402 304 159 446 29 91 
1403 304 457 277 344 486 
1404 304 431 54 55 12 
1405 304 10 464 86 451 
1406 304 269 139 142 324 
1407 304 166 473 277 350 
1408 304 485 278 483 348 
1409 304 236 113 298 420 
1410 304 151 374 190 189 
1411 304 432 154 30 455 
1412 304 247 14 453 56 
1413 304 414 426 235 420 
1414 304 194 236 420 235 
1415 304 223 110 407 222 
1416 304 421 236 420 194 
1417 304 360 189 68 175 
1418 304 59 441 17 60 
1419 304 398 107 212 213 
1420 304 471 94 485 163 
1421 304 59 477 58 16 
1422 304 394 210 291 395 
1423 304 124 468 22 78 
1424 304 91 30 455 446 
1425 304 24 41 42 458 
1426 304 207 370 392 253 
1427 304 207 253 392 135 
1428 304 289 204 385 389 
1429 304 253 320 392 135 
1430 304 439 4 470 259 
1431 304 471 485 94 348 
1432 304 465 51 50 34 
1433 304 221 300 406 250 
1434 304 221 222 405 406 
1435 304 110 407 222 406 
1436 304 261 116 76 120 
1437 304 311 263 126 310 
1438 304 306 134 319 310 
1439 304 309 124 311 263 
1440 304 133 131 81 318 
1441 304 314 251 131 316 
1442 304 265 128 80 311 
1443 304 78 125 126 310 
1444 304 130 128 313 129 
1445 304 289 390 382 205 
1446 304 128 124 311 309 
1447 304 66 117 114 302 
1448 304 384 386 289 104 
1449 304 140 454 83 11 
1450 304 152 339 432 337 
1451 304 355 170 356 281 
1452 304 300 299 250 115 
1453 304 3 466 19 81 
1454 304 470 4 60 259 
1455 304 471 485 93 163 
1456 304 485 278 348 471 
1457 304 487 142 144 85 
1458 304 314 131 318 316 
1459 304 165 28 160 473 
1460 304 300 221 115 250 
1461 304 221 66 115 250 
1462 304 178 98 238 423 
1463 304 186 362 97 177 
1464 304 155 275 340 338 
1465 304 275 157 156 90 
1466 304 164 488 166 94 
1467 304 155 344 157 159 
1468 304 28 165 479 437 
1469 304 142 328 269 327 
1470 304 167 353 168 355 
1471 304 192 206 478 34 
1472 304 422 178 238 423 
1473 304 113 237 238 298 
1474 304 353 161 168 354 
1475 304 487 328 142 327 
1476 304 330 428 334 329 
1477 304 488 280 350 349 
1478 304 86 334 272 330 
1479 304 383 257 197 382 
1480 304 72 414 235 420 
1481 304 487 144 329 85 
1482 304 291 232 417 207 
1483 304 333 451 464 271 
1484 304 471 488 348 94 
1485 304 100 368 183 418 
1486 304 465 391 478 50 
1487 304 465 391 50 288 
1488 304 33 447 478 192 
1489 304 468 440 22 78 
1490 304 359 358 173 90 
1491 304 201 202 387 80 
1492 304 289 200 385 204 
1493 304 82 267 475 320 
1494 304 230 73 209 415 
1495 304 409 224 107 223 
1496 304 165 28 473 437 
1497 304 162 471 161 163 
1498 304 166 347 351 343 
1499 304 249 122 307 121 
1500 304 483 348 94 485 
1501 304 307 120 121 122 
1502 304 261 116 301 448 
1503 304 260 308 123 302 
1504 304 306 249 307 121 
1505 304 347 161 471 346 
1506 304 402 410 203 388 
1507 304 255 161 347 346 
1508 304 128 79 313 129 
1509 304 79 133 20 430 
1510 304 483 6 1 479 
1511 304 362 181 177 186 
1512 304 362 181 186 366 
1513 304 362 361 176 363 
1514 304 174 359 361 173 
1515 304 153 359 360 174 
1516 304 359 153 360 338 
1517 304 142 454 140 325 
1518 304 189 252 68 151 
1519 304 180 84 369 184 
1520 304 96 372 171 356 
1521 304 359 174 361 283 
1522 304 475 135 13 82 
1523 304 453 247 56 57 
1524 304 144 328 69 143 
1525 304 255 161 354 70 
1526 304 98 176 283 363 
1527 304 174 359 360 283 
1528 304 256 178 422 363 
1529 304 220 404 219 119 
1530 304 369 184 370 285 
1531 304 409 222 223 407 
1532 304 333 335 334 451 
1533 304 262 219 403 404 
1534 304 75 260 301 438 
1535 304 261 305 116 120 
1536 304 265 201 386 387 
1537 304 265 201 387 80 
1538 304 265 201 80 130 
1539 304 99 366 182 367 
1540 304 370 64 185 138 
1541 304 320 321 135 253 
1542 304 451 334 428 335 
1543 304 315 130 313 129 
1544 304 20 37 38 430 
1545 304 195 102 205 380 
1546 304 124 22 435 21 
1547 304 200 315 385 67 
1548 304 487 328 327 329 
1549 304 393 212 210 208 
1550 304 106 210 208 291 
1551 304 323 322 253 64 
1552 304 248 4 60 470 
1553 304 487 328 329 144 
1554 304 89 429 191 274 
1555 304 487 329 270 85 
1556 304 94 483 1 164 
1557 304 32 191 429 461 
1558 304 487 270 329 327 
1559 304 253 136 322 321 
1560 304 421 236 298 420 
1561 304 315 314 67 129 
1562 304 253 136 321 135 
1563 304 486 277 343 92 
1564 304 486 343 277 342 
1565 304 361 362 97 282 
1566 304 434 475 56 320 
1567 304 486 343 158 92 
1568 304 323 64 253 370 
1569 304 155 275 338 90 
1570 304 33 192 478 34 
1571 304 30 91 455 154 
1572 304 288 103 389 381 
1573 304 253 136 135 64 
1574 304 409 224 400 396 
1575 304 483 488 279 349 
1576 304 166 347 343 162 
1577 304 356 96 170 171 
1578 304 224 211 400 396 
1579 304 255 158 343 162 
1580 304 479 165 28 95 
1581 304 239 286 189 101 
1582 304 86 464 10 1 
1583 304 310 440 78 134 
1584 304 415 73 209 258 
1585 304 239 421 286 101 
1586 304 394 415 209 258 
1587 304 218 122 402 217 
1588 304 428 334 451 150 
1589 304 125 249 65 127 
1590 304 249 122 65 402 
1591 304 181 256 177 71 
1592 304 177 362 176 363 
1593 304 172 358 173 282 
1594 304 419 71 237 422 
1595 304 237 71 419 234 
1596 304 195 379 257 194 
1597 304 329 428 85 149 
1598 304 167 485 483 93 
1599 304 384 201 386 104 
1600 304 202 387 388 290 
1601 304 102 206 391 192 
1602 304 273 464 6 332 
1603 304 364 365 179 143 
1604 304 218 403 293 402 
1605 304 225 105 413 228 
1606 304 241 229 296 426 
1607 304 413 229 296 228 
1608 304 293 218 402 217 
1609 304 265 80 387 312 
1610 304 328 365 364 143 
1611 304 106 394 210 291 
1612 304 418 100 285 417 
1613 304 416 106 291 394 
1614 304 317 52 51 463 
1615 304 254 145 330 329 
1616 304 401 216 219 218 
1617 304 229 414 296 426 
1618 304 283 98 363 423 
1619 304 221 110 222 406 
1620 304 109 224 400 294 
1621 304 257 379 420 194 
1622 304 234 425 297 419 
1623 304 32 482 89 31 
1624 304 233 100 418 232 
1625 304 403 219 262 77 
1626 304 309 79 264 313 
1627 304 486 341 343 342 
1628 304 241 426 240 113 
1629 304 82 453 212 14 
1630 304 425 112 427 240 
1631 304 110 295 407 406 
1632 304 229 198 414 72 
1633 304 416 233 232 231 
1634 304 74 472 27 439 
1635 304 336 252 151 337 
1636 304 252 189 68 360 
1637 304 486 158 157 92 
1638 304 439 18 470 248 
1639 304 486 341 342 157 
1640 304 18 470 441 115 
1641 304 244 4 439 472 
1642 304 191 49 274 429 
1643 304 147 484 1 88 
1644 304 479 95 28 1 
1645 304 255 158 162 70 
1646 304 165 479 164 95 
1647 304 255 158 70 341 
1648 304 486 341 157 158 
1649 304 292 210 107 396 
1650 304 166 437 488 165 
1651 304 375 190 286 193 
1652 304 66 115 250 114 
1653 304 304 220 405 66 
1654 304 296 227 242 427 
1655 304 117 260 123 302 
1656 304 470 74 114 18 
1657 304 298 421 423 238 
1658 304 98 239 423 424 
1659 304 25 116 438 75 
1660 304 124 263 126 311 
1661 304 312 311 126 310 
1662 304 80 265 311 312 
1663 304 79 309 264 452 
1664 304 306 443 134 76 
1665 304 121 306 76 120 
1666 304 360 189 175 424 
1667 304 314 129 313 264 
1668 304 470 18 114 115 
1669 304 269 139 84 142 
1670 304 282 362 97 371 
1671 304 269 139 324 323 
1672 304 348 488 347 279 
1673 304 187 372 373 371 
1674 304 260 449 123 308 
1675 304 254 328 144 329 
1676 304 168 471 353 167 
1677 304 390 204 205 289 
1678 304 304 117 302 303 
1679 304 251 132 67 131 
1680 304 385 200 67 196 
1681 304 368 100 183 182 
1682 304 359 275 358 90 
1683 304 129 79 313 264 
1684 304 463 132 35 196 
1685 304 488 347 279 351 
1686 304 385 204 196 381 
1687 304 366 186 371 99 
1688 304 284 366 371 99 
1689 304 186 187 371 99 
1690 304 228 226 413 225 
1691 304 350 473 345 45 
1692 304 181 366 182 99 
1693 304 137 323 139 138 
1694 304 180 365 179 284 
1695 304 323 84 139 138 
1696 304 113 426 298 420 
1697 304 369 184 285 367 
1698 304 366 181 182 368 
1699 304 304 66 250 302 
1700 304 180 99 182 367 
1701 304 181 368 183 182 
1702 304 173 174 176 361 
1703 304 239 98 175 424 
1704 304 173 358 361 282 
1705 304 365 180 367 284 
1706 304 137 431 12 83 
1707 304 297 112 415 427 
1708 304 433 270 326 428 
1709 304 351 277 166 343 
1710 304 112 425 427 297 
1711 304 431 454 12 83 
1712 304 168 355 281 170 
1713 304 366 284 367 99 
1714 304 414 229 72 235 
1715 304 193 190 286 101 
1716 304 354 96 168 281 
1717 304 168 96 354 169 
1718 304 230 412 415 427 
1719 304 199 198 383 105 
1720 304 57 15 444 474 
1721 304 163 1 483 93 
1722 304 384 383 197 382 
1723 304 178 422 363 423 
1724 304 296 226 413 228 
1725 304 338 154 68 339 
1726 304 77 118 262 305 
1727 304 452 20 38 430 
1728 304 366 368 182 367 
1729 304 480 445 81 266 
1730 304 189 374 286 424 
1731 304 184 370 285 185 
1732 304 374 189 286 190 
1733 304 480 445 266 52 
1734 304 287 390 102 380 
1735 304 256 178 177 71 
1736 304 452 460 38 21 
1737 304 160 29 159 457 
1738 304 159 486 344 157 
1739 304 220 222 294 405 
1740 304 219 77 119 262 
1741 304 29 45 46 457 
1742 304 439 18 248 2 
1743 304 36 3 81 445 
1744 304 163 483 1 94 
1745 304 380 287 193 102 
1746 304 132 442 317 463 
1747 304 44 244 472 4 
1748 304 379 195 380 193 
1749 304 161 255 347 162 
1750 304 36 52 246 445 
1751 304 118 305 116 301 
1752 304 118 303 301 75 
1753 304 153 360 68 175 
1754 304 252 151 152 68 
1755 304 471 488 94 162 
1756 304 378 379 380 193 
1757 304 79 124 460 21 
1758 304 195 102 380 193 
1759 304 419 256 368 183 
1760 304 256 419 71 183 
1761 304 103 288 450 381 
1762 304 291 232 207 106 
1763 304 265 315 386 130 
1764 304 452 21 38 20 
1765 304 291 207 417 392 
1766 304 207 370 417 392 
1767 304 377 391 102 287 
1768 304 102 391 377 192 
1769 304 310 440 134 319 
1770 304 443 261 319 41 
1771 304 166 437 165 473 
1772 304 102 191 192 377 
1773 304 191 33 192 447 
1774 304 452 309 264 38 
1775 304 195 257 382 197 
1776 304 195 197 382 205 
1777 304 100 418 232 417 
1778 304 104 289 205 204 
1779 304 188 186 371 97 
1780 304 373 96 188 169 
1781 304 267 82 212 208 
1782 304 284 180 99 179 
1783 304 350 437 473 45 
1784 304 282 188 371 97 
1785 304 418 416 232 417 
1786 304 64 207 135 253 
1787 304 125 249 310 121 
1788 304 249 306 310 121 
1789 304 466 81 133 19 
1790 304 466 133 81 318 
1791 304 357 255 70 341 
1792 304 410 225 413 411 
1793 304 379 421 101 286 
1794 304 488 437 479 165 
1795 304 207 106 208 291 
1796 304 147 273 331 332 
1797 304 215 73 214 399 
1798 304 166 347 162 488 
1799 304 479 350 488 280 
1800 304 473 29 28 160 
1801 304 343 92 166 158 
1802 304 400 211 258 396 
1803 304 372 284 179 364 
1804 304 325 142 324 327 
1805 304 108 216 214 399 
1806 304 178 237 71 422 
1807 304 142 454 325 324 
1808 304 176 361 283 363 
1809 304 187 284 371 99 
1810 304 158 341 156 70 
1811 304 450 103 381 196 
1812 304 216 215 214 399 
1813 304 223 409 407 408 
1814 304 84 369 184 138 
1815 304 284 180 367 99 
1816 304 384 199 197 383 
1817 304 488 162 166 94 
1818 304 458 24 76 116 
1819 304 166 347 488 351 
1820 304 291 232 106 416 
1821 304 89 429 274 482 
1822 304 184 370 185 138 
1823 304 232 100 417 185 
1824 304 357 70 354 169 
1825 304 251 132 131 316 
1826 304 430 133 318 264 
1827 304 368 100 285 418 
1828 304 466 133 430 19 
1829 304 324 83 137 139 
1830 304 279 6 483 349 
1831 304 419 233 418 297 
1832 304 122 249 65 121 
1833 304 227 230 242 427 
1834 304 454 324 268 325 
1835 304 355 147 331 146 
1836 304 109 401 216 219 
1837 304 216 293 399 108 
1838 304 211 394 258 396 
1839 304 404 220 294 405 
1840 304 383 105 413 290 
1841 304 100 368 285 182 
1842 304 256 419 422 71 
1843 304 79 133 264 129 
1844 304 79 21 452 20 
1845 304 133 314 264 129 
1846 304 468 40 39 22 
1847 304 348 483 6 278 
1848 304 442 132 317 316 
1849 304 79 460 452 21 
1850 304 128 265 130 313 
1851 304 151 336 89 190 
1852 304 73 412 399 258 
1853 304 112 230 415 427 
1854 304 230 112 242 427 
1855 304 439 18 2 74 
1856 304 208 82 135 320 
1857 304 469 137 431 12 
1858 304 4 244 439 2 
1859 304 137 481 12 469 
1860 304 92 159 457 160 
1861 304 137 481 469 322 
1862 304 349 479 280 6 
1863 304 412 73 415 258 
1864 304 136 321 481 322 
1865 304 434 475 320 135 
1866 304 439 18 74 470 
1867 304 348 483 279 6 
1868 304 189 239 175 424 
1869 304 229 241 296 111 
1870 304 220 304 404 119 
1871 304 486 457 92 159 
1872 304 122 77 403 307 
1873 304 128 309 311 313 
1874 304 454 324 139 83 
1875 304 122 403 402 307 
1876 304 24 25 116 448 
1877 304 314 133 318 131 
1878 304 403 77 262 307 
1879 304 136 12 481 13 
1880 304 125 134 310 78 
1881 304 378 379 193 286 
1882 304 254 144 145 329 
1883 304 134 125 310 121 
1884 304 144 328 254 69 
1885 304 466 430 133 318 
1886 304 144 149 145 329 
1887 304 229 111 296 228 
1888 304 48 476 482 31 
1889 304 92 457 473 160 
1890 304 80 312 126 127 
1891 304 105 410 413 290 
1892 304 207 291 208 392 
1893 304 53 464 10 451 
1894 304 140 141 433 11 
1895 304 434 136 481 13 
1896 304 98 174 283 176 
1897 304 172 373 188 169 
1898 304 74 439 27 2 
1899 304 166 158 162 343 
1900 304 199 383 290 105 
1901 304 457 473 277 92 
1902 304 191 49 429 461 
1903 304 48 476 336 482 
1904 304 77 122 120 307 
1905 304 330 146 147 145 
1906 304 482 429 48 32 
1907 304 370 185 417 285 
1908 304 157 341 156 158 
1909 304 92 473 165 160 
1910 304 305 306 307 120 
1911 304 341 275 156 358 
1912 304 359 153 90 174 
1913 304 393 208 392 320 
1914 304 161 168 354 169 
1915 304 282 172 188 97 
1916 304 225 226 413 411 
1917 304 226 296 413 411 
1918 304 166 473 165 92 
1919 304 152 339 68 154 
1920 304 305 118 262 303 
1921 304 65 122 217 402 
1922 304 65 203 127 388 
1923 304 144 85 149 329 
1924 304 118 77 262 119 
1925 304 26 449 123 75 
1926 304 49 191 447 461 
1927 304 444 398 397 212 
1928 304 103 450 34 35 
1929 304 376 102 377 191 
1930 304 482 429 274 48 
1931 304 109 224 294 222 
1932 304 411 227 226 296 
1933 304 444 397 398 57 
1934 304 80 128 126 311 
1935 304 128 124 126 311 
1936 304 375 378 376 193 
1937 304 300 59 441 436 
1938 304 223 213 408 459 
1939 304 295 110 407 223 
1940 304 224 409 400 294 
1941 304 109 401 294 400 
1942 304 277 473 345 350 
1943 304 425 234 112 240 
1944 304 155 275 90 157 
1945 304 200 204 196 385 
1946 304 260 117 123 75 
1947 304 79 20 452 430 
1948 304 411 227 296 412 
1949 304 115 436 221 300 
1950 304 425 426 298 113 
1951 304 37 5 466 19 
1952 304 304 66 405 250 
1953 304 299 259 308 114 
1954 304 117 260 302 303 
1955 304 26 449 27 123 
1956 304 306 443 76 261 
1957 304 306 261 76 120 
1958 304 152 252 68 339 
1959 304 306 134 121 76 
1960 304 261 306 305 120 
1961 304 261 305 301 116 
1962 304 466 3 445 81 
1963 304 250 66 114 302 
1964 304 68 154 338 153 
1965 304 168 353 354 281 
1966 304 355 353 168 281 
1967 304 256 362 177 363 
1968 304 317 132 251 316 
1969 304 284 365 179 364 
1970 304 170 88 355 146 
1971 304 210 393 208 291 
1972 304 444 397 474 212 
1973 304 434 136 13 135 
1974 304 187 372 179 171 
1975 304 84 365 143 180 
1976 304 393 212 208 267 
1977 304 304 220 404 405 
1978 304 364 69 179 171 
1979 304 487 328 144 142 
1980 304 253 136 64 322 
1981 304 96 168 281 170 
1982 304 123 308 114 302 
1983 304 362 186 97 371 
1984 304 117 123 114 302 
1985 304 275 342 157 340 
1986 304 330 149 329 145 
1987 304 172 373 282 188 
1988 304 384 104 382 197 
1989 304 187 96 188 373 
1990 304 314 315 67 251 
1991 304 204 103 196 381 
1992 304 130 315 67 129 
1993 304 206 390 391 389 
1994 304 187 186 371 188 
1995 304 252 360 68 338 
1996 304 288 206 391 389 
1997 304 103 206 389 204 
1998 304 288 206 389 103 
1999 304 464 148 1 86 
2000 304 166 473 92 277 
2001 304 444 474 397 57 
2002 304 16 477 58 459 
2003 304 484 167 1 88 
2004 304 344 155 157 340 
2005 304 210 397 107 212 
2006 304 342 344 157 340 
2007 304 446 159 155 91 
2008 304 340 455 154 339 
2009 304 295 110 436 406 
2010 304 339 252 68 338 
2011 304 98 178 363 423 
2012 304 419 234 183 233 
2013 304 256 181 368 183 
2014 304 284 372 179 187 
2015 304 424 98 283 423 
2016 304 254 69 364 356 
2017 304 195 257 380 382 
2018 304 254 328 364 69 
2019 304 72 194 420 235 
2020 304 422 298 423 238 
2021 304 198 414 72 383 
2022 304 414 257 72 383 
2023 304 195 379 380 257 
2024 304 315 386 130 200 
2025 304 314 131 67 129 
2026 304 32 48 482 31 
2027 304 201 386 104 200 
2028 304 386 201 130 200 
2029 304 164 479 1 95 
2030 304 233 112 231 297 
2031 304 227 412 73 230 
2032 304 412 227 296 427 
2033 304 426 296 242 427 
2034 304 304 303 262 119 
2035 304 403 401 219 218 
2036 304 401 403 219 404 
2037 304 303 118 262 119 
2038 304 304 117 119 66 
2039 304 166 437 473 350 
2040 304 413 229 228 198 
2041 304 178 177 176 363 
2042 304 426 241 242 296 
2043 304 257 194 420 72 
2044 304 379 421 420 194 
2045 304 421 239 423 238 
2046 304 257 414 72 420 
2047 304 239 98 423 238 
2048 304 184 180 182 367 
2049 304 458 24 116 448 
2050 304 260 303 75 301 
2051 304 175 98 283 424 
2052 304 273 464 332 148 
2053 304 387 80 127 312 
2054 304 202 80 127 387 
2055 304 115 436 17 221 
2056 304 459 213 15 16 
2057 304 173 361 97 282 
2058 304 404 219 119 262 
2059 304 227 412 230 427 
2060 304 304 404 119 262 
2061 304 227 412 214 73 
2062 304 362 361 97 176 
2063 304 486 341 158 343 
2064 304 336 48 482 274 
2065 304 190 189 286 101 
2066 304 355 353 352 167 
2067 304 330 428 329 149 
2068 304 329 428 334 270 
2069 304 325 433 270 326 
2070 304 85 141 150 428 
2071 304 150 149 85 428 
2072 304 326 428 335 53 
2073 304 150 141 10 428 
2074 304 10 141 433 428 
2075 304 433 270 428 141 
2076 304 150 451 428 10 
2077 304 150 451 10 86 
2078 304 451 86 334 333 
2079 304 464 148 86 332 
2080 304 333 464 86 272 
2081 304 333 451 271 335 
2082 304 86 330 332 148 
2083 304 86 330 148 150 
2084 304 148 1 87 484 
2085 304 273 483 167 352 
2086 304 273 483 352 6 
2087 304 147 87 1 484 
2088 304 93 1 483 167 
2089 304 484 483 6 1 
2090 304 355 356 146 331 
2091 304 356 254 146 331 
2092 304 254 330 146 331 
2093 304 355 147 273 331 
2094 304 330 147 146 331 
2095 304 147 145 87 330 
2096 304 436 295 59 477 
2097 304 446 155 159 344 
2098 304 145 149 87 330 
2099 304 355 147 146 88 
2100 304 147 273 332 87 
2101 304 155 276 344 446 
2102 304 148 330 332 87 
2103 304 167 355 88 273 
2104 304 59 295 58 477 
2105 304 332 273 148 87 
2106 304 168 471 167 93 
2107 304 168 471 93 161 
2108 304 167 485 93 471 
2109 304 272 332 464 86 
2110 304 335 334 428 270 
2111 304 110 295 477 223 
2112 304 332 330 331 147 
2113 304 355 147 88 273 
2114 304 110 295 436 477 
2115 304 439 470 74 259 
2116 304 355 352 273 167 
2117 304 278 471 346 348 
2118 304 352 353 278 167 
2119 304 344 276 155 340 
2120 304 326 428 270 335 
2121 304 15 212 444 474 
2122 304 86 334 330 150 
2123 304 484 167 88 273 
2124 304 330 87 147 332 
2125 304 44 259 472 467 
2126 304 148 330 87 149 
2127 304 155 455 276 446 
2128 304 451 428 10 53 
2129 304 53 271 451 335 
2130 304 142 454 324 139 
2131 304 454 139 140 83 
2132 304 330 428 149 150 
2133 304 34 206 478 465 
2134 304 53 464 451 271 
2135 304 451 428 53 335 
2136 304 333 451 86 464 
2137 304 148 330 149 150 
2138 304 330 428 150 334 
2139 304 86 330 272 332 
2140 304 334 86 451 150 
2141 304 49 48 274 429 
2142 304 89 429 482 32 
2143 304 89 429 32 191 
2144 304 274 49 191 376 
2145 304 450 51 34 35 
2146 304 430 37 19 20 
2147 304 55 469 481 322 
2148 304 37 430 318 264 
2149 304 466 430 37 19 
2150 304 431 322 469 55 
2151 304 268 54 55 431 
2152 304 324 431 322 137 
2153 304 454 431 324 83 
2154 304 463 35 450 196 
2155 304 47 339 432 455 
2156 304 432 47 31 462 
2157 304 30 432 47 31 
2158 304 432 339 47 337 
2159 304 54 53 433 326 
2160 304 325 270 487 327 
2161 304 325 54 433 326 
2162 304 55 469 12 481 
2163 304 142 487 327 325 
2164 304 321 55 56 434 
2165 304 320 321 56 434 
2166 304 320 321 434 135 
2167 304 321 136 481 434 
2168 304 321 136 434 135 
2169 304 435 468 39 22 
2170 304 435 309 39 263 
2171 304 460 435 39 21 
2172 304 435 22 39 21 
2173 304 321 481 55 434 
2174 304 436 477 59 16 
2175 304 450 288 51 381 
2176 304 59 436 16 17 
2177 304 295 436 59 406 
2178 304 442 52 317 463 
2179 304 317 132 463 196 
2180 304 486 457 159 344 
2181 304 45 479 28 6 
2182 304 142 454 139 140 
2183 304 457 277 345 344 
2184 304 479 350 280 45 
2185 304 25 26 438 43 
2186 304 434 481 55 13 
2187 304 26 449 438 43 
2188 304 438 260 301 43 
2189 304 244 439 27 472 
2190 304 481 12 55 13 
2191 304 481 321 55 322 
2192 304 439 244 27 2 
2193 304 279 488 351 349 
2194 304 159 486 157 92 
2195 304 277 344 486 342 
2196 304 486 157 342 344 
2197 304 40 263 319 440 
2198 304 40 22 440 23 
2199 304 440 456 23 134 
2200 304 468 40 22 440 
2201 304 465 450 51 34 
2202 304 441 18 17 60 
2203 304 299 300 60 441 
2204 304 442 480 316 52 
2205 304 18 470 60 441 
2206 304 36 442 35 52 
2207 304 442 36 480 52 
2208 304 442 52 463 35 
2209 304 52 442 317 316 
2210 304 24 23 243 443 
2211 304 41 24 243 443 
2212 304 443 23 456 134 
2213 304 41 456 319 443 
2214 304 463 35 51 450 
2215 304 58 57 444 398 
2216 304 213 459 444 398 
2217 304 213 212 398 444 
2218 304 167 485 471 278 
2219 304 52 5 445 266 
2220 304 480 445 52 36 
2221 304 480 445 36 81 
2222 304 466 445 266 81 
2223 304 446 29 30 46 
2224 304 46 344 446 457 
2225 304 446 30 455 46 
2226 304 344 446 276 46 
2227 304 447 49 50 377 
2228 304 447 377 478 192 
2229 304 191 447 192 377 
2230 304 49 447 191 377 
2231 304 448 25 438 42 
2232 304 261 448 301 42 
2233 304 24 25 448 42 
2234 304 458 24 448 42 
2235 304 44 467 27 449 
2236 304 260 44 449 308 
2237 304 52 480 316 266 
2238 304 26 44 27 449 
2239 304 131 266 316 480 
2240 304 300 59 436 406 
2241 304 221 300 436 406 
2242 304 442 131 132 316 
2243 304 453 397 57 267 
2244 304 397 453 212 267 
2245 304 82 453 14 475 
2246 304 82 453 475 267 
2247 304 267 453 56 57 
2248 304 53 433 10 11 
2249 304 442 131 316 480 
2250 304 10 433 53 428 
2251 304 326 428 53 433 
2252 304 131 266 480 81 
2253 304 12 54 11 454 
2254 304 54 11 454 433 
2255 304 431 54 12 454 
2256 304 268 454 325 54 
2257 304 268 54 431 454 
2258 304 276 455 47 46 
2259 304 455 339 276 47 
2260 304 340 455 339 276 
2261 304 155 455 446 91 
2262 304 155 455 91 154 
2263 304 446 455 276 46 
2264 304 456 319 440 40 
2265 304 41 456 443 243 
2266 304 41 456 243 40 
2267 304 440 319 456 134 
2268 304 443 456 319 134 
2269 304 457 277 486 92 
2270 304 483 488 164 94 
2271 304 457 344 345 46 
2272 304 477 408 295 58 
2273 304 457 45 46 345 
2274 304 443 261 41 458 
2275 304 443 261 458 76 
2276 304 458 41 42 261 
2277 304 261 458 76 116 
2278 304 261 458 116 448 
2279 304 261 458 448 42 
2280 304 58 459 408 398 
2281 304 459 58 15 444 
2282 304 16 477 459 223 
2283 304 479 350 45 437 
2284 304 58 459 15 16 
2285 304 459 58 444 398 
2286 304 309 460 39 38 
2287 304 309 124 435 460 
2288 304 452 309 38 460 
2289 304 79 124 309 460 
2290 304 79 309 452 460 
2291 304 309 435 39 460 
2292 304 32 33 461 245 
2293 304 33 49 461 245 
2294 304 32 461 429 245 
2295 304 461 49 429 245 
2296 304 152 432 462 337 
2297 304 152 151 337 462 
2298 304 47 48 462 337 
2299 304 476 151 462 337 
2300 304 432 47 462 337 
2301 304 164 483 1 479 
2302 304 36 246 3 445 
2303 304 349 479 6 483 
2304 304 5 246 445 3 
2305 304 381 463 317 51 
2306 304 381 463 196 317 
2307 304 381 463 450 196 
2308 304 381 463 51 450 
2309 304 116 438 301 448 
2310 304 6 479 28 1 
2311 304 42 438 301 43 
2312 304 438 116 301 75 
2313 304 45 479 6 280 
2314 304 448 438 301 42 
2315 304 449 260 75 438 
2316 304 44 449 43 260 
2317 304 447 377 50 478 
2318 304 449 260 123 75 
2319 304 449 260 438 43 
2320 304 33 478 50 34 
2321 304 53 464 271 6 
2322 304 333 464 6 271 
2323 304 464 6 10 1 
2324 304 484 464 148 1 
2325 304 484 464 1 6 
2326 304 333 6 464 272 
2327 304 272 332 6 464 
2328 304 53 464 6 10 
2329 304 288 206 103 465 
2330 304 288 103 450 465 
2331 304 288 51 50 465 
2332 304 465 391 288 206 
2333 304 288 450 51 465 
2334 304 33 447 50 478 
2335 304 466 81 266 318 
2336 304 37 466 266 318 
2337 304 37 5 266 466 
2338 304 79 133 430 264 
2339 304 50 34 478 465 
2340 304 430 37 38 264 
2341 304 452 430 38 264 
2342 304 79 430 452 264 
2343 304 377 391 50 478 
2344 304 74 259 308 467 
2345 304 308 74 467 123 
2346 304 449 308 467 123 
2347 304 259 44 308 467 
2348 304 44 308 467 449 
2349 304 439 4 248 470 
2350 304 4 439 248 2 
2351 304 465 391 206 478 
2352 304 5 445 266 466 
2353 304 124 263 435 468 
2354 304 124 263 468 78 
2355 304 263 440 468 78 
2356 304 263 40 39 468 
2357 304 435 263 39 468 
2358 304 263 40 468 440 
2359 304 431 322 55 268 
2360 304 55 469 431 12 
2361 304 137 481 322 136 
2362 304 137 481 136 12 
2363 304 324 431 137 83 
2364 304 470 259 114 74 
2365 304 470 299 441 115 
2366 304 477 408 58 459 
2367 304 299 470 114 115 
2368 304 299 470 60 259 
2369 304 470 299 60 441 
2370 304 161 471 93 163 
2371 304 162 471 163 94 
2372 304 168 471 161 353 
2373 304 278 353 346 471 
2374 304 278 471 167 353 
2375 304 466 37 430 318 
2376 304 140 454 11 433 
2377 304 432 154 455 339 
2378 304 191 33 447 461 
2379 304 115 436 300 441 
2380 304 27 44 472 467 
2381 304 472 4 439 259 
2382 304 44 472 259 4 
2383 304 74 472 439 259 
2384 304 5 3 445 466 
2385 304 140 487 85 142 
2386 304 433 270 141 487 
2387 304 270 141 487 85 
2388 304 140 487 142 325 
2389 304 29 45 457 473 
2390 304 477 408 459 223 
2391 304 28 45 473 437 
2392 304 45 29 28 473 
2393 304 457 45 345 473 
2394 304 474 453 57 247 
2395 304 14 247 474 15 
2396 304 59 300 441 60 
2397 304 247 14 474 453 
2398 304 247 474 15 57 
2399 304 434 475 135 13 
2400 304 14 475 56 13 
2401 304 475 267 56 320 
2402 304 434 475 13 56 
2403 304 475 453 14 56 
2404 304 475 453 56 267 
2405 304 151 482 31 89 
2406 304 151 482 89 336 
2407 304 48 476 31 462 
2408 304 48 476 337 336 
2409 304 48 476 462 337 
2410 304 3 5 19 466 
2411 304 477 408 223 295 
