35 165
1 0.000000e+00 0.000000e+00 0.000000e+00
2 0.000000e+00 0.000000e+00 1.000000e-01
3 2.000000e+00 0.000000e+00 0.000000e+00
4 2.000000e+00 0.000000e+00 1.000000e-01
5 2.000000e+00 2.000000e+00 0.000000e+00
6 2.000000e+00 2.000000e+00 1.000000e-01
7 0.000000e+00 2.000000e+00 0.000000e+00
8 0.000000e+00 2.000000e+00 1.000000e-01
9 1.000000e+00 0.000000e+00 0.000000e+00
10 1.000000e+00 0.000000e+00 1.000000e-01
11 2.000000e+00 1.000000e+00 0.000000e+00
12 2.000000e+00 1.000000e+00 1.000000e-01
13 1.000000e+00 2.000000e+00 0.000000e+00
14 1.000000e+00 2.000000e+00 1.000000e-01
15 0.000000e+00 1.000000e+00 0.000000e+00
16 0.000000e+00 1.000000e+00 1.000000e-01
17 1.510225e+00 6.106757e-01 0.000000e+00
18 4.899406e-01 6.109354e-01 0.000000e+00
19 1.000152e+00 7.589885e-01 0.000000e+00
20 1.368634e+00 1.287995e+00 0.000000e+00
21 6.294723e-01 1.287081e+00 0.000000e+00
22 1.510225e+00 6.106757e-01 1.000000e-01
23 4.899406e-01 6.109354e-01 1.000000e-01
24 1.000152e+00 7.589885e-01 1.000000e-01
25 1.368634e+00 1.287995e+00 1.000000e-01
26 6.294723e-01 1.287081e+00 1.000000e-01
27 1.719170e+00 5.858905e-01 4.999837e-02
28 7.719208e-01 1.627337e+00 5.000181e-02
29 1.348114e+00 3.619007e-01 5.000235e-02
30 3.575647e-01 4.153211e-01 5.000016e-02
31 1.386151e+00 1.662483e+00 4.999776e-02
32 8.688103e-01 4.748645e-01 4.999804e-02
33 3.186925e-01 1.383425e+00 4.999768e-02
34 3.387208e-01 9.670997e-01 5.000105e-02
35 1.665967e+00 1.204310e+00 5.000202e-02
1 102 1 2 
2 102 3 4 
3 102 1 9 
4 102 9 3 
5 102 2 10 
6 102 10 4 
7 102 5 6 
8 102 3 11 
9 102 11 5 
10 102 4 12 
11 102 12 6 
12 102 7 8 
13 102 5 13 
14 102 13 7 
15 102 6 14 
16 102 14 8 
17 102 7 15 
18 102 15 1 
19 102 8 16 
20 102 16 2 
21 203 10 3 4 
22 203 2 9 10 
23 203 9 2 1 
24 203 3 10 9 
25 203 12 5 6 
26 203 4 11 12 
27 203 11 4 3 
28 203 5 12 11 
29 203 14 7 8 
30 203 6 13 14 
31 203 13 6 5 
32 203 7 14 13 
33 203 16 1 2 
34 203 8 15 16 
35 203 15 8 7 
36 203 1 16 15 
37 203 15 18 1 
38 203 3 17 11 
39 203 9 19 17 
40 203 17 3 9 
41 203 18 19 9 
42 203 9 1 18 
43 203 17 20 11 
44 203 11 20 5 
45 203 20 13 5 
46 203 7 21 15 
47 203 21 18 15 
48 203 19 18 21 
49 203 20 21 13 
50 203 21 7 13 
51 203 17 19 20 
52 203 21 20 19 
53 203 16 2 23 
54 203 4 12 22 
55 203 10 22 24 
56 203 22 10 4 
57 203 23 10 24 
58 203 10 23 2 
59 203 22 12 25 
60 203 12 6 25 
61 203 25 6 14 
62 203 8 16 26 
63 203 26 16 23 
64 203 24 26 23 
65 203 25 14 26 
66 203 26 14 8 
67 203 22 25 24 
68 203 26 24 25 
69 304 14 7 8 28 
70 304 24 29 32 10 
71 304 32 30 18 23 
72 304 21 25 20 24 
73 304 23 19 24 21 
74 304 23 19 21 18 
75 304 14 7 28 13 
76 304 33 16 8 26 
77 304 23 21 24 26 
78 304 31 5 13 20 
79 304 21 25 24 26 
80 304 22 19 20 24 
81 304 19 21 20 24 
82 304 31 13 6 14 
83 304 17 35 27 22 
84 304 32 30 23 10 
85 304 31 13 14 28 
86 304 29 32 10 9 
87 304 23 32 10 24 
88 304 28 25 26 14 
89 304 26 14 8 28 
90 304 26 21 33 34 
91 304 22 25 24 20 
92 304 31 13 28 20 
93 304 35 6 31 5 
94 304 24 29 10 22 
95 304 22 25 35 12 
96 304 9 10 2 30 
97 304 23 21 26 34 
98 304 23 2 10 30 
99 304 9 3 10 29 
100 304 17 22 27 29 
101 304 1 2 16 30 
102 304 23 16 2 30 
103 304 1 9 2 30 
104 304 15 30 16 34 
105 304 35 6 5 12 
106 304 11 5 12 35 
107 304 31 5 6 13 
108 304 15 8 7 33 
109 304 15 16 8 33 
110 304 23 26 16 34 
111 304 21 15 33 34 
112 304 4 29 3 27 
113 304 25 31 20 35 
114 304 4 29 27 22 
115 304 4 29 22 10 
116 304 4 29 10 3 
117 304 27 3 17 29 
118 304 17 35 22 20 
119 304 17 35 20 11 
120 304 11 5 35 20 
121 304 22 25 20 35 
122 304 31 5 20 35 
123 304 16 26 33 34 
124 304 27 12 4 22 
125 304 17 22 29 19 
126 304 17 22 19 20 
127 304 17 35 11 27 
128 304 27 12 11 4 
129 304 23 34 30 18 
130 304 28 7 8 33 
131 304 28 7 21 13 
132 304 21 25 28 20 
133 304 21 25 26 28 
134 304 26 28 8 33 
135 304 28 13 21 20 
136 304 17 19 29 9 
137 304 12 27 11 35 
138 304 9 3 29 17 
139 304 27 17 3 11 
140 304 15 30 34 18 
141 304 12 22 27 35 
142 304 32 30 10 9 
143 304 32 30 9 18 
144 304 15 30 18 1 
145 304 23 16 30 34 
146 304 1 9 30 18 
147 304 21 18 15 34 
148 304 25 31 6 14 
149 304 25 31 14 28 
150 304 25 31 28 20 
151 304 23 21 34 18 
152 304 24 29 22 19 
153 304 23 19 18 32 
154 304 19 18 32 9 
155 304 29 19 32 9 
156 304 23 19 32 24 
157 304 24 29 19 32 
158 304 15 30 1 16 
159 304 15 33 7 21 
160 304 15 16 33 34 
161 304 28 7 33 21 
162 304 26 28 33 21 
163 304 35 6 12 25 
164 304 35 6 25 31 
165 304 27 3 4 11 
