13 24
1 6.661338e-16 0.000000e+00 0.000000e+00
2 2.000000e+00 0.000000e+00 0.000000e+00
3 2.000000e+00 2.000000e+00 0.000000e+00
4 6.661338e-16 2.000000e+00 0.000000e+00
5 1.000000e+00 0.000000e+00 0.000000e+00
6 2.000000e+00 1.000000e+00 0.000000e+00
7 1.000000e+00 2.000000e+00 0.000000e+00
8 6.661338e-16 1.000000e+00 0.000000e+00
9 1.510225e+00 6.106757e-01 0.000000e+00
10 4.899406e-01 6.109354e-01 0.000000e+00
11 1.000152e+00 7.589885e-01 0.000000e+00
12 1.368634e+00 1.287995e+00 0.000000e+00
13 6.294723e-01 1.287081e+00 0.000000e+00
1 102 1 5 
2 102 5 2 
3 102 2 6 
4 102 6 3 
5 102 3 7 
6 102 7 4 
7 102 4 8 
8 102 8 1 
9 203 8 10 1 
10 203 2 9 6 
11 203 5 11 9 
12 203 9 2 5 
13 203 10 11 5 
14 203 5 1 10 
15 203 9 12 6 
16 203 6 12 3 
17 203 12 7 3 
18 203 4 13 8 
19 203 13 10 8 
20 203 11 10 13 
21 203 12 13 7 
22 203 13 4 7 
23 203 9 11 12 
24 203 13 12 11 
