9 36
1 0.000000e+00 0.000000e+00 0.000000e+00
2 0.000000e+00 0.000000e+00 1.000000e-01
3 2.000000e+00 0.000000e+00 0.000000e+00
4 2.000000e+00 0.000000e+00 1.000000e-01
5 2.000000e+00 2.000000e+00 0.000000e+00
6 2.000000e+00 2.000000e+00 1.000000e-01
7 0.000000e+00 2.000000e+00 0.000000e+00
8 0.000000e+00 2.000000e+00 1.000000e-01
9 1.000000e+00 1.000000e+00 5.000000e-02
1 102 1 2 
2 102 3 4 
3 102 1 3 
4 102 2 4 
5 102 5 6 
6 102 3 5 
7 102 4 6 
8 102 7 8 
9 102 5 7 
10 102 6 8 
11 102 7 1 
12 102 8 2 
13 203 1 3 2 
14 203 4 2 3 
15 203 3 5 4 
16 203 6 4 5 
17 203 5 7 6 
18 203 8 6 7 
19 203 7 1 8 
20 203 2 8 1 
21 203 1 7 5 
22 203 1 5 3 
23 203 2 6 8 
24 203 2 4 6 
25 304 7 8 9 1 
26 304 7 5 1 9 
27 304 2 8 1 9 
28 304 2 8 9 6 
29 304 7 5 9 6 
30 304 6 4 5 9 
31 304 6 2 4 9 
32 304 2 1 3 9 
33 304 5 3 1 9 
34 304 4 2 3 9 
35 304 5 4 3 9 
36 304 7 8 6 9 
