385 2001
1 0.000000e+00 0.000000e+00 2.000000e+00
2 0.000000e+00 0.000000e+00 0.000000e+00
3 0.000000e+00 2.000000e+00 2.000000e+00
4 0.000000e+00 2.000000e+00 0.000000e+00
5 2.000000e+00 0.000000e+00 2.000000e+00
6 2.000000e+00 0.000000e+00 0.000000e+00
7 2.000000e+00 2.000000e+00 2.000000e+00
8 2.000000e+00 2.000000e+00 0.000000e+00
9 0.000000e+00 0.000000e+00 5.000000e-01
10 0.000000e+00 0.000000e+00 1.000000e+00
11 0.000000e+00 0.000000e+00 1.500000e+00
12 0.000000e+00 5.000000e-01 2.000000e+00
13 0.000000e+00 1.000000e+00 2.000000e+00
14 0.000000e+00 1.500000e+00 2.000000e+00
15 0.000000e+00 2.000000e+00 5.000000e-01
16 0.000000e+00 2.000000e+00 1.000000e+00
17 0.000000e+00 2.000000e+00 1.500000e+00
18 0.000000e+00 5.000000e-01 0.000000e+00
19 0.000000e+00 1.000000e+00 0.000000e+00
20 0.000000e+00 1.500000e+00 0.000000e+00
21 2.000000e+00 0.000000e+00 5.000000e-01
22 2.000000e+00 0.000000e+00 1.000000e+00
23 2.000000e+00 0.000000e+00 1.500000e+00
24 2.000000e+00 5.000000e-01 2.000000e+00
25 2.000000e+00 1.000000e+00 2.000000e+00
26 2.000000e+00 1.500000e+00 2.000000e+00
27 2.000000e+00 2.000000e+00 5.000000e-01
28 2.000000e+00 2.000000e+00 1.000000e+00
29 2.000000e+00 2.000000e+00 1.500000e+00
30 2.000000e+00 5.000000e-01 0.000000e+00
31 2.000000e+00 1.000000e+00 0.000000e+00
32 2.000000e+00 1.500000e+00 0.000000e+00
33 5.000000e-01 0.000000e+00 0.000000e+00
34 1.000000e+00 0.000000e+00 0.000000e+00
35 1.500000e+00 0.000000e+00 0.000000e+00
36 5.000000e-01 0.000000e+00 2.000000e+00
37 1.000000e+00 0.000000e+00 2.000000e+00
38 1.500000e+00 0.000000e+00 2.000000e+00
39 5.000000e-01 2.000000e+00 0.000000e+00
40 1.000000e+00 2.000000e+00 0.000000e+00
41 1.500000e+00 2.000000e+00 0.000000e+00
42 5.000000e-01 2.000000e+00 2.000000e+00
43 1.000000e+00 2.000000e+00 2.000000e+00
44 1.500000e+00 2.000000e+00 2.000000e+00
45 0.000000e+00 1.231440e+00 2.724972e-01
46 0.000000e+00 1.231314e+00 1.727605e+00
47 0.000000e+00 1.780088e+00 1.317203e+00
48 0.000000e+00 1.780066e+00 6.829481e-01
49 0.000000e+00 1.220469e+00 9.999679e-01
50 0.000000e+00 5.994307e-01 6.413295e-01
51 0.000000e+00 5.985299e-01 1.359404e+00
52 0.000000e+00 8.467190e-01 1.802908e+00
53 0.000000e+00 1.610412e+00 1.795774e+00
54 0.000000e+00 1.532374e+00 1.517074e+00
55 0.000000e+00 1.791793e+00 1.640242e+00
56 0.000000e+00 8.469652e-01 1.973079e-01
57 0.000000e+00 1.531924e+00 4.816250e-01
58 0.000000e+00 1.609918e+00 2.053551e-01
59 0.000000e+00 1.791618e+00 3.597011e-01
60 0.000000e+00 1.738401e+00 9.999795e-01
61 0.000000e+00 1.512931e+00 8.260002e-01
62 0.000000e+00 1.220138e+00 6.394449e-01
63 0.000000e+00 1.511718e+00 1.174276e+00
64 0.000000e+00 1.220025e+00 1.360444e+00
65 0.000000e+00 8.991223e-01 4.718516e-01
66 0.000000e+00 5.779108e-01 3.227692e-01
67 0.000000e+00 2.819865e-01 2.432006e-01
68 0.000000e+00 3.440463e-01 4.906079e-01
69 0.000000e+00 2.998665e-01 8.037914e-01
70 0.000000e+00 8.987668e-01 1.528444e+00
71 0.000000e+00 5.767523e-01 1.678123e+00
72 0.000000e+00 2.990834e-01 1.198671e+00
73 0.000000e+00 3.428170e-01 1.513453e+00
74 0.000000e+00 2.820007e-01 1.756288e+00
75 0.000000e+00 5.981850e-01 1.000455e+00
76 0.000000e+00 9.070942e-01 1.179837e+00
77 0.000000e+00 9.072738e-01 8.200880e-01
78 2.000000e+00 1.231440e+00 2.724972e-01
79 2.000000e+00 1.231314e+00 1.727605e+00
80 2.000000e+00 1.780088e+00 1.317203e+00
81 2.000000e+00 1.780066e+00 6.829481e-01
82 2.000000e+00 1.220469e+00 9.999679e-01
83 2.000000e+00 5.994307e-01 6.413295e-01
84 2.000000e+00 5.985299e-01 1.359404e+00
85 2.000000e+00 8.467190e-01 1.802908e+00
86 2.000000e+00 1.610412e+00 1.795774e+00
87 2.000000e+00 1.532374e+00 1.517074e+00
88 2.000000e+00 1.791793e+00 1.640242e+00
89 2.000000e+00 8.469652e-01 1.973079e-01
90 2.000000e+00 1.531924e+00 4.816250e-01
91 2.000000e+00 1.609918e+00 2.053551e-01
92 2.000000e+00 1.791618e+00 3.597011e-01
93 2.000000e+00 1.738401e+00 9.999795e-01
94 2.000000e+00 1.512931e+00 8.260002e-01
95 2.000000e+00 1.220138e+00 6.394449e-01
96 2.000000e+00 1.511718e+00 1.174276e+00
97 2.000000e+00 1.220025e+00 1.360444e+00
98 2.000000e+00 8.991223e-01 4.718516e-01
99 2.000000e+00 5.779108e-01 3.227692e-01
100 2.000000e+00 2.819865e-01 2.432006e-01
101 2.000000e+00 3.440463e-01 4.906079e-01
102 2.000000e+00 2.998665e-01 8.037914e-01
103 2.000000e+00 8.987668e-01 1.528444e+00
104 2.000000e+00 5.767523e-01 1.678123e+00
105 2.000000e+00 2.990834e-01 1.198671e+00
106 2.000000e+00 3.428170e-01 1.513453e+00
107 2.000000e+00 2.820007e-01 1.756288e+00
108 2.000000e+00 5.981850e-01 1.000455e+00
109 2.000000e+00 9.070942e-01 1.179837e+00
110 2.000000e+00 9.072738e-01 8.200880e-01
111 7.685600e-01 0.000000e+00 2.724972e-01
112 7.686865e-01 0.000000e+00 1.727605e+00
113 2.199115e-01 0.000000e+00 1.317203e+00
114 2.199344e-01 0.000000e+00 6.829481e-01
115 7.795310e-01 0.000000e+00 9.999679e-01
116 1.400569e+00 0.000000e+00 6.413295e-01
117 1.401470e+00 0.000000e+00 1.359404e+00
118 1.153281e+00 0.000000e+00 1.802908e+00
119 3.895877e-01 0.000000e+00 1.795774e+00
120 4.676256e-01 0.000000e+00 1.517074e+00
121 2.082072e-01 0.000000e+00 1.640242e+00
122 1.153035e+00 0.000000e+00 1.973079e-01
123 4.680755e-01 0.000000e+00 4.816250e-01
124 3.900824e-01 0.000000e+00 2.053551e-01
125 2.083817e-01 0.000000e+00 3.597011e-01
126 2.615989e-01 0.000000e+00 9.999795e-01
127 4.870693e-01 0.000000e+00 8.260002e-01
128 7.798624e-01 0.000000e+00 6.394449e-01
129 4.882823e-01 0.000000e+00 1.174276e+00
130 7.799751e-01 0.000000e+00 1.360444e+00
131 1.100878e+00 0.000000e+00 4.718516e-01
132 1.422089e+00 0.000000e+00 3.227692e-01
133 1.718013e+00 0.000000e+00 2.432006e-01
134 1.655954e+00 0.000000e+00 4.906079e-01
135 1.700133e+00 0.000000e+00 8.037914e-01
136 1.101233e+00 0.000000e+00 1.528444e+00
137 1.423248e+00 0.000000e+00 1.678123e+00
138 1.700917e+00 0.000000e+00 1.198671e+00
139 1.657183e+00 0.000000e+00 1.513453e+00
140 1.717999e+00 0.000000e+00 1.756288e+00
141 1.401815e+00 0.000000e+00 1.000455e+00
142 1.092906e+00 0.000000e+00 1.179837e+00
143 1.092726e+00 0.000000e+00 8.200880e-01
144 7.685600e-01 2.000000e+00 2.724972e-01
145 7.686865e-01 2.000000e+00 1.727605e+00
146 2.199115e-01 2.000000e+00 1.317203e+00
147 2.199344e-01 2.000000e+00 6.829481e-01
148 7.795310e-01 2.000000e+00 9.999679e-01
149 1.400569e+00 2.000000e+00 6.413295e-01
150 1.401470e+00 2.000000e+00 1.359404e+00
151 1.153281e+00 2.000000e+00 1.802908e+00
152 3.895877e-01 2.000000e+00 1.795774e+00
153 4.676256e-01 2.000000e+00 1.517074e+00
154 2.082072e-01 2.000000e+00 1.640242e+00
155 1.153035e+00 2.000000e+00 1.973079e-01
156 4.680755e-01 2.000000e+00 4.816250e-01
157 3.900824e-01 2.000000e+00 2.053551e-01
158 2.083817e-01 2.000000e+00 3.597011e-01
159 2.615989e-01 2.000000e+00 9.999795e-01
160 4.870693e-01 2.000000e+00 8.260002e-01
161 7.798624e-01 2.000000e+00 6.394449e-01
162 4.882823e-01 2.000000e+00 1.174276e+00
163 7.799751e-01 2.000000e+00 1.360444e+00
164 1.100878e+00 2.000000e+00 4.718516e-01
165 1.422089e+00 2.000000e+00 3.227692e-01
166 1.718013e+00 2.000000e+00 2.432006e-01
167 1.655954e+00 2.000000e+00 4.906079e-01
168 1.700133e+00 2.000000e+00 8.037914e-01
169 1.101233e+00 2.000000e+00 1.528444e+00
170 1.423248e+00 2.000000e+00 1.678123e+00
171 1.700917e+00 2.000000e+00 1.198671e+00
172 1.657183e+00 2.000000e+00 1.513453e+00
173 1.717999e+00 2.000000e+00 1.756288e+00
174 1.401815e+00 2.000000e+00 1.000455e+00
175 1.092906e+00 2.000000e+00 1.179837e+00
176 1.092726e+00 2.000000e+00 8.200880e-01
177 2.724972e-01 7.685600e-01 0.000000e+00
178 1.727605e+00 7.686865e-01 0.000000e+00
179 1.317203e+00 2.199115e-01 0.000000e+00
180 6.829481e-01 2.199344e-01 0.000000e+00
181 9.999679e-01 7.795310e-01 0.000000e+00
182 6.413295e-01 1.400569e+00 0.000000e+00
183 1.359404e+00 1.401470e+00 0.000000e+00
184 1.802908e+00 1.153281e+00 0.000000e+00
185 1.795774e+00 3.895877e-01 0.000000e+00
186 1.517074e+00 4.676256e-01 0.000000e+00
187 1.640242e+00 2.082072e-01 0.000000e+00
188 1.973079e-01 1.153035e+00 0.000000e+00
189 4.816250e-01 4.680755e-01 0.000000e+00
190 2.053551e-01 3.900824e-01 0.000000e+00
191 3.597011e-01 2.083817e-01 0.000000e+00
192 9.999795e-01 2.615989e-01 0.000000e+00
193 8.260002e-01 4.870693e-01 0.000000e+00
194 6.394449e-01 7.798624e-01 0.000000e+00
195 1.174276e+00 4.882823e-01 0.000000e+00
196 1.360444e+00 7.799751e-01 0.000000e+00
197 4.718516e-01 1.100878e+00 0.000000e+00
198 3.227692e-01 1.422089e+00 0.000000e+00
199 2.432006e-01 1.718013e+00 0.000000e+00
200 4.906079e-01 1.655954e+00 0.000000e+00
201 8.037914e-01 1.700133e+00 0.000000e+00
202 1.528444e+00 1.101233e+00 0.000000e+00
203 1.678123e+00 1.423248e+00 0.000000e+00
204 1.198671e+00 1.700917e+00 0.000000e+00
205 1.513453e+00 1.657183e+00 0.000000e+00
206 1.756288e+00 1.717999e+00 0.000000e+00
207 1.000455e+00 1.401815e+00 0.000000e+00
208 1.179837e+00 1.092906e+00 0.000000e+00
209 8.200880e-01 1.092726e+00 0.000000e+00
210 2.724972e-01 7.685600e-01 2.000000e+00
211 1.727605e+00 7.686865e-01 2.000000e+00
212 1.317203e+00 2.199115e-01 2.000000e+00
213 6.829481e-01 2.199344e-01 2.000000e+00
214 9.999679e-01 7.795310e-01 2.000000e+00
215 6.413295e-01 1.400569e+00 2.000000e+00
216 1.359404e+00 1.401470e+00 2.000000e+00
217 1.802908e+00 1.153281e+00 2.000000e+00
218 1.795774e+00 3.895877e-01 2.000000e+00
219 1.517074e+00 4.676256e-01 2.000000e+00
220 1.640242e+00 2.082072e-01 2.000000e+00
221 1.973079e-01 1.153035e+00 2.000000e+00
222 4.816250e-01 4.680755e-01 2.000000e+00
223 2.053551e-01 3.900824e-01 2.000000e+00
224 3.597011e-01 2.083817e-01 2.000000e+00
225 9.999795e-01 2.615989e-01 2.000000e+00
226 8.260002e-01 4.870693e-01 2.000000e+00
227 6.394449e-01 7.798624e-01 2.000000e+00
228 1.174276e+00 4.882823e-01 2.000000e+00
229 1.360444e+00 7.799751e-01 2.000000e+00
230 4.718516e-01 1.100878e+00 2.000000e+00
231 3.227692e-01 1.422089e+00 2.000000e+00
232 2.432006e-01 1.718013e+00 2.000000e+00
233 4.906079e-01 1.655954e+00 2.000000e+00
234 8.037914e-01 1.700133e+00 2.000000e+00
235 1.528444e+00 1.101233e+00 2.000000e+00
236 1.678123e+00 1.423248e+00 2.000000e+00
237 1.198671e+00 1.700917e+00 2.000000e+00
238 1.513453e+00 1.657183e+00 2.000000e+00
239 1.756288e+00 1.717999e+00 2.000000e+00
240 1.000455e+00 1.401815e+00 2.000000e+00
241 1.179837e+00 1.092906e+00 2.000000e+00
242 8.200880e-01 1.092726e+00 2.000000e+00
243 3.317055e-01 1.235431e+00 1.678737e+00
244 6.350851e-01 1.125195e+00 1.714767e+00
245 1.634533e+00 5.754017e-01 1.145353e+00
246 1.440504e+00 5.522593e-01 4.510017e-01
247 7.131170e-01 8.712371e-01 1.050422e+00
248 7.641347e-01 1.286199e+00 1.132292e+00
249 8.584615e-01 1.421032e+00 4.741336e-01
250 8.747546e-01 5.503552e-01 4.057389e-01
251 1.681299e+00 1.315215e+00 1.058233e+00
252 1.439050e+00 1.256884e+00 3.707885e-01
253 3.846902e-01 1.198574e+00 1.356506e+00
254 2.865626e-01 1.691331e+00 1.575740e+00
255 6.608552e-01 1.545528e+00 1.596912e+00
256 3.453272e-01 1.656674e+00 1.281306e+00
257 2.303410e-01 1.756832e+00 9.919515e-01
258 3.436284e-01 1.619376e+00 7.231949e-01
259 3.120787e-01 1.194776e+00 3.296166e-01
260 6.674788e-01 1.175726e+00 3.911655e-01
261 3.170102e-01 1.588013e+00 3.254515e-01
262 3.170952e-01 7.968418e-01 3.580779e-01
263 2.617467e-01 1.242435e+00 6.789290e-01
264 6.345321e-01 1.656899e+00 6.683380e-01
265 6.673233e-01 1.660961e+00 3.268727e-01
266 3.338371e-01 8.782881e-01 7.033495e-01
267 3.078000e-01 1.248474e+00 1.009691e+00
268 2.688737e-01 6.760696e-01 1.362509e+00
269 5.883955e-01 7.900223e-01 1.410450e+00
270 6.037420e-01 1.623748e+00 1.075343e+00
271 3.054914e-01 4.375125e-01 2.842461e-01
272 3.490948e-01 4.042337e-01 6.639838e-01
273 6.590193e-01 3.379013e-01 6.586525e-01
274 6.113358e-01 3.634148e-01 9.985926e-01
275 2.624370e-01 3.022599e-01 1.078278e+00
276 6.441107e-01 3.350589e-01 3.155188e-01
277 1.038587e+00 2.800860e-01 2.283142e-01
278 1.350615e+00 2.752520e-01 3.426691e-01
279 6.882938e-01 7.390667e-01 3.356662e-01
280 3.395308e-01 7.979451e-01 1.684848e+00
281 2.849826e-01 3.178761e-01 1.397933e+00
282 5.325796e-01 4.036488e-01 1.287620e+00
283 4.096852e-01 3.504833e-01 1.665478e+00
284 9.868403e-01 3.017710e-01 1.720155e+00
285 1.380227e+00 3.210885e-01 1.591702e+00
286 7.562021e-01 7.539064e-01 1.698198e+00
287 6.569038e-01 6.982943e-01 7.131031e-01
288 3.542737e-01 7.462923e-01 1.054258e+00
289 1.714373e+00 1.204565e+00 1.678257e+00
290 1.725518e+00 1.190948e+00 1.340373e+00
291 1.727428e+00 1.593486e+00 1.675034e+00
292 1.550976e+00 1.608262e+00 1.301192e+00
293 1.714831e+00 1.695812e+00 1.001397e+00
294 1.701037e+00 1.521756e+00 6.099627e-01
295 1.397779e+00 1.720478e+00 1.661842e+00
296 1.710485e+00 1.220351e+00 3.477704e-01
297 1.756783e+00 1.637865e+00 3.292897e-01
298 1.377186e+00 1.661657e+00 6.912046e-01
299 1.639864e+00 1.185834e+00 7.383684e-01
300 1.398254e+00 1.651505e+00 3.318036e-01
301 1.238695e+00 1.297804e+00 7.676030e-01
302 1.651562e+00 6.912472e-01 7.663378e-01
303 1.784643e+00 8.490869e-01 1.285385e+00
304 1.352773e+00 1.517279e+00 1.021428e+00
305 1.665175e+00 7.681708e-01 3.482082e-01
306 1.689472e+00 3.375279e-01 2.992500e-01
307 1.700889e+00 3.763701e-01 5.945811e-01
308 1.390871e+00 3.019180e-01 7.182289e-01
309 1.789974e+00 3.208218e-01 9.412362e-01
310 1.159855e+00 7.593420e-01 2.916935e-01
311 1.695521e+00 8.251715e-01 1.641529e+00
312 1.722856e+00 3.801100e-01 1.693025e+00
313 1.395928e+00 7.763580e-01 1.744676e+00
314 1.299879e+00 8.281804e-01 6.461125e-01
315 1.699905e+00 9.421808e-01 1.045600e+00
316 1.293901e+00 9.269546e-01 1.003143e+00
317 9.767767e-01 4.284586e-01 9.061073e-01
318 9.554084e-01 4.550056e-01 1.325819e+00
319 9.852101e-01 9.338362e-01 1.311153e+00
320 1.028414e+00 3.730159e-01 5.641915e-01
321 9.375345e-01 8.439961e-01 6.555383e-01
322 1.345779e+00 3.773419e-01 1.077079e+00
323 1.035356e+00 1.699053e+00 1.751076e+00
324 1.023483e+00 1.671424e+00 3.231871e-01
325 9.746733e-01 1.628678e+00 6.551129e-01
326 6.289605e-01 1.273157e+00 7.804656e-01
327 1.037733e+00 1.617086e+00 1.370200e+00
328 7.786289e-01 1.144775e+00 1.430605e+00
329 9.756186e-01 1.566152e+00 9.700274e-01
330 1.460416e+00 1.186278e+00 1.249226e+00
331 1.132596e+00 1.259143e+00 1.239290e+00
332 9.773328e-01 1.189526e+00 8.073657e-01
333 1.112810e+00 1.268157e+00 3.998960e-01
334 1.083075e+00 7.435762e-01 1.720731e+00
335 1.047046e+00 1.175851e+00 1.658477e+00
336 1.419792e+00 1.255907e+00 1.627243e+00
337 1.421949e+00 8.027163e-01 1.403979e+00
338 1.656885e-01 1.804237e+00 2.147977e-01
339 6.501199e-01 2.056519e-01 1.836428e+00
340 1.845441e+00 2.243748e-01 1.845455e+00
341 1.794748e+00 1.800554e+00 7.335817e-01
342 1.856727e+00 1.735843e+00 1.847001e+00
343 1.806567e+00 5.147592e-01 1.705270e-01
344 1.731536e-01 1.812390e+00 5.663405e-01
345 2.129746e-01 5.333398e-01 1.826489e+00
346 1.525272e-01 7.464774e-01 1.862752e+00
347 1.866497e-01 1.911629e-01 1.818880e-01
348 1.294893e+00 1.337869e-01 1.506885e-01
349 1.849219e+00 7.410974e-01 1.430527e-01
350 7.977606e-01 1.830782e+00 1.517005e-01
351 1.480576e-01 1.276342e+00 1.551198e-01
352 1.849493e+00 7.260288e-01 1.842531e+00
353 7.857887e-01 1.691589e-01 1.526655e-01
354 1.759173e-01 1.789176e-01 8.104997e-01
355 1.783751e+00 1.848006e+00 1.334752e+00
356 1.895308e+00 1.514651e-01 1.334335e+00
357 2.210776e-01 1.767213e+00 1.822987e+00
358 1.337518e+00 1.361733e-01 1.844472e+00
359 1.264706e-01 1.669861e-01 1.357441e+00
360 1.845260e+00 1.672379e-01 6.727216e-01
361 1.438149e-01 1.854490e+00 1.294842e+00
362 5.974506e-01 1.807923e+00 1.805626e+00
363 2.007848e-01 2.059866e-01 4.756163e-01
364 1.393296e-01 1.732005e-01 1.653310e+00
365 1.699497e+00 1.832097e+00 1.781263e+00
366 1.567095e-01 7.227874e-01 1.565568e-01
367 1.859555e+00 1.516129e-01 1.641260e+00
368 1.859627e+00 1.280313e+00 1.847041e+00
369 1.829989e+00 1.790815e-01 1.674008e-01
370 1.271295e+00 1.818760e+00 1.689330e-01
371 1.546164e-01 1.374306e+00 1.809913e+00
372 1.815161e+00 1.001845e+00 1.986124e-01
373 5.119147e-01 2.085677e-01 1.336003e-01
374 1.827234e+00 1.877125e-01 4.338042e-01
375 1.819441e+00 1.829207e+00 1.603084e-01
376 1.560470e+00 1.815446e+00 2.040487e-01
377 1.528548e+00 1.756249e-01 1.917803e-01
378 1.821800e+00 1.004324e+00 1.809007e+00
379 1.603628e+00 1.266128e-01 1.841031e+00
380 1.852123e-01 9.992731e-01 1.941630e-01
381 2.973035e-01 1.487005e-01 1.837236e+00
382 4.002956e-01 1.795320e+00 1.287620e-01
383 1.860086e+00 1.286086e+00 1.568786e-01
384 1.920383e-01 1.013675e+00 1.809085e+00
385 1.659458e-01 2.694291e-01 1.853292e+00
1 102 2 9 
2 102 9 10 
3 102 10 11 
4 102 11 1 
5 102 1 12 
6 102 12 13 
7 102 13 14 
8 102 14 3 
9 102 4 15 
10 102 15 16 
11 102 16 17 
12 102 17 3 
13 102 2 18 
14 102 18 19 
15 102 19 20 
16 102 20 4 
17 102 6 21 
18 102 21 22 
19 102 22 23 
20 102 23 5 
21 102 5 24 
22 102 24 25 
23 102 25 26 
24 102 26 7 
25 102 8 27 
26 102 27 28 
27 102 28 29 
28 102 29 7 
29 102 6 30 
30 102 30 31 
31 102 31 32 
32 102 32 8 
33 102 2 33 
34 102 33 34 
35 102 34 35 
36 102 35 6 
37 102 1 36 
38 102 36 37 
39 102 37 38 
40 102 38 5 
41 102 4 39 
42 102 39 40 
43 102 40 41 
44 102 41 8 
45 102 3 42 
46 102 42 43 
47 102 43 44 
48 102 44 7 
49 203 12 13 52 
50 203 52 13 46 
51 203 54 46 53 
52 203 3 53 14 
53 203 47 54 55 
54 203 53 55 54 
55 203 55 17 47 
56 203 3 17 55 
57 203 53 3 55 
58 203 53 46 14 
59 203 13 14 46 
60 203 56 45 19 
61 203 45 20 19 
62 203 58 45 57 
63 203 59 57 48 
64 203 58 4 20 
65 203 57 59 58 
66 203 16 15 48 
67 203 15 4 59 
68 203 48 15 59 
69 203 4 58 59 
70 203 20 45 58 
71 203 60 47 16 
72 203 61 48 57 
73 203 17 16 47 
74 203 60 16 48 
75 203 62 57 45 
76 203 49 61 62 
77 203 57 62 61 
78 203 54 47 63 
79 203 64 63 49 
80 203 46 54 64 
81 203 63 64 54 
82 203 61 49 63 
83 203 60 63 47 
84 203 48 61 60 
85 203 63 60 61 
86 203 65 45 56 
87 203 66 56 18 
88 203 50 65 66 
89 203 56 66 65 
90 203 18 2 67 
91 203 69 50 68 
92 203 9 10 69 
93 203 68 67 9 
94 203 68 9 69 
95 203 2 9 67 
96 203 66 68 50 
97 203 68 66 67 
98 203 19 18 56 
99 203 66 18 67 
100 203 52 46 70 
101 203 71 70 51 
102 203 70 71 52 
103 203 73 51 72 
104 203 73 72 11 
105 203 10 11 72 
106 203 1 12 74 
107 203 73 11 74 
108 203 1 74 11 
109 203 51 73 71 
110 203 71 12 52 
111 203 74 12 71 
112 203 74 71 73 
113 203 75 72 51 
114 203 69 10 72 
115 203 50 69 75 
116 203 72 75 69 
117 203 76 51 70 
118 203 64 70 46 
119 203 49 76 64 
120 203 70 64 76 
121 203 65 50 77 
122 203 62 77 49 
123 203 45 65 62 
124 203 77 62 65 
125 203 76 49 77 
126 203 75 77 50 
127 203 51 76 75 
128 203 77 75 76 
129 203 24 85 25 
130 203 85 79 25 
131 203 87 86 79 
132 203 7 26 86 
133 203 80 88 87 
134 203 86 87 88 
135 203 88 80 29 
136 203 7 88 29 
137 203 86 88 7 
138 203 86 26 79 
139 203 25 79 26 
140 203 89 31 78 
141 203 78 31 32 
142 203 91 90 78 
143 203 92 81 90 
144 203 91 32 8 
145 203 90 91 92 
146 203 28 81 27 
147 203 27 92 8 
148 203 81 92 27 
149 203 8 92 91 
150 203 32 91 78 
151 203 93 28 80 
152 203 94 90 81 
153 203 29 80 28 
154 203 93 81 28 
155 203 95 78 90 
156 203 82 95 94 
157 203 90 94 95 
158 203 87 96 80 
159 203 97 82 96 
160 203 79 97 87 
161 203 96 87 97 
162 203 94 96 82 
163 203 93 80 96 
164 203 81 93 94 
165 203 96 94 93 
166 203 98 89 78 
167 203 99 30 89 
168 203 83 99 98 
169 203 89 98 99 
170 203 30 100 6 
171 203 102 101 83 
172 203 21 102 22 
173 203 101 21 100 
174 203 101 102 21 
175 203 6 100 21 
176 203 99 83 101 
177 203 101 100 99 
178 203 31 89 30 
179 203 99 100 30 
180 203 85 103 79 
181 203 104 84 103 
182 203 103 85 104 
183 203 106 105 84 
184 203 106 23 105 
185 203 22 105 23 
186 203 5 107 24 
187 203 106 107 23 
188 203 5 23 107 
189 203 84 104 106 
190 203 104 85 24 
191 203 107 104 24 
192 203 107 106 104 
193 203 108 84 105 
194 203 102 105 22 
195 203 83 108 102 
196 203 105 102 108 
197 203 109 103 84 
198 203 97 79 103 
199 203 82 97 109 
200 203 103 109 97 
201 203 98 110 83 
202 203 95 82 110 
203 203 78 95 98 
204 203 110 98 95 
205 203 109 110 82 
206 203 108 83 110 
207 203 84 108 109 
208 203 110 109 108 
209 203 38 37 118 
210 203 118 37 112 
211 203 120 112 119 
212 203 1 119 36 
213 203 113 120 121 
214 203 119 121 120 
215 203 121 11 113 
216 203 1 11 121 
217 203 119 1 121 
218 203 119 112 36 
219 203 37 36 112 
220 203 122 111 34 
221 203 33 34 111 
222 203 124 111 123 
223 203 125 123 114 
224 203 123 125 124 
225 203 10 9 114 
226 203 9 2 125 
227 203 114 9 125 
228 203 124 2 33 
229 203 2 124 125 
230 203 124 33 111 
231 203 113 10 126 
232 203 127 114 123 
233 203 10 113 11 
234 203 126 10 114 
235 203 128 123 111 
236 203 115 127 128 
237 203 123 128 127 
238 203 120 113 129 
239 203 130 129 115 
240 203 112 120 130 
241 203 129 130 120 
242 203 127 115 129 
243 203 126 129 113 
244 203 114 127 126 
245 203 129 126 127 
246 203 131 111 122 
247 203 132 122 35 
248 203 116 131 132 
249 203 122 132 131 
250 203 35 6 133 
251 203 135 116 134 
252 203 21 22 135 
253 203 134 133 21 
254 203 134 21 135 
255 203 6 21 133 
256 203 132 134 116 
257 203 134 132 133 
258 203 34 35 122 
259 203 132 35 133 
260 203 118 112 136 
261 203 137 136 117 
262 203 136 137 118 
263 203 139 117 138 
264 203 139 138 23 
265 203 22 23 138 
266 203 5 38 140 
267 203 5 140 23 
268 203 139 23 140 
269 203 117 139 137 
270 203 137 38 118 
271 203 140 38 137 
272 203 140 137 139 
273 203 141 138 117 
274 203 135 22 138 
275 203 116 135 141 
276 203 138 141 135 
277 203 142 117 136 
278 203 130 136 112 
279 203 115 142 130 
280 203 136 130 142 
281 203 131 116 143 
282 203 128 143 115 
283 203 111 131 128 
284 203 143 128 131 
285 203 142 115 143 
286 203 141 143 116 
287 203 117 142 141 
288 203 143 141 142 
289 203 44 151 43 
290 203 151 145 43 
291 203 153 152 145 
292 203 3 42 152 
293 203 146 154 153 
294 203 152 153 154 
295 203 154 146 17 
296 203 3 154 17 
297 203 152 154 3 
298 203 152 42 145 
299 203 43 145 42 
300 203 155 40 144 
301 203 39 144 40 
302 203 157 156 144 
303 203 158 147 156 
304 203 156 157 158 
305 203 16 147 15 
306 203 15 158 4 
307 203 147 158 15 
308 203 157 39 4 
309 203 4 158 157 
310 203 157 144 39 
311 203 146 159 16 
312 203 160 156 147 
313 203 16 17 146 
314 203 159 147 16 
315 203 161 144 156 
316 203 148 161 160 
317 203 156 160 161 
318 203 153 162 146 
319 203 163 148 162 
320 203 145 163 153 
321 203 162 153 163 
322 203 160 162 148 
323 203 159 146 162 
324 203 147 159 160 
325 203 162 160 159 
326 203 164 155 144 
327 203 165 41 155 
328 203 149 165 164 
329 203 155 164 165 
330 203 41 166 8 
331 203 168 167 149 
332 203 27 168 28 
333 203 167 27 166 
334 203 167 168 27 
335 203 8 166 27 
336 203 165 149 167 
337 203 167 166 165 
338 203 40 155 41 
339 203 165 166 41 
340 203 151 169 145 
341 203 170 150 169 
342 203 169 151 170 
343 203 172 171 150 
344 203 172 29 171 
345 203 28 171 29 
346 203 7 173 44 
347 203 7 29 173 
348 203 172 173 29 
349 203 150 170 172 
350 203 170 151 44 
351 203 173 170 44 
352 203 173 172 170 
353 203 174 150 171 
354 203 168 171 28 
355 203 149 174 168 
356 203 171 168 174 
357 203 175 169 150 
358 203 163 145 169 
359 203 148 163 175 
360 203 169 175 163 
361 203 164 176 149 
362 203 161 148 176 
363 203 144 161 164 
364 203 176 164 161 
365 203 175 176 148 
366 203 174 149 176 
367 203 150 174 175 
368 203 176 175 174 
369 203 32 31 184 
370 203 184 31 178 
371 203 186 178 185 
372 203 6 185 30 
373 203 179 186 187 
374 203 185 187 186 
375 203 187 35 179 
376 203 6 35 187 
377 203 185 6 187 
378 203 185 178 30 
379 203 31 30 178 
380 203 188 177 19 
381 203 18 19 177 
382 203 190 177 189 
383 203 191 189 180 
384 203 189 191 190 
385 203 34 33 180 
386 203 33 2 191 
387 203 180 33 191 
388 203 190 2 18 
389 203 2 190 191 
390 203 190 18 177 
391 203 179 34 192 
392 203 193 180 189 
393 203 34 179 35 
394 203 192 34 180 
395 203 194 189 177 
396 203 181 193 194 
397 203 189 194 193 
398 203 186 179 195 
399 203 196 195 181 
400 203 178 186 196 
401 203 195 196 186 
402 203 193 181 195 
403 203 192 195 179 
404 203 180 193 192 
405 203 195 192 193 
406 203 197 177 188 
407 203 198 188 20 
408 203 182 197 198 
409 203 188 198 197 
410 203 20 4 199 
411 203 201 182 200 
412 203 39 40 201 
413 203 200 199 39 
414 203 200 39 201 
415 203 4 39 199 
416 203 198 200 182 
417 203 200 198 199 
418 203 19 20 188 
419 203 198 20 199 
420 203 184 178 202 
421 203 203 202 183 
422 203 202 203 184 
423 203 205 183 204 
424 203 205 204 41 
425 203 40 41 204 
426 203 8 32 206 
427 203 8 206 41 
428 203 205 41 206 
429 203 183 205 203 
430 203 203 32 184 
431 203 206 32 203 
432 203 206 203 205 
433 203 207 204 183 
434 203 201 40 204 
435 203 182 201 207 
436 203 204 207 201 
437 203 208 183 202 
438 203 196 202 178 
439 203 181 208 196 
440 203 202 196 208 
441 203 197 182 209 
442 203 194 209 181 
443 203 177 197 194 
444 203 209 194 197 
445 203 208 181 209 
446 203 207 209 182 
447 203 183 208 207 
448 203 209 207 208 
449 203 26 217 25 
450 203 217 211 25 
451 203 219 218 211 
452 203 5 24 218 
453 203 212 220 219 
454 203 218 219 220 
455 203 220 212 38 
456 203 5 220 38 
457 203 218 220 5 
458 203 218 24 211 
459 203 25 211 24 
460 203 221 13 210 
461 203 12 210 13 
462 203 223 222 210 
463 203 224 213 222 
464 203 222 223 224 
465 203 37 213 36 
466 203 36 224 1 
467 203 213 224 36 
468 203 223 12 1 
469 203 1 224 223 
470 203 223 210 12 
471 203 212 225 37 
472 203 226 222 213 
473 203 37 38 212 
474 203 225 213 37 
475 203 227 210 222 
476 203 214 227 226 
477 203 222 226 227 
478 203 219 228 212 
479 203 229 214 228 
480 203 211 229 219 
481 203 228 219 229 
482 203 226 228 214 
483 203 225 212 228 
484 203 213 225 226 
485 203 228 226 225 
486 203 230 221 210 
487 203 231 14 221 
488 203 215 231 230 
489 203 221 230 231 
490 203 14 232 3 
491 203 234 233 215 
492 203 42 234 43 
493 203 233 42 232 
494 203 233 234 42 
495 203 3 232 42 
496 203 231 215 233 
497 203 233 232 231 
498 203 13 221 14 
499 203 231 232 14 
500 203 217 235 211 
501 203 236 216 235 
502 203 235 217 236 
503 203 238 237 216 
504 203 238 44 237 
505 203 43 237 44 
506 203 7 239 26 
507 203 7 44 239 
508 203 238 239 44 
509 203 216 236 238 
510 203 236 217 26 
511 203 239 236 26 
512 203 239 238 236 
513 203 240 216 237 
514 203 234 237 43 
515 203 215 240 234 
516 203 237 234 240 
517 203 241 235 216 
518 203 229 211 235 
519 203 214 229 241 
520 203 235 241 229 
521 203 230 242 215 
522 203 227 214 242 
523 203 210 227 230 
524 203 242 230 227 
525 203 241 242 214 
526 203 240 215 242 
527 203 216 240 241 
528 203 242 241 240 
529 304 300 294 298 167 
530 304 297 341 167 27 
531 304 365 88 291 342 
532 304 283 339 284 112 
533 304 291 26 239 342 
534 304 339 222 283 226 
535 304 151 44 295 323 
536 304 156 344 258 261 
537 304 46 384 371 243 
538 304 267 248 326 247 
539 304 82 95 299 110 
540 304 60 61 63 257 
541 304 289 79 291 87 
542 304 291 216 336 295 
543 304 324 300 298 164 
544 304 189 190 271 191 
545 304 301 331 329 304 
546 304 321 320 310 250 
547 304 113 275 10 126 
548 304 46 384 13 371 
549 304 300 203 297 205 
550 304 357 3 232 14 
551 304 257 160 258 270 
552 304 250 193 310 279 
553 304 289 290 97 87 
554 304 375 27 166 8 
555 304 284 112 136 130 
556 304 186 179 195 278 
557 304 81 294 94 90 
558 304 296 98 95 78 
559 304 320 277 310 250 
560 304 47 17 361 254 
561 304 136 142 318 130 
562 304 362 42 152 145 
563 304 250 193 279 276 
564 304 164 298 176 149 
565 304 112 283 119 120 
566 304 285 379 358 220 
567 304 58 59 4 338 
568 304 276 273 279 250 
569 304 71 52 280 346 
570 304 164 370 324 300 
571 304 276 320 250 277 
572 304 371 13 14 221 
573 304 37 339 112 284 
574 304 260 266 326 287 
575 304 380 65 259 262 
576 304 157 350 382 265 
577 304 307 278 246 308 
578 304 160 264 148 161 
579 304 24 340 5 107 
580 304 260 266 287 262 
581 304 231 255 254 243 
582 304 340 140 312 379 
583 304 336 311 290 337 
584 304 380 65 262 56 
585 304 297 341 294 167 
586 304 267 64 253 76 
587 304 365 295 238 291 
588 304 339 112 119 36 
589 304 101 374 306 307 
590 304 281 275 129 282 
591 304 271 18 190 177 
592 304 243 54 64 253 
593 304 324 164 298 325 
594 304 275 359 72 281 
595 304 310 202 305 252 
596 304 275 274 129 282 
597 304 120 281 129 282 
598 304 183 300 324 204 
599 304 341 81 28 27 
600 304 247 274 318 317 
601 304 88 7 86 342 
602 304 9 347 363 67 
603 304 331 319 328 335 
604 304 331 248 327 328 
605 304 364 74 11 73 
606 304 120 113 281 121 
607 304 375 27 297 166 
608 304 327 304 329 331 
609 304 157 261 158 156 
610 304 286 222 226 283 
611 304 81 341 294 297 
612 304 61 57 263 258 
613 304 341 94 294 293 
614 304 92 81 297 27 
615 304 1 74 11 364 
616 304 339 37 112 36 
617 304 380 351 19 188 
618 304 52 70 71 280 
619 304 320 321 287 250 
620 304 266 267 288 77 
621 304 70 384 46 243 
622 304 268 71 70 280 
623 304 82 109 290 97 
624 304 70 76 51 268 
625 304 318 283 269 286 
626 304 315 251 316 299 
627 304 30 99 100 343 
628 304 303 245 315 337 
629 304 268 71 280 283 
630 304 79 289 103 97 
631 304 26 342 291 86 
632 304 380 351 188 259 
633 304 380 197 262 259 
634 304 161 144 324 164 
635 304 238 236 239 291 
636 304 301 325 332 333 
637 304 313 311 336 337 
638 304 382 4 338 199 
639 304 339 222 226 213 
640 304 382 261 199 338 
641 304 70 384 243 280 
642 304 82 251 96 290 
643 304 70 384 280 52 
644 304 332 321 326 247 
645 304 108 245 302 315 
646 304 130 274 282 129 
647 304 59 48 15 344 
648 304 39 382 199 4 
649 304 226 228 334 284 
650 304 142 141 322 143 
651 304 371 254 231 357 
652 304 371 357 231 14 
653 304 376 165 41 166 
654 304 148 163 175 327 
655 304 345 71 346 12 
656 304 357 233 254 231 
657 304 327 150 175 292 
658 304 345 280 346 71 
659 304 267 64 76 49 
660 304 293 174 292 304 
661 304 295 365 172 291 
662 304 345 346 210 12 
663 304 61 258 48 57 
664 304 186 246 310 305 
665 304 352 378 311 85 
666 304 245 322 316 337 
667 304 217 235 289 236 
668 304 186 246 305 306 
669 304 267 63 61 257 
670 304 322 314 316 317 
671 304 105 84 309 108 
672 304 14 357 231 232 
673 304 244 269 286 328 
674 304 308 134 307 278 
675 304 186 246 306 278 
676 304 186 246 278 310 
677 304 310 186 195 278 
678 304 186 310 196 305 
679 304 84 303 108 109 
680 304 339 119 112 283 
681 304 235 378 311 211 
682 304 290 330 292 336 
683 304 251 94 96 293 
684 304 142 115 317 318 
685 304 285 379 220 312 
686 304 94 251 82 299 
687 304 302 98 83 110 
688 304 309 141 135 308 
689 304 245 302 316 322 
690 304 219 311 313 312 
691 304 163 256 255 270 
692 304 245 108 309 84 
693 304 287 273 279 272 
694 304 273 320 287 250 
695 304 123 276 272 271 
696 304 224 381 1 36 
697 304 157 265 261 156 
698 304 160 148 270 162 
699 304 179 277 195 278 
700 304 341 94 293 93 
701 304 219 313 228 285 
702 304 46 384 52 13 
703 304 244 269 328 253 
704 304 235 378 211 217 
705 304 216 335 241 336 
706 304 234 323 255 240 
707 304 54 371 53 254 
708 304 193 194 181 279 
709 304 264 148 329 270 
710 304 331 248 329 327 
711 304 263 61 267 49 
712 304 161 164 325 176 
713 304 123 276 111 128 
714 304 76 70 253 268 
715 304 140 312 379 137 
716 304 339 119 381 36 
717 304 301 331 304 316 
718 304 54 371 254 243 
719 304 345 280 71 283 
720 304 339 381 119 283 
721 304 322 142 317 318 
722 304 52 13 346 12 
723 304 369 374 133 306 
724 304 327 270 248 329 
725 304 291 88 86 342 
726 304 159 160 257 162 
727 304 377 369 133 306 
728 304 304 331 330 316 
729 304 16 257 47 361 
730 304 381 121 283 364 
731 304 203 300 183 205 
732 304 293 174 304 298 
733 304 103 378 289 79 
734 304 7 44 365 173 
735 304 240 244 215 242 
736 304 261 58 338 59 
737 304 253 54 63 256 
738 304 275 113 359 281 
739 304 157 261 338 158 
740 304 37 358 38 212 
741 304 88 80 29 291 
742 304 281 364 73 283 
743 304 339 381 224 36 
744 304 257 47 361 256 
745 304 381 121 119 283 
746 304 87 79 291 86 
747 304 113 275 129 281 
748 304 298 341 167 294 
749 304 99 98 305 89 
750 304 271 18 366 66 
751 304 118 37 112 284 
752 304 291 216 295 238 
753 304 79 26 291 86 
754 304 18 67 271 347 
755 304 353 193 277 276 
756 304 189 373 276 180 
757 304 294 95 299 94 
758 304 1 364 11 121 
759 304 124 363 347 271 
760 304 301 331 316 332 
761 304 202 372 178 305 
762 304 73 11 364 359 
763 304 99 307 101 306 
764 304 349 99 89 30 
765 304 68 67 9 363 
766 304 369 35 377 133 
767 304 288 274 275 282 
768 304 296 78 90 297 
769 304 202 372 296 184 
770 304 275 268 288 282 
771 304 332 301 314 316 
772 304 286 244 335 242 
773 304 279 194 209 197 
774 304 331 319 335 337 
775 304 369 133 21 6 
776 304 315 82 290 251 
777 304 61 257 48 258 
778 304 304 293 298 299 
779 304 45 259 261 351 
780 304 369 374 21 133 
781 304 256 54 63 47 
782 304 302 83 108 110 
783 304 206 376 375 297 
784 304 81 341 297 27 
785 304 44 295 238 365 
786 304 78 296 90 95 
787 304 294 95 94 90 
788 304 155 350 40 144 
789 304 104 311 103 85 
790 304 322 314 317 308 
791 304 294 95 90 296 
792 304 246 320 310 314 
793 304 290 109 103 97 
794 304 138 245 309 84 
795 304 245 302 322 309 
796 304 96 87 290 292 
797 304 132 348 278 122 
798 304 8 206 41 375 
799 304 160 264 258 270 
800 304 290 87 96 97 
801 304 261 263 259 57 
802 304 321 287 260 326 
803 304 157 350 265 144 
804 304 80 292 87 96 
805 304 376 167 297 300 
806 304 106 104 312 84 
807 304 248 267 270 253 
808 304 268 288 269 253 
809 304 100 374 21 369 
810 304 367 23 5 107 
811 304 100 369 21 6 
812 304 307 278 134 306 
813 304 206 376 41 375 
814 304 219 211 312 218 
815 304 104 352 85 24 
816 304 88 80 291 87 
817 304 130 274 129 115 
818 304 289 311 103 290 
819 304 339 224 381 283 
820 304 226 339 213 225 
821 304 253 248 328 255 
822 304 275 69 10 354 
823 304 259 266 263 260 
824 304 298 341 294 293 
825 304 108 302 110 315 
826 304 248 332 326 247 
827 304 163 255 153 145 
828 304 258 257 270 267 
829 304 264 160 156 161 
830 304 84 337 311 312 
831 304 322 117 142 285 
832 304 169 170 295 151 
833 304 114 363 272 354 
834 304 245 285 322 337 
835 304 300 203 183 252 
836 304 321 320 287 317 
837 304 48 257 61 60 
838 304 315 82 251 299 
839 304 330 331 336 337 
840 304 124 363 271 123 
841 304 179 192 195 277 
842 304 365 342 291 239 
843 304 348 35 34 122 
844 304 75 69 275 272 
845 304 256 255 270 253 
846 304 163 256 270 162 
847 304 223 222 283 224 
848 304 34 277 122 111 
849 304 277 353 276 111 
850 304 256 267 270 257 
851 304 63 54 253 64 
852 304 24 352 85 25 
853 304 226 227 286 214 
854 304 52 384 280 346 
855 304 303 315 109 290 
856 304 368 291 26 236 
857 304 195 193 310 277 
858 304 320 278 131 308 
859 304 124 123 276 111 
860 304 284 118 136 112 
861 304 314 321 316 317 
862 304 71 74 12 345 
863 304 124 347 125 2 
864 304 273 123 127 128 
865 304 259 266 260 262 
866 304 277 353 111 34 
867 304 352 378 85 25 
868 304 9 347 67 2 
869 304 313 335 337 336 
870 304 281 71 283 73 
871 304 139 285 137 117 
872 304 324 265 325 249 
873 304 169 323 145 151 
874 304 277 131 122 111 
875 304 244 227 242 286 
876 304 273 274 115 127 
877 304 9 69 354 10 
878 304 128 317 320 143 
879 304 11 121 364 359 
880 304 287 266 326 247 
881 304 349 99 305 89 
882 304 265 350 324 144 
883 304 274 127 129 115 
884 304 316 322 317 318 
885 304 128 317 143 115 
886 304 194 193 276 279 
887 304 285 142 318 136 
888 304 269 247 328 253 
889 304 256 254 255 253 
890 304 263 49 267 77 
891 304 285 118 284 358 
892 304 285 379 312 137 
893 304 53 54 254 55 
894 304 288 247 269 253 
895 304 264 258 270 326 
896 304 372 98 296 78 
897 304 50 68 272 271 
898 304 140 5 38 379 
899 304 124 123 271 276 
900 304 279 197 260 262 
901 304 320 111 131 277 
902 304 321 287 326 247 
903 304 285 356 312 84 
904 304 322 117 285 138 
905 304 247 248 328 253 
906 304 310 202 196 305 
907 304 83 102 101 307 
908 304 267 248 247 253 
909 304 19 366 56 380 
910 304 345 210 223 12 
911 304 75 77 266 288 
912 304 254 154 152 357 
913 304 363 69 354 9 
914 304 254 362 357 152 
915 304 56 65 262 66 
916 304 377 179 278 348 
917 304 50 66 271 262 
918 304 66 65 262 50 
919 304 353 33 111 34 
920 304 313 335 336 241 
921 304 29 80 355 291 
922 304 65 266 262 50 
923 304 297 383 203 296 
924 304 132 35 377 348 
925 304 99 307 306 305 
926 304 113 121 11 359 
927 304 284 358 212 285 
928 304 127 354 272 275 
929 304 293 174 168 171 
930 304 376 167 300 165 
931 304 139 367 140 312 
932 304 138 245 84 285 
933 304 298 294 252 299 
934 304 34 348 122 277 
935 304 155 40 370 41 
936 304 337 334 285 318 
937 304 309 83 307 102 
938 304 323 163 255 327 
939 304 301 325 333 298 
940 304 10 275 113 359 
941 304 174 304 175 292 
942 304 102 105 22 309 
943 304 104 352 311 85 
944 304 264 326 270 329 
945 304 320 111 277 276 
946 304 320 111 276 128 
947 304 131 320 143 128 
948 304 292 174 293 171 
949 304 325 332 326 329 
950 304 56 66 366 18 
951 304 247 319 318 269 
952 304 131 132 278 122 
953 304 127 354 275 126 
954 304 132 131 278 116 
955 304 301 333 332 314 
956 304 193 194 276 189 
957 304 106 367 312 107 
958 304 285 284 318 334 
959 304 285 118 358 137 
960 304 10 69 275 72 
961 304 370 40 204 41 
962 304 256 267 257 63 
963 304 247 269 318 282 
964 304 121 113 281 359 
965 304 20 261 351 45 
966 304 263 61 49 62 
967 304 323 362 255 145 
968 304 323 362 43 234 
969 304 259 260 261 182 
970 304 44 237 295 323 
971 304 333 324 325 249 
972 304 79 378 368 25 
973 304 57 45 259 261 
974 304 80 293 28 355 
975 304 198 259 261 182 
976 304 206 376 205 41 
977 304 310 333 209 208 
978 304 161 265 325 324 
979 304 194 181 279 209 
980 304 146 154 153 254 
981 304 123 363 271 272 
982 304 265 201 182 207 
983 304 234 42 362 43 
984 304 181 193 279 310 
985 304 134 377 133 306 
986 304 266 50 272 262 
987 304 105 356 22 309 
988 304 123 363 272 114 
989 304 180 193 276 189 
990 304 300 183 205 204 
991 304 310 181 196 208 
992 304 380 197 259 188 
993 304 160 258 156 147 
994 304 249 332 260 326 
995 304 272 363 271 68 
996 304 276 320 128 273 
997 304 310 181 195 196 
998 304 323 234 255 362 
999 304 333 300 324 183 
1000 304 193 192 277 195 
1001 304 194 271 177 262 
1002 304 151 44 323 43 
1003 304 202 184 296 203 
1004 304 212 37 284 225 
1005 304 285 356 84 138 
1006 304 139 285 117 138 
1007 304 285 356 138 139 
1008 304 381 121 364 1 
1009 304 320 314 317 321 
1010 304 46 13 14 371 
1011 304 319 248 331 328 
1012 304 274 287 273 317 
1013 304 70 384 52 46 
1014 304 313 211 235 311 
1015 304 369 35 133 6 
1016 304 345 385 223 283 
1017 304 267 64 49 63 
1018 304 227 210 222 280 
1019 304 71 74 345 283 
1020 304 269 283 318 282 
1021 304 163 256 162 153 
1022 304 3 42 152 357 
1023 304 255 244 215 240 
1024 304 265 264 249 260 
1025 304 45 380 259 351 
1026 304 230 243 215 231 
1027 304 144 265 157 156 
1028 304 345 385 12 223 
1029 304 203 202 183 252 
1030 304 334 286 335 242 
1031 304 385 224 381 1 
1032 304 57 344 59 261 
1033 304 343 185 306 369 
1034 304 319 334 335 337 
1035 304 263 62 49 77 
1036 304 290 311 336 289 
1037 304 62 263 65 77 
1038 304 243 244 255 253 
1039 304 282 283 318 130 
1040 304 46 53 371 14 
1041 304 108 315 110 109 
1042 304 244 243 280 253 
1043 304 288 274 282 247 
1044 304 274 247 318 282 
1045 304 54 371 243 46 
1046 304 163 270 255 327 
1047 304 330 331 337 316 
1048 304 309 83 102 108 
1049 304 372 98 78 89 
1050 304 100 374 369 306 
1051 304 186 377 179 278 
1052 304 285 356 139 312 
1053 304 333 183 207 208 
1054 304 333 300 183 252 
1055 304 372 349 89 31 
1056 304 334 214 242 241 
1057 304 286 227 242 214 
1058 304 102 105 309 108 
1059 304 143 142 115 317 
1060 304 327 304 331 292 
1061 304 244 230 215 242 
1062 304 134 377 306 278 
1063 304 224 339 36 213 
1064 304 367 356 312 139 
1065 304 284 37 212 358 
1066 304 275 268 282 281 
1067 304 139 285 312 137 
1068 304 381 385 1 364 
1069 304 330 315 337 290 
1070 304 197 259 260 262 
1071 304 295 327 169 323 
1072 304 169 323 327 163 
1073 304 132 116 278 134 
1074 304 310 321 333 314 
1075 304 245 108 84 303 
1076 304 246 302 308 314 
1077 304 335 331 327 328 
1078 304 235 216 241 336 
1079 304 123 363 114 125 
1080 304 250 193 276 277 
1081 304 385 1 12 223 
1082 304 303 109 103 290 
1083 304 251 96 290 292 
1084 304 257 160 147 258 
1085 304 77 263 65 266 
1086 304 158 344 338 15 
1087 304 158 344 261 338 
1088 304 79 289 97 87 
1089 304 290 82 315 109 
1090 304 287 321 260 279 
1091 304 103 378 79 85 
1092 304 285 334 337 313 
1093 304 61 257 258 267 
1094 304 321 310 260 279 
1095 304 310 321 260 333 
1096 304 333 207 209 208 
1097 304 124 363 123 125 
1098 304 332 321 260 326 
1099 304 73 359 72 11 
1100 304 290 330 336 337 
1101 304 284 285 212 228 
1102 304 311 337 84 303 
1103 304 207 249 265 324 
1104 304 243 46 70 64 
1105 304 321 332 260 333 
1106 304 311 303 103 290 
1107 304 326 267 258 270 
1108 304 258 267 326 263 
1109 304 30 343 369 185 
1110 304 289 290 103 97 
1111 304 298 304 329 176 
1112 304 327 304 292 175 
1113 304 274 275 129 127 
1114 304 316 304 299 251 
1115 304 186 377 278 306 
1116 304 186 377 306 187 
1117 304 302 246 305 314 
1118 304 274 115 318 317 
1119 304 286 222 283 280 
1120 304 4 338 15 158 
1121 304 140 312 137 139 
1122 304 13 384 221 371 
1123 304 283 120 130 282 
1124 304 369 30 6 100 
1125 304 269 286 283 280 
1126 304 126 275 129 113 
1127 304 285 142 136 117 
1128 304 275 126 129 127 
1129 304 106 356 23 105 
1130 304 246 310 305 314 
1131 304 9 347 2 125 
1132 304 216 323 335 336 
1133 304 18 67 347 2 
1134 304 172 295 291 292 
1135 304 235 311 336 313 
1136 304 180 373 276 353 
1137 304 135 307 309 308 
1138 304 84 356 105 309 
1139 304 138 135 22 309 
1140 304 185 369 187 306 
1141 304 307 278 306 246 
1142 304 216 295 323 336 
1143 304 186 343 306 305 
1144 304 251 96 292 293 
1145 304 285 322 337 318 
1146 304 312 356 106 84 
1147 304 106 367 107 23 
1148 304 312 356 367 106 
1149 304 345 222 283 223 
1150 304 324 333 325 298 
1151 304 54 243 254 253 
1152 304 58 261 57 59 
1153 304 333 300 252 298 
1154 304 301 325 298 329 
1155 304 384 243 221 371 
1156 304 301 333 314 252 
1157 304 134 377 278 132 
1158 304 299 304 316 301 
1159 304 98 302 305 299 
1160 304 292 293 80 355 
1161 304 322 117 138 141 
1162 304 327 270 329 148 
1163 304 54 254 55 47 
1164 304 335 244 240 242 
1165 304 304 175 329 176 
1166 304 360 102 22 309 
1167 304 301 331 332 329 
1168 304 295 327 323 336 
1169 304 301 325 329 332 
1170 304 384 210 346 13 
1171 304 292 150 171 172 
1172 304 98 95 110 299 
1173 304 51 275 281 268 
1174 304 100 374 306 101 
1175 304 277 310 195 278 
1176 304 102 360 21 101 
1177 304 309 141 308 322 
1178 304 309 141 322 138 
1179 304 307 302 309 308 
1180 304 353 193 276 180 
1181 304 273 123 272 127 
1182 304 319 248 328 247 
1183 304 321 287 247 317 
1184 304 384 210 13 221 
1185 304 157 350 144 39 
1186 304 157 4 158 338 
1187 304 302 245 108 309 
1188 304 332 321 247 316 
1189 304 384 230 243 280 
1190 304 340 140 379 5 
1191 304 211 312 24 352 
1192 304 372 184 31 383 
1193 304 368 291 236 289 
1194 304 24 312 211 218 
1195 304 184 372 296 383 
1196 304 281 71 73 51 
1197 304 319 286 335 334 
1198 304 216 323 240 335 
1199 304 332 319 247 248 
1200 304 172 365 295 170 
1201 304 372 383 31 78 
1202 304 291 216 238 236 
1203 304 203 184 296 383 
1204 304 360 102 21 22 
1205 304 349 30 89 31 
1206 304 315 82 299 110 
1207 304 202 372 305 296 
1208 304 332 319 248 331 
1209 304 169 323 163 145 
1210 304 332 319 331 316 
1211 304 256 267 63 253 
1212 304 247 321 317 316 
1213 304 76 267 288 253 
1214 304 372 98 89 305 
1215 304 304 174 175 176 
1216 304 19 45 20 351 
1217 304 45 380 351 19 
1218 304 366 66 262 271 
1219 304 327 150 292 295 
1220 304 150 174 175 292 
1221 304 287 279 260 262 
1222 304 180 373 353 33 
1223 304 271 67 18 66 
1224 304 259 266 262 65 
1225 304 123 114 272 127 
1226 304 244 269 253 280 
1227 304 339 222 213 224 
1228 304 332 319 316 247 
1229 304 128 317 115 273 
1230 304 61 63 267 49 
1231 304 308 134 278 116 
1232 304 293 304 292 251 
1233 304 243 371 231 221 
1234 304 203 184 383 32 
1235 304 289 236 336 291 
1236 304 134 360 135 307 
1237 304 184 31 383 32 
1238 304 216 335 240 241 
1239 304 296 98 305 299 
1240 304 341 94 93 81 
1241 304 81 341 28 93 
1242 304 315 303 337 290 
1243 304 202 203 296 252 
1244 304 64 243 253 70 
1245 304 330 315 290 251 
1246 304 285 118 137 136 
1247 304 330 315 251 316 
1248 304 311 312 337 313 
1249 304 245 84 337 303 
1250 304 360 102 309 307 
1251 304 294 95 296 299 
1252 304 333 310 314 252 
1253 304 116 141 308 135 
1254 304 188 197 259 198 
1255 304 265 200 382 261 
1256 304 172 295 292 150 
1257 304 42 233 357 232 
1258 304 305 83 307 302 
1259 304 185 30 6 369 
1260 304 39 200 199 382 
1261 304 258 257 48 344 
1262 304 200 198 199 261 
1263 304 288 267 247 253 
1264 304 263 61 258 267 
1265 304 347 33 2 124 
1266 304 106 356 105 84 
1267 304 382 350 39 200 
1268 304 269 268 283 282 
1269 304 161 264 265 156 
1270 304 261 264 258 156 
1271 304 57 344 261 258 
1272 304 47 17 254 55 
1273 304 268 269 283 280 
1274 304 254 154 153 152 
1275 304 257 47 256 63 
1276 304 257 47 63 60 
1277 304 243 46 64 54 
1278 304 153 362 145 255 
1279 304 221 371 231 14 
1280 304 382 200 199 261 
1281 304 76 75 51 268 
1282 304 177 194 262 197 
1283 304 183 202 208 252 
1284 304 287 321 279 250 
1285 304 279 271 276 194 
1286 304 363 69 9 68 
1287 304 324 161 164 325 
1288 304 287 279 262 272 
1289 304 251 330 292 290 
1290 304 336 295 292 291 
1291 304 172 295 150 170 
1292 304 153 362 255 254 
1293 304 153 362 254 152 
1294 304 81 92 297 90 
1295 304 153 362 152 145 
1296 304 185 369 6 187 
1297 304 120 121 281 283 
1298 304 16 48 257 344 
1299 304 82 290 96 97 
1300 304 51 73 281 72 
1301 304 51 275 268 75 
1302 304 312 24 352 104 
1303 304 7 26 86 342 
1304 304 302 246 307 305 
1305 304 132 35 348 122 
1306 304 147 16 257 344 
1307 304 257 48 16 60 
1308 304 51 275 75 72 
1309 304 257 16 146 361 
1310 304 129 120 282 130 
1311 304 382 350 200 265 
1312 304 114 363 354 9 
1313 304 190 177 189 271 
1314 304 363 69 68 272 
1315 304 363 69 272 354 
1316 304 50 271 272 262 
1317 304 305 83 302 98 
1318 304 120 119 121 283 
1319 304 186 343 305 178 
1320 304 35 132 377 133 
1321 304 138 245 285 322 
1322 304 51 275 72 281 
1323 304 114 363 9 125 
1324 304 273 127 115 128 
1325 304 287 288 272 266 
1326 304 291 336 290 292 
1327 304 164 370 300 165 
1328 304 157 350 39 382 
1329 304 266 247 267 326 
1330 304 290 336 291 289 
1331 304 325 298 329 176 
1332 304 146 256 162 257 
1333 304 159 146 162 257 
1334 304 333 300 298 324 
1335 304 169 170 150 295 
1336 304 92 91 297 90 
1337 304 28 293 80 93 
1338 304 170 365 44 173 
1339 304 293 80 93 96 
1340 304 80 292 355 291 
1341 304 293 292 80 96 
1342 304 202 296 305 252 
1343 304 353 193 180 192 
1344 304 116 131 308 143 
1345 304 310 193 195 181 
1346 304 332 333 325 249 
1347 304 96 94 251 82 
1348 304 293 93 94 96 
1349 304 161 265 324 144 
1350 304 201 324 204 207 
1351 304 324 183 204 207 
1352 304 298 174 176 149 
1353 304 297 167 166 27 
1354 304 204 350 324 201 
1355 304 383 31 78 32 
1356 304 174 168 149 298 
1357 304 164 370 165 155 
1358 304 343 99 349 30 
1359 304 148 161 325 176 
1360 304 300 370 324 204 
1361 304 285 118 136 284 
1362 304 358 284 37 118 
1363 304 24 107 312 340 
1364 304 312 107 24 104 
1365 304 228 313 229 334 
1366 304 331 319 337 316 
1367 304 84 245 337 285 
1368 304 284 225 226 228 
1369 304 225 284 212 228 
1370 304 331 330 336 292 
1371 304 219 285 228 212 
1372 304 138 245 322 309 
1373 304 37 339 284 225 
1374 304 311 84 103 303 
1375 304 234 323 240 237 
1376 304 255 323 335 240 
1377 304 357 154 17 254 
1378 304 219 311 312 211 
1379 304 356 105 22 23 
1380 304 384 230 280 210 
1381 304 319 247 328 269 
1382 304 70 268 280 253 
1383 304 257 256 162 270 
1384 304 244 269 280 286 
1385 304 130 274 115 318 
1386 304 293 294 299 94 
1387 304 52 13 384 346 
1388 304 263 57 61 62 
1389 304 243 70 280 253 
1390 304 49 76 267 77 
1391 304 75 76 288 268 
1392 304 198 200 182 261 
1393 304 263 62 259 57 
1394 304 200 201 182 265 
1395 304 376 370 165 300 
1396 304 163 270 327 148 
1397 304 267 248 270 326 
1398 304 76 77 288 267 
1399 304 247 316 318 319 
1400 304 77 75 266 50 
1401 304 336 327 323 335 
1402 304 266 77 50 65 
1403 304 336 327 335 331 
1404 304 336 327 331 292 
1405 304 111 373 33 353 
1406 304 131 320 308 143 
1407 304 320 314 321 310 
1408 304 254 243 255 253 
1409 304 350 155 324 144 
1410 304 253 248 255 270 
1411 304 268 269 280 253 
1412 304 84 138 356 309 
1413 304 283 112 130 120 
1414 304 207 249 324 333 
1415 304 177 271 194 189 
1416 304 322 316 337 318 
1417 304 235 236 336 289 
1418 304 357 154 3 17 
1419 304 146 17 154 254 
1420 304 226 339 284 283 
1421 304 118 358 137 38 
1422 304 214 228 229 334 
1423 304 284 136 318 130 
1424 304 214 286 334 242 
1425 304 283 284 318 130 
1426 304 9 347 125 363 
1427 304 347 33 124 373 
1428 304 312 352 211 311 
1429 304 284 286 318 334 
1430 304 172 365 170 173 
1431 304 104 84 311 312 
1432 304 365 29 7 173 
1433 304 377 179 348 35 
1434 304 295 327 336 292 
1435 304 256 267 253 270 
1436 304 248 331 329 332 
1437 304 313 211 311 219 
1438 304 219 313 285 312 
1439 304 172 365 173 29 
1440 304 228 285 313 334 
1441 304 376 167 165 166 
1442 304 163 256 153 255 
1443 304 68 66 271 50 
1444 304 197 259 198 182 
1445 304 249 264 326 260 
1446 304 377 179 35 187 
1447 304 276 194 271 189 
1448 304 321 310 279 250 
1449 304 42 233 362 357 
1450 304 47 257 16 60 
1451 304 243 254 231 371 
1452 304 371 254 357 53 
1453 304 207 260 209 182 
1454 304 380 197 188 177 
1455 304 20 261 45 58 
1456 304 371 53 357 14 
1457 304 261 263 57 258 
1458 304 26 217 25 368 
1459 304 254 233 362 255 
1460 304 286 222 280 227 
1461 304 76 75 288 77 
1462 304 52 71 12 346 
1463 304 69 75 50 272 
1464 304 57 344 258 48 
1465 304 57 344 48 59 
1466 304 281 71 51 268 
1467 304 381 385 364 283 
1468 304 318 316 247 317 
1469 304 244 227 286 280 
1470 304 340 367 5 107 
1471 304 4 59 15 338 
1472 304 104 106 312 107 
1473 304 37 118 38 358 
1474 304 340 367 107 312 
1475 304 79 378 289 368 
1476 304 305 246 307 306 
1477 304 99 307 83 101 
1478 304 296 203 297 252 
1479 304 205 203 297 206 
1480 304 309 83 108 302 
1481 304 141 322 143 308 
1482 304 167 300 149 298 
1483 304 217 236 289 368 
1484 304 296 294 299 252 
1485 304 301 314 316 299 
1486 304 301 304 298 299 
1487 304 302 315 316 299 
1488 304 341 94 81 294 
1489 304 300 167 149 165 
1490 304 300 164 149 298 
1491 304 305 83 98 99 
1492 304 164 300 149 165 
1493 304 322 117 141 142 
1494 304 219 285 220 312 
1495 304 285 219 220 212 
1496 304 218 219 220 312 
1497 304 381 121 1 119 
1498 304 92 375 297 91 
1499 304 36 381 1 119 
1500 304 74 1 12 385 
1501 304 327 304 175 329 
1502 304 276 320 273 250 
1503 304 320 143 317 308 
1504 304 279 271 194 262 
1505 304 164 325 176 298 
1506 304 287 288 266 247 
1507 304 103 378 85 311 
1508 304 301 304 329 298 
1509 304 385 224 1 223 
1510 304 245 108 303 315 
1511 304 295 44 151 170 
1512 304 376 167 166 297 
1513 304 301 298 252 299 
1514 304 169 295 323 151 
1515 304 146 256 153 162 
1516 304 48 16 15 344 
1517 304 380 366 262 177 
1518 304 40 350 39 144 
1519 304 245 302 315 316 
1520 304 54 256 254 47 
1521 304 217 26 236 368 
1522 304 256 255 254 153 
1523 304 19 366 380 177 
1524 304 362 42 145 43 
1525 304 339 222 224 283 
1526 304 327 270 255 248 
1527 304 365 88 342 7 
1528 304 368 291 289 79 
1529 304 343 305 349 99 
1530 304 380 19 177 188 
1531 304 340 140 367 312 
1532 304 124 363 125 347 
1533 304 124 276 271 373 
1534 304 189 373 180 191 
1535 304 322 302 316 314 
1536 304 347 363 67 271 
1537 304 254 233 357 362 
1538 304 305 83 99 307 
1539 304 195 186 310 196 
1540 304 279 197 209 260 
1541 304 322 302 314 308 
1542 304 340 140 5 367 
1543 304 322 302 308 309 
1544 304 204 350 201 40 
1545 304 375 376 41 166 
1546 304 207 333 209 260 
1547 304 333 183 208 252 
1548 304 202 310 208 252 
1549 304 220 38 379 358 
1550 304 379 140 137 38 
1551 304 136 285 117 137 
1552 304 310 202 208 196 
1553 304 333 310 252 208 
1554 304 244 243 215 230 
1555 304 267 64 63 253 
1556 304 313 211 219 229 
1557 304 383 372 296 78 
1558 304 297 383 32 203 
1559 304 385 224 223 283 
1560 304 172 365 29 291 
1561 304 368 291 79 26 
1562 304 293 355 171 28 
1563 304 335 240 241 242 
1564 304 163 169 175 327 
1565 304 296 294 252 297 
1566 304 327 150 295 169 
1567 304 189 373 271 276 
1568 304 304 331 292 330 
1569 304 84 285 337 312 
1570 304 256 54 254 253 
1571 304 380 197 177 262 
1572 304 281 120 283 282 
1573 304 154 3 152 357 
1574 304 163 323 255 145 
1575 304 53 3 357 14 
1576 304 331 335 336 337 
1577 304 256 146 153 254 
1578 304 42 362 152 357 
1579 304 264 249 326 325 
1580 304 200 265 182 261 
1581 304 279 310 260 209 
1582 304 266 267 77 263 
1583 304 210 227 230 280 
1584 304 74 71 73 283 
1585 304 385 224 283 381 
1586 304 19 366 177 18 
1587 304 345 222 223 210 
1588 304 157 261 382 338 
1589 304 302 246 308 307 
1590 304 116 131 278 308 
1591 304 301 333 252 298 
1592 304 321 332 314 316 
1593 304 139 367 23 140 
1594 304 281 71 268 283 
1595 304 340 379 312 220 
1596 304 38 137 379 358 
1597 304 308 134 116 135 
1598 304 372 349 305 89 
1599 304 266 267 263 326 
1600 304 291 216 236 336 
1601 304 311 235 336 289 
1602 304 268 281 283 282 
1603 304 268 71 51 70 
1604 304 334 228 226 214 
1605 304 284 285 228 334 
1606 304 234 255 215 240 
1607 304 139 23 367 356 
1608 304 264 161 325 148 
1609 304 255 244 328 253 
1610 304 140 23 5 367 
1611 304 302 98 110 299 
1612 304 144 155 324 164 
1613 304 265 264 325 249 
1614 304 273 287 279 250 
1615 304 347 33 373 191 
1616 304 374 360 101 21 
1617 304 156 344 261 158 
1618 304 340 379 220 5 
1619 304 234 233 215 255 
1620 304 161 265 144 156 
1621 304 379 5 38 220 
1622 304 285 379 137 358 
1623 304 47 361 17 16 
1624 304 158 344 15 147 
1625 304 316 319 337 318 
1626 304 67 68 66 271 
1627 304 279 271 262 272 
1628 304 357 17 3 55 
1629 304 313 335 241 334 
1630 304 359 73 72 281 
1631 304 281 364 283 121 
1632 304 343 349 178 30 
1633 304 248 255 327 328 
1634 304 288 247 282 269 
1635 304 384 230 210 221 
1636 304 303 84 103 109 
1637 304 79 378 25 85 
1638 304 292 80 87 291 
1639 304 104 84 103 311 
1640 304 297 383 296 78 
1641 304 372 98 305 296 
1642 304 89 372 31 78 
1643 304 313 235 241 336 
1644 304 26 368 25 79 
1645 304 88 291 86 87 
1646 304 203 300 297 252 
1647 304 78 297 32 91 
1648 304 297 383 78 32 
1649 304 235 313 241 229 
1650 304 378 217 289 368 
1651 304 303 108 109 315 
1652 304 138 356 23 139 
1653 304 313 335 334 337 
1654 304 103 378 311 289 
1655 304 229 313 241 334 
1656 304 293 294 298 299 
1657 304 300 294 167 297 
1658 304 296 98 299 95 
1659 304 217 378 25 368 
1660 304 300 294 297 252 
1661 304 286 222 227 226 
1662 304 205 370 300 204 
1663 304 69 75 275 72 
1664 304 235 378 217 289 
1665 304 378 211 25 352 
1666 304 378 211 352 311 
1667 304 186 377 187 179 
1668 304 75 266 50 272 
1669 304 287 288 247 274 
1670 304 143 322 317 308 
1671 304 58 45 57 261 
1672 304 259 263 261 260 
1673 304 134 377 132 133 
1674 304 185 186 306 187 
1675 304 102 360 101 307 
1676 304 264 265 261 260 
1677 304 309 83 302 307 
1678 304 234 362 42 233 
1679 304 263 326 261 260 
1680 304 295 237 44 238 
1681 304 3 42 357 232 
1682 304 323 145 151 43 
1683 304 263 258 261 326 
1684 304 156 344 158 147 
1685 304 39 157 382 4 
1686 304 326 264 261 260 
1687 304 377 369 306 187 
1688 304 258 264 261 326 
1689 304 259 266 65 263 
1690 304 174 304 298 176 
1691 304 161 264 325 265 
1692 304 168 298 167 149 
1693 304 327 148 329 175 
1694 304 325 148 176 329 
1695 304 377 278 132 348 
1696 304 28 80 355 29 
1697 304 327 150 169 175 
1698 304 369 35 6 187 
1699 304 266 287 262 272 
1700 304 274 287 317 247 
1701 304 380 65 56 45 
1702 304 369 35 187 377 
1703 304 163 270 148 162 
1704 304 69 275 272 354 
1705 304 260 266 263 326 
1706 304 75 266 272 288 
1707 304 274 273 272 127 
1708 304 288 274 272 275 
1709 304 123 273 272 276 
1710 304 275 268 75 288 
1711 304 20 261 198 351 
1712 304 260 197 209 182 
1713 304 205 370 376 300 
1714 304 268 288 282 269 
1715 304 205 370 41 376 
1716 304 300 294 252 298 
1717 304 231 255 243 215 
1718 304 335 334 242 241 
1719 304 54 371 46 53 
1720 304 345 222 210 280 
1721 304 286 319 328 269 
1722 304 285 142 322 318 
1723 304 231 255 215 233 
1724 304 204 350 40 370 
1725 304 178 372 184 31 
1726 304 244 227 280 230 
1727 304 313 211 229 235 
1728 304 219 313 229 228 
1729 304 351 259 261 198 
1730 304 231 255 233 254 
1731 304 295 216 237 238 
1732 304 216 295 237 323 
1733 304 287 288 274 272 
1734 304 260 265 261 182 
1735 304 267 247 266 288 
1736 304 333 332 260 249 
1737 304 62 45 259 57 
1738 304 62 263 259 65 
1739 304 304 330 292 251 
1740 304 34 277 179 348 
1741 304 236 235 336 216 
1742 304 135 360 309 307 
1743 304 76 64 253 70 
1744 304 255 244 335 328 
1745 304 244 227 230 242 
1746 304 277 353 34 192 
1747 304 334 319 318 337 
1748 304 74 364 283 73 
1749 304 250 193 277 310 
1750 304 76 288 268 253 
1751 304 361 146 17 16 
1752 304 292 290 291 87 
1753 304 207 249 333 260 
1754 304 56 66 262 366 
1755 304 265 382 157 261 
1756 304 279 271 272 276 
1757 304 275 75 272 288 
1758 304 273 276 279 272 
1759 304 275 274 272 127 
1760 304 181 310 209 208 
1761 304 181 310 279 209 
1762 304 142 322 317 143 
1763 304 321 332 333 314 
1764 304 246 320 314 308 
1765 304 330 304 316 251 
1766 304 148 175 176 329 
1767 304 296 294 297 90 
1768 304 202 178 196 305 
1769 304 178 186 196 305 
1770 304 99 343 306 100 
1771 304 99 100 306 101 
1772 304 95 94 82 299 
1773 304 251 293 299 94 
1774 304 309 141 138 135 
1775 304 116 141 143 308 
1776 304 308 134 135 307 
1777 304 157 4 338 382 
1778 304 148 264 329 325 
1779 304 290 289 291 87 
1780 304 257 160 270 162 
1781 304 160 264 270 148 
1782 304 207 249 260 265 
1783 304 315 245 316 337 
1784 304 311 303 290 337 
1785 304 330 315 316 337 
1786 304 226 286 334 214 
1787 304 56 366 262 380 
1788 304 206 376 297 205 
1789 304 205 300 376 297 
1790 304 284 286 334 226 
1791 304 284 286 226 283 
1792 304 221 243 230 231 
1793 304 53 3 55 357 
1794 304 254 53 55 357 
1795 304 375 376 166 297 
1796 304 147 160 257 159 
1797 304 23 106 367 356 
1798 304 171 150 292 174 
1799 304 301 252 314 299 
1800 304 256 361 254 47 
1801 304 305 302 314 299 
1802 304 194 279 262 197 
1803 304 124 347 373 271 
1804 304 252 296 305 299 
1805 304 314 305 252 310 
1806 304 69 68 272 50 
1807 304 281 364 121 359 
1808 304 252 305 314 299 
1809 304 177 366 262 271 
1810 304 281 364 359 73 
1811 304 146 16 257 159 
1812 304 256 146 361 257 
1813 304 246 320 308 278 
1814 304 320 278 310 277 
1815 304 19 366 18 56 
1816 304 320 278 277 131 
1817 304 246 320 278 310 
1818 304 314 302 316 299 
1819 304 8 375 41 166 
1820 304 78 297 91 90 
1821 304 302 315 299 110 
1822 304 146 17 254 361 
1823 304 320 314 308 317 
1824 304 274 287 272 273 
1825 304 320 273 287 317 
1826 304 374 360 307 101 
1827 304 100 374 101 21 
1828 304 128 317 273 320 
1829 304 315 82 110 109 
1830 304 274 273 115 317 
1831 304 275 10 126 354 
1832 304 335 286 319 328 
1833 304 359 10 72 11 
1834 304 286 319 269 318 
1835 304 335 327 255 328 
1836 304 123 273 276 128 
1837 304 320 111 128 131 
1838 304 277 131 278 122 
1839 304 111 373 353 276 
1840 304 255 327 335 323 
1841 304 271 18 177 366 
1842 304 348 277 278 122 
1843 304 312 285 337 313 
1844 304 286 319 318 334 
1845 304 44 295 365 170 
1846 304 284 285 318 136 
1847 304 130 274 318 282 
1848 304 113 120 281 129 
1849 304 284 283 112 130 
1850 304 8 206 375 32 
1851 304 234 362 233 255 
1852 304 323 145 43 362 
1853 304 264 261 265 156 
1854 304 58 20 338 4 
1855 304 264 160 258 156 
1856 304 375 92 27 8 
1857 304 155 370 165 41 
1858 304 205 370 204 41 
1859 304 251 293 304 299 
1860 304 376 370 41 165 
1861 304 294 81 297 90 
1862 304 164 370 155 324 
1863 304 297 206 32 375 
1864 304 115 142 130 318 
1865 304 284 286 283 318 
1866 304 375 92 297 27 
1867 304 357 233 231 232 
1868 304 134 360 374 21 
1869 304 67 68 271 363 
1870 304 259 197 260 182 
1871 304 20 261 58 338 
1872 304 265 201 207 324 
1873 304 249 332 326 325 
1874 304 45 62 259 65 
1875 304 310 333 260 209 
1876 304 291 292 355 172 
1877 304 261 20 199 338 
1878 304 324 183 207 333 
1879 304 207 265 260 182 
1880 304 264 325 326 329 
1881 304 204 350 370 324 
1882 304 293 174 298 168 
1883 304 326 248 270 329 
1884 304 297 375 32 91 
1885 304 8 92 91 375 
1886 304 332 248 326 329 
1887 304 343 305 99 306 
1888 304 8 375 91 32 
1889 304 244 243 230 280 
1890 304 135 360 22 309 
1891 304 286 244 328 335 
1892 304 364 385 1 74 
1893 304 364 385 74 283 
1894 304 229 214 334 241 
1895 304 323 216 240 237 
1896 304 244 255 335 240 
1897 304 243 244 215 255 
1898 304 113 10 359 11 
1899 304 357 17 55 254 
1900 304 323 44 237 43 
1901 304 29 291 355 172 
1902 304 138 356 22 23 
1903 304 234 323 237 43 
1904 304 134 133 21 374 
1905 304 134 360 21 135 
1906 304 199 20 261 198 
1907 304 134 360 307 374 
1908 304 338 20 199 4 
1909 304 275 10 72 359 
1910 304 226 339 225 284 
1911 304 37 213 339 225 
1912 304 135 360 21 22 
1913 304 213 37 339 36 
1914 304 134 133 374 306 
1915 304 24 218 5 340 
1916 304 218 312 220 340 
1917 304 44 238 239 365 
1918 304 312 24 340 218 
1919 304 218 5 340 220 
1920 304 168 341 28 27 
1921 304 298 341 293 168 
1922 304 298 341 168 167 
1923 304 374 134 306 307 
1924 304 341 168 167 27 
1925 304 341 293 28 93 
1926 304 239 26 291 236 
1927 304 365 88 7 29 
1928 304 365 342 239 7 
1929 304 365 88 29 291 
1930 304 341 168 28 293 
1931 304 7 26 342 239 
1932 304 30 343 100 369 
1933 304 343 178 185 30 
1934 304 343 369 306 100 
1935 304 338 344 261 59 
1936 304 258 257 344 147 
1937 304 7 44 239 365 
1938 304 257 16 147 159 
1939 304 156 344 147 258 
1940 304 338 344 59 15 
1941 304 344 16 15 147 
1942 304 28 168 171 293 
1943 304 212 220 358 38 
1944 304 206 203 297 32 
1945 304 186 343 178 185 
1946 304 345 74 12 385 
1947 304 345 74 385 283 
1948 304 345 222 280 283 
1949 304 346 13 210 12 
1950 304 384 230 221 243 
1951 304 384 210 280 346 
1952 304 345 280 210 346 
1953 304 238 365 291 239 
1954 304 347 190 191 271 
1955 304 190 347 191 2 
1956 304 18 347 190 2 
1957 304 271 18 347 190 
1958 304 179 277 34 192 
1959 304 285 212 220 358 
1960 304 179 35 34 348 
1961 304 202 372 184 178 
1962 304 180 373 33 191 
1963 304 179 277 278 348 
1964 304 186 343 185 306 
1965 304 343 305 178 349 
1966 304 178 372 31 349 
1967 304 178 30 349 31 
1968 304 178 372 349 305 
1969 304 370 350 40 155 
1970 304 265 201 324 350 
1971 304 201 200 350 265 
1972 304 201 200 39 350 
1973 304 370 350 155 324 
1974 304 40 201 39 350 
1975 304 351 20 188 198 
1976 304 45 380 19 56 
1977 304 351 188 259 198 
1978 304 19 351 20 188 
1979 304 380 65 45 259 
1980 304 235 378 289 311 
1981 304 312 352 311 104 
1982 304 24 211 352 25 
1983 304 378 211 217 25 
1984 304 256 146 254 361 
1985 304 353 193 192 277 
1986 304 192 180 353 34 
1987 304 180 33 353 34 
1988 304 111 373 276 124 
1989 304 111 373 124 33 
1990 304 9 354 114 10 
1991 304 127 354 126 114 
1992 304 10 354 114 126 
1993 304 189 373 191 271 
1994 304 373 347 191 271 
1995 304 29 355 171 172 
1996 304 127 354 114 272 
1997 304 292 293 355 171 
1998 304 347 33 191 2 
1999 304 355 292 171 172 
2000 304 28 355 171 29 
2001 304 356 138 22 309 
