583 1164
1 0.000000e+00 2.000000e+00 0.000000e+00
2 0.000000e+00 1.000000e+00 0.000000e+00
3 1.000000e+00 3.061617e-17 0.000000e+00
4 2.000000e+00 1.224647e-16 0.000000e+00
5 0.000000e+00 1.900000e+00 0.000000e+00
6 0.000000e+00 1.800000e+00 0.000000e+00
7 0.000000e+00 1.700000e+00 0.000000e+00
8 0.000000e+00 1.600000e+00 0.000000e+00
9 0.000000e+00 1.500000e+00 0.000000e+00
10 0.000000e+00 1.400000e+00 0.000000e+00
11 0.000000e+00 1.300000e+00 0.000000e+00
12 0.000000e+00 1.200000e+00 0.000000e+00
13 0.000000e+00 1.100000e+00 0.000000e+00
14 9.801714e-02 9.951847e-01 0.000000e+00
15 1.950903e-01 9.807853e-01 0.000000e+00
16 2.902847e-01 9.569403e-01 0.000000e+00
17 3.826834e-01 9.238795e-01 0.000000e+00
18 4.713967e-01 8.819213e-01 0.000000e+00
19 5.555702e-01 8.314696e-01 0.000000e+00
20 6.343933e-01 7.730105e-01 0.000000e+00
21 7.071068e-01 7.071068e-01 0.000000e+00
22 7.730105e-01 6.343933e-01 0.000000e+00
23 8.314696e-01 5.555702e-01 0.000000e+00
24 8.819213e-01 4.713967e-01 0.000000e+00
25 9.238795e-01 3.826834e-01 0.000000e+00
26 9.569403e-01 2.902847e-01 0.000000e+00
27 9.807853e-01 1.950903e-01 0.000000e+00
28 9.951847e-01 9.801714e-02 0.000000e+00
29 1.100000e+00 1.224647e-17 0.000000e+00
30 1.200000e+00 2.449294e-17 0.000000e+00
31 1.300000e+00 3.673940e-17 0.000000e+00
32 1.400000e+00 4.898587e-17 0.000000e+00
33 1.500000e+00 6.123234e-17 0.000000e+00
34 1.600000e+00 7.347881e-17 0.000000e+00
35 1.700000e+00 8.572528e-17 0.000000e+00
36 1.800000e+00 9.797174e-17 0.000000e+00
37 1.900000e+00 1.102182e-16 0.000000e+00
38 9.813535e-02 1.997591e+00 0.000000e+00
39 1.960343e-01 1.990369e+00 0.000000e+00
40 2.934609e-01 1.978353e+00 0.000000e+00
41 3.901806e-01 1.961571e+00 0.000000e+00
42 4.859604e-01 1.940063e+00 0.000000e+00
43 5.805694e-01 1.913881e+00 0.000000e+00
44 6.737797e-01 1.883088e+00 0.000000e+00
45 7.653669e-01 1.847759e+00 0.000000e+00
46 8.551102e-01 1.807979e+00 0.000000e+00
47 9.427935e-01 1.763843e+00 0.000000e+00
48 1.028205e+00 1.715457e+00 0.000000e+00
49 1.111140e+00 1.662939e+00 0.000000e+00
50 1.191399e+00 1.606415e+00 0.000000e+00
51 1.268787e+00 1.546021e+00 0.000000e+00
52 1.343118e+00 1.481902e+00 0.000000e+00
53 1.414214e+00 1.414214e+00 0.000000e+00
54 1.481902e+00 1.343118e+00 0.000000e+00
55 1.546021e+00 1.268787e+00 0.000000e+00
56 1.606415e+00 1.191399e+00 0.000000e+00
57 1.662939e+00 1.111140e+00 0.000000e+00
58 1.715457e+00 1.028205e+00 0.000000e+00
59 1.763843e+00 9.427935e-01 0.000000e+00
60 1.807979e+00 8.551102e-01 0.000000e+00
61 1.847759e+00 7.653669e-01 0.000000e+00
62 1.883088e+00 6.737797e-01 0.000000e+00
63 1.913881e+00 5.805694e-01 0.000000e+00
64 1.940063e+00 4.859604e-01 0.000000e+00
65 1.961571e+00 3.901806e-01 0.000000e+00
66 1.978353e+00 2.934609e-01 0.000000e+00
67 1.990369e+00 1.960343e-01 0.000000e+00
68 1.997591e+00 9.813535e-02 0.000000e+00
69 1.351180e-01 1.401845e+00 0.000000e+00
70 4.271363e-01 1.894616e+00 0.000000e+00
71 1.577391e+00 9.014393e-01 0.000000e+00
72 7.111996e-01 1.401939e+00 0.000000e+00
73 1.282592e+00 1.402491e+00 0.000000e+00
74 1.861792e+00 4.025867e-01 0.000000e+00
75 1.288800e+00 4.015055e-01 0.000000e+00
76 1.722262e+00 1.524871e-01 0.000000e+00
77 1.145445e+00 1.521712e-01 0.000000e+00
78 1.433270e+00 1.525237e-01 0.000000e+00
79 1.000000e+00 9.017230e-01 0.000000e+00
80 9.931021e-01 4.021866e-01 0.000000e+00
81 8.567441e-01 6.581145e-01 0.000000e+00
82 7.117163e-01 9.019083e-01 0.000000e+00
83 2.780347e-01 1.151956e+00 0.000000e+00
84 1.338249e-01 1.897042e+00 0.000000e+00
85 1.433201e+00 6.516138e-01 0.000000e+00
86 1.721171e+00 6.512074e-01 0.000000e+00
87 1.577601e+00 4.015056e-01 0.000000e+00
88 1.144396e+00 6.516144e-01 0.000000e+00
89 1.288800e+00 9.017223e-01 0.000000e+00
90 1.432564e+00 1.151401e+00 0.000000e+00
91 5.668044e-01 1.151825e+00 0.000000e+00
92 4.223992e-01 1.401939e+00 0.000000e+00
93 8.558849e-01 1.650666e+00 0.000000e+00
94 5.667858e-01 1.652040e+00 0.000000e+00
95 2.780028e-01 1.652051e+00 0.000000e+00
96 9.999719e-01 1.401936e+00 0.000000e+00
97 8.555998e-01 1.151831e+00 0.000000e+00
98 1.144400e+00 1.151831e+00 0.000000e+00
99 2.802618e-01 1.907217e+00 0.000000e+00
100 5.395866e-01 1.885424e+00 0.000000e+00
101 6.839296e-02 1.519479e+00 0.000000e+00
102 6.837125e-02 1.283264e+00 0.000000e+00
103 2.059441e-01 1.277016e+00 0.000000e+00
104 1.338650e-01 1.152444e+00 0.000000e+00
105 7.434300e-02 1.038838e+00 0.000000e+00
106 2.047830e-01 1.042654e+00 0.000000e+00
107 3.530728e-01 1.030653e+00 0.000000e+00
108 1.643237e+00 1.028632e+00 0.000000e+00
109 1.722881e+00 8.890112e-01 0.000000e+00
110 1.505393e+00 7.766616e-01 0.000000e+00
111 1.649255e+00 7.761699e-01 0.000000e+00
112 1.577590e+00 6.516078e-01 0.000000e+00
113 1.361000e+00 5.265596e-01 0.000000e+00
114 1.505401e+00 5.265596e-01 0.000000e+00
115 1.433201e+00 4.015055e-01 0.000000e+00
116 1.649788e+00 5.265584e-01 0.000000e+00
117 1.793597e+00 5.269229e-01 0.000000e+00
118 1.721959e+00 4.015079e-01 0.000000e+00
119 1.216639e+00 2.764607e-01 0.000000e+00
120 1.361002e+00 2.764749e-01 0.000000e+00
121 1.288969e+00 1.525722e-01 0.000000e+00
122 1.079423e+00 4.227114e-02 0.000000e+00
123 1.227793e+00 4.335040e-02 0.000000e+00
124 1.358592e+00 4.328518e-02 0.000000e+00
125 1.503672e+00 5.051148e-02 0.000000e+00
126 1.794045e+00 2.764059e-01 0.000000e+00
127 1.921974e+00 2.697065e-01 0.000000e+00
128 1.865520e+00 1.519812e-01 0.000000e+00
129 1.649888e+00 4.222180e-02 0.000000e+00
130 1.795756e+00 5.045755e-02 0.000000e+00
131 1.924968e+00 4.031013e-02 0.000000e+00
132 1.577355e+00 1.523960e-01 0.000000e+00
133 1.649801e+00 2.764649e-01 0.000000e+00
134 1.505399e+00 2.764676e-01 0.000000e+00
135 1.842035e+00 6.446762e-01 0.000000e+00
136 1.784607e+00 7.746293e-01 0.000000e+00
137 1.025160e+00 1.487747e-01 0.000000e+00
138 1.074620e+00 2.757468e-01 0.000000e+00
139 1.144302e+00 4.014793e-01 0.000000e+00
140 1.216596e+00 5.265596e-01 0.000000e+00
141 1.288800e+00 6.516139e-01 0.000000e+00
142 1.361000e+00 7.766681e-01 0.000000e+00
143 1.433194e+00 9.017195e-01 0.000000e+00
144 1.216600e+00 7.766681e-01 0.000000e+00
145 1.072198e+00 7.766683e-01 0.000000e+00
146 1.144400e+00 9.017224e-01 0.000000e+00
147 9.278484e-01 7.767856e-01 0.000000e+00
148 7.863792e-01 7.787349e-01 0.000000e+00
149 8.556369e-01 9.017375e-01 0.000000e+00
150 5.754665e-01 9.025772e-01 0.000000e+00
151 9.998046e-01 6.516267e-01 0.000000e+00
152 9.284651e-01 5.291549e-01 0.000000e+00
153 1.071990e+00 5.266506e-01 0.000000e+00
154 1.504921e+00 1.026359e+00 0.000000e+00
155 1.575668e+00 1.139533e+00 0.000000e+00
156 1.486115e+00 1.274054e+00 0.000000e+00
157 1.359034e+00 1.277040e+00 0.000000e+00
158 1.198634e+00 1.531938e+00 0.000000e+00
159 4.947365e-01 1.026110e+00 0.000000e+00
160 4.224202e-01 1.151867e+00 0.000000e+00
161 6.389995e-01 1.276885e+00 0.000000e+00
162 4.945993e-01 1.276885e+00 0.000000e+00
163 5.667994e-01 1.401939e+00 0.000000e+00
164 3.502010e-01 1.276885e+00 0.000000e+00
165 2.780128e-01 1.401937e+00 0.000000e+00
166 7.834023e-01 1.526979e+00 0.000000e+00
167 6.389992e-01 1.526993e+00 0.000000e+00
168 7.111808e-01 1.651978e+00 0.000000e+00
169 7.832328e-01 1.777822e+00 0.000000e+00
170 6.380979e-01 1.775223e+00 0.000000e+00
171 4.941927e-01 1.776411e+00 0.000000e+00
172 2.059481e-01 1.526835e+00 0.000000e+00
173 1.335855e-01 1.651918e+00 0.000000e+00
174 3.503625e-01 1.777040e+00 0.000000e+00
175 2.059470e-01 1.777276e+00 0.000000e+00
176 6.836147e-02 1.783313e+00 0.000000e+00
177 4.223996e-01 1.652042e+00 0.000000e+00
178 3.501997e-01 1.526993e+00 0.000000e+00
179 4.945993e-01 1.526994e+00 0.000000e+00
180 9.955465e-01 1.648628e+00 0.000000e+00
181 9.276839e-01 1.526904e+00 0.000000e+00
182 8.555991e-01 1.401939e+00 0.000000e+00
183 1.069862e+00 1.526827e+00 0.000000e+00
184 1.143872e+00 1.402045e+00 0.000000e+00
185 7.833997e-01 1.276885e+00 0.000000e+00
186 7.112005e-01 1.151831e+00 0.000000e+00
187 6.391749e-01 1.026782e+00 0.000000e+00
188 7.834055e-01 1.026778e+00 0.000000e+00
189 9.278000e-01 1.026777e+00 0.000000e+00
190 1.216502e+00 1.276907e+00 0.000000e+00
191 1.288782e+00 1.151831e+00 0.000000e+00
192 1.072200e+00 1.026777e+00 0.000000e+00
193 1.216600e+00 1.026777e+00 0.000000e+00
194 1.360994e+00 1.026770e+00 0.000000e+00
195 1.000000e+00 1.151831e+00 0.000000e+00
196 1.072196e+00 1.276886e+00 0.000000e+00
197 9.277998e-01 1.276885e+00 0.000000e+00
198 5.102250e-02 1.950013e+00 0.000000e+00
199 1.014519e-01 1.941862e+00 0.000000e+00
200 6.974634e-02 1.896966e+00 0.000000e+00
201 1.612393e-01 1.948388e+00 0.000000e+00
202 2.282494e-01 1.946807e+00 0.000000e+00
203 2.032180e-01 1.897969e+00 0.000000e+00
204 3.279804e-01 1.938639e+00 0.000000e+00
205 3.537502e-01 1.897955e+00 0.000000e+00
206 4.889509e-01 1.881306e+00 0.000000e+00
207 4.350003e-02 1.573239e+00 0.000000e+00
208 4.510450e-02 1.457689e+00 0.000000e+00
209 1.019766e-01 1.462450e+00 0.000000e+00
210 6.911211e-02 1.401199e+00 0.000000e+00
211 1.019210e-01 1.340785e+00 0.000000e+00
212 1.704765e-01 1.339658e+00 0.000000e+00
213 1.352598e-01 1.278133e+00 0.000000e+00
214 4.352765e-02 1.228824e+00 0.000000e+00
215 1.005533e-01 1.217264e+00 0.000000e+00
216 5.939154e-02 1.151979e+00 0.000000e+00
217 1.702804e-01 1.214952e+00 0.000000e+00
218 2.419939e-01 1.214482e+00 0.000000e+00
219 2.060119e-01 1.152372e+00 0.000000e+00
220 4.478770e-02 1.076730e+00 0.000000e+00
221 2.417689e-01 1.091129e+00 0.000000e+00
222 3.142586e-01 1.089469e+00 0.000000e+00
223 2.762772e-01 1.023873e+00 0.000000e+00
224 3.363343e-01 9.812988e-01 0.000000e+00
225 3.893769e-01 9.824990e-01 0.000000e+00
226 1.396786e-01 1.038202e+00 0.000000e+00
227 1.708043e-01 1.093232e+00 0.000000e+00
228 1.023245e-01 1.091183e+00 0.000000e+00
229 4.551013e-02 1.344403e+00 0.000000e+00
230 1.612412e+00 9.637048e-01 0.000000e+00
231 1.684811e+00 9.595507e-01 0.000000e+00
232 1.649367e+00 8.991190e-01 0.000000e+00
233 1.541447e+00 8.391259e-01 0.000000e+00
234 1.613381e+00 8.385508e-01 0.000000e+00
235 1.577494e+00 7.765364e-01 0.000000e+00
236 1.469299e+00 7.141399e-01 0.000000e+00
237 1.541481e+00 7.141224e-01 0.000000e+00
238 1.505397e+00 6.516112e-01 0.000000e+00
239 1.613572e+00 7.140407e-01 0.000000e+00
240 1.685196e+00 7.137153e-01 0.000000e+00
241 1.649616e+00 6.515131e-01 0.000000e+00
242 1.397101e+00 5.890868e-01 0.000000e+00
243 1.469300e+00 5.890865e-01 0.000000e+00
244 1.433201e+00 5.265596e-01 0.000000e+00
245 1.324900e+00 4.640325e-01 0.000000e+00
246 1.397101e+00 4.640326e-01 0.000000e+00
247 1.361000e+00 4.015057e-01 0.000000e+00
248 1.469301e+00 4.640325e-01 0.000000e+00
249 1.541501e+00 4.640325e-01 0.000000e+00
250 1.505401e+00 4.015056e-01 0.000000e+00
251 1.685702e+00 5.890230e-01 0.000000e+00
252 1.756934e+00 5.889544e-01 0.000000e+00
253 1.721785e+00 5.265776e-01 0.000000e+00
254 1.613698e+00 4.640323e-01 0.000000e+00
255 1.685856e+00 4.640325e-01 0.000000e+00
256 1.649792e+00 4.015058e-01 0.000000e+00
257 1.757802e+00 4.640394e-01 0.000000e+00
258 1.827937e+00 4.637942e-01 0.000000e+00
259 1.793421e+00 4.016132e-01 0.000000e+00
260 1.577599e+00 5.265593e-01 0.000000e+00
261 1.613659e+00 5.890690e-01 0.000000e+00
262 1.541495e+00 5.890840e-01 0.000000e+00
263 1.252707e+00 3.389798e-01 0.000000e+00
264 1.324901e+00 3.389827e-01 0.000000e+00
265 1.288808e+00 2.764763e-01 0.000000e+00
266 1.180775e+00 2.140488e-01 0.000000e+00
267 1.252776e+00 2.141622e-01 0.000000e+00
268 1.217052e+00 1.525652e-01 0.000000e+00
269 1.324930e+00 2.141747e-01 0.000000e+00
270 1.397114e+00 2.141661e-01 0.000000e+00
271 1.361068e+00 1.526175e-01 0.000000e+00
272 1.111387e+00 9.305869e-02 0.000000e+00
273 1.182947e+00 9.409789e-02 0.000000e+00
274 1.149089e+00 4.298143e-02 0.000000e+00
275 1.397434e+00 9.416683e-02 0.000000e+00
276 1.469613e+00 9.515637e-02 0.000000e+00
277 1.437935e+00 4.420188e-02 0.000000e+00
278 1.292330e+00 5.118275e-02 0.000000e+00
279 1.325184e+00 9.560213e-02 0.000000e+00
280 1.254905e+00 9.593001e-02 0.000000e+00
281 1.830167e+00 3.392004e-01 0.000000e+00
282 1.905823e+00 3.404220e-01 0.000000e+00
283 1.864233e+00 2.757369e-01 0.000000e+00
284 1.758069e+00 2.141328e-01 0.000000e+00
285 1.829474e+00 2.140237e-01 0.000000e+00
286 1.794113e+00 1.525574e-01 0.000000e+00
287 1.896864e+00 2.141221e-01 0.000000e+00
288 1.948160e+00 2.241023e-01 0.000000e+00
289 1.937639e+00 1.502090e-01 0.000000e+00
290 1.687112e+00 9.385855e-02 0.000000e+00
291 1.759534e+00 9.514164e-02 0.000000e+00
292 1.731228e+00 4.403974e-02 0.000000e+00
293 1.954153e+00 7.629576e-02 0.000000e+00
294 1.859275e+00 4.323216e-02 0.000000e+00
295 1.896944e+00 9.153106e-02 0.000000e+00
296 1.829012e+00 9.537254e-02 0.000000e+00
297 1.568577e+00 4.362972e-02 0.000000e+00
298 1.612491e+00 9.432098e-02 0.000000e+00
299 1.649799e+00 1.528157e-01 0.000000e+00
300 1.539935e+00 9.573262e-02 0.000000e+00
301 1.505234e+00 1.531408e-01 0.000000e+00
302 1.685925e+00 2.142203e-01 0.000000e+00
303 1.721986e+00 2.765009e-01 0.000000e+00
304 1.757993e+00 3.390150e-01 0.000000e+00
305 1.685884e+00 3.389890e-01 0.000000e+00
306 1.613698e+00 3.389820e-01 0.000000e+00
307 1.469290e+00 2.142650e-01 0.000000e+00
308 1.433201e+00 2.765156e-01 0.000000e+00
309 1.541500e+00 3.389815e-01 0.000000e+00
310 1.469300e+00 3.389869e-01 0.000000e+00
311 1.397101e+00 3.389886e-01 0.000000e+00
312 1.577599e+00 2.764678e-01 0.000000e+00
313 1.541454e+00 2.142614e-01 0.000000e+00
314 1.613672e+00 2.142497e-01 0.000000e+00
315 1.913836e+00 4.146270e-01 0.000000e+00
316 1.884763e+00 4.590954e-01 0.000000e+00
317 1.866804e+00 5.293243e-01 0.000000e+00
318 1.869813e+00 6.026882e-01 0.000000e+00
319 1.822431e+00 5.901514e-01 0.000000e+00
320 1.788564e+00 6.494520e-01 0.000000e+00
321 1.754661e+00 7.122772e-01 0.000000e+00
322 1.718525e+00 7.745892e-01 0.000000e+00
323 1.745129e+00 8.276981e-01 0.000000e+00
324 1.683709e+00 8.354304e-01 0.000000e+00
325 1.818998e+00 7.044864e-01 0.000000e+00
326 1.046026e+00 8.836097e-02 0.000000e+00
327 1.078114e+00 1.510376e-01 0.000000e+00
328 1.110175e+00 2.134595e-01 0.000000e+00
329 1.144933e+00 2.763199e-01 0.000000e+00
330 1.180575e+00 3.389523e-01 0.000000e+00
331 1.216596e+00 4.014999e-01 0.000000e+00
332 1.108785e+00 3.388130e-01 0.000000e+00
333 1.038915e+00 3.385741e-01 0.000000e+00
334 1.071413e+00 4.014935e-01 0.000000e+00
335 9.827338e-01 3.378286e-01 0.000000e+00
336 9.396993e-01 4.287566e-01 0.000000e+00
337 1.011021e+00 2.749656e-01 0.000000e+00
338 1.044628e+00 2.102872e-01 0.000000e+00
339 1.252698e+00 4.640319e-01 0.000000e+00
340 1.288800e+00 5.265596e-01 0.000000e+00
341 1.324900e+00 5.890868e-01 0.000000e+00
342 1.361000e+00 6.516139e-01 0.000000e+00
343 1.252699e+00 5.890868e-01 0.000000e+00
344 1.180495e+00 5.890872e-01 0.000000e+00
345 1.216599e+00 6.516140e-01 0.000000e+00
346 1.397100e+00 7.141409e-01 0.000000e+00
347 1.433199e+00 7.766672e-01 0.000000e+00
348 1.469290e+00 8.391859e-01 0.000000e+00
349 1.505338e+00 9.016735e-01 0.000000e+00
350 1.397099e+00 8.391939e-01 0.000000e+00
351 1.324900e+00 8.391951e-01 0.000000e+00
352 1.360999e+00 9.017216e-01 0.000000e+00
353 1.180500e+00 7.141411e-01 0.000000e+00
354 1.108297e+00 7.141411e-01 0.000000e+00
355 1.144400e+00 7.766682e-01 0.000000e+00
356 1.252700e+00 8.391952e-01 0.000000e+00
357 1.180500e+00 8.391953e-01 0.000000e+00
358 1.216600e+00 9.017224e-01 0.000000e+00
359 1.108300e+00 8.391953e-01 0.000000e+00
360 1.036099e+00 8.391959e-01 0.000000e+00
361 1.072200e+00 9.017225e-01 0.000000e+00
362 1.288800e+00 7.766681e-01 0.000000e+00
363 1.252700e+00 7.141410e-01 0.000000e+00
364 1.324900e+00 7.141410e-01 0.000000e+00
365 8.267284e-01 6.183816e-01 0.000000e+00
366 7.899144e-01 6.739420e-01 0.000000e+00
367 8.920341e-01 7.153714e-01 0.000000e+00
368 8.226496e-01 7.197856e-01 0.000000e+00
369 8.563662e-01 7.777007e-01 0.000000e+00
370 9.639083e-01 8.392112e-01 0.000000e+00
371 8.918174e-01 8.393322e-01 0.000000e+00
372 9.278168e-01 9.017398e-01 0.000000e+00
373 8.200484e-01 8.395586e-01 0.000000e+00
374 7.486684e-01 8.395001e-01 0.000000e+00
375 7.836694e-01 9.018112e-01 0.000000e+00
376 6.770145e-01 8.399737e-01 0.000000e+00
377 6.152041e-01 8.490534e-01 0.000000e+00
378 6.420800e-01 9.032260e-01 0.000000e+00
379 5.165153e-01 9.073811e-01 0.000000e+00
380 7.179525e-01 7.769623e-01 0.000000e+00
381 7.628518e-01 7.290029e-01 0.000000e+00
382 9.999967e-01 7.766843e-01 0.000000e+00
383 9.638364e-01 7.142946e-01 0.000000e+00
384 9.271549e-01 6.523360e-01 0.000000e+00
385 1.036069e+00 7.141590e-01 0.000000e+00
386 1.072161e+00 6.516204e-01 0.000000e+00
387 8.872236e-01 5.898198e-01 0.000000e+00
388 8.804347e-01 5.355171e-01 0.000000e+00
389 9.628898e-01 4.692645e-01 0.000000e+00
390 1.108258e+00 5.891004e-01 0.000000e+00
391 1.144353e+00 5.265703e-01 0.000000e+00
392 1.034777e+00 4.647605e-01 0.000000e+00
393 1.107998e+00 4.641119e-01 0.000000e+00
394 1.180449e+00 4.640380e-01 0.000000e+00
395 9.996134e-01 5.275985e-01 0.000000e+00
396 1.035910e+00 5.892129e-01 0.000000e+00
397 9.631112e-01 5.896050e-01 0.000000e+00
398 1.541026e+00 9.640129e-01 0.000000e+00
399 1.574810e+00 1.025568e+00 0.000000e+00
400 1.600838e+00 1.079662e+00 0.000000e+00
401 1.539058e+00 1.085981e+00 0.000000e+00
402 1.468749e+00 1.088582e+00 0.000000e+00
403 1.503434e+00 1.148801e+00 0.000000e+00
404 1.464814e+00 1.212704e+00 0.000000e+00
405 1.395665e+00 1.214028e+00 0.000000e+00
406 1.425797e+00 1.275432e+00 0.000000e+00
407 1.442799e+00 1.330366e+00 0.000000e+00
408 1.387450e+00 1.340607e+00 0.000000e+00
409 1.320866e+00 1.340243e+00 0.000000e+00
410 1.344375e+00 1.406378e+00 0.000000e+00
411 1.532038e+00 1.207052e+00 0.000000e+00
412 1.299881e+00 1.460843e+00 0.000000e+00
413 1.242879e+00 1.467673e+00 0.000000e+00
414 1.151122e+00 1.583728e+00 0.000000e+00
415 4.580057e-01 9.590032e-01 0.000000e+00
416 4.229904e-01 1.028837e+00 0.000000e+00
417 5.307468e-01 1.089221e+00 0.000000e+00
418 4.585914e-01 1.089481e+00 0.000000e+00
419 4.946152e-01 1.151843e+00 0.000000e+00
420 3.867292e-01 1.090020e+00 0.000000e+00
421 3.502747e-01 1.151936e+00 0.000000e+00
422 6.029003e-01 1.214357e+00 0.000000e+00
423 5.307015e-01 1.214359e+00 0.000000e+00
424 5.667997e-01 1.276885e+00 0.000000e+00
425 6.750995e-01 1.339412e+00 0.000000e+00
426 6.028995e-01 1.339412e+00 0.000000e+00
427 6.389995e-01 1.401939e+00 0.000000e+00
428 5.306994e-01 1.339412e+00 0.000000e+00
429 4.584993e-01 1.339412e+00 0.000000e+00
430 4.945993e-01 1.401939e+00 0.000000e+00
431 3.141229e-01 1.214393e+00 0.000000e+00
432 2.780291e-01 1.276915e+00 0.000000e+00
433 3.862996e-01 1.339412e+00 0.000000e+00
434 3.141062e-01 1.339416e+00 0.000000e+00
435 3.502014e-01 1.401939e+00 0.000000e+00
436 2.420101e-01 1.339454e+00 0.000000e+00
437 2.060940e-01 1.401938e+00 0.000000e+00
438 4.223997e-01 1.276885e+00 0.000000e+00
439 3.863122e-01 1.214376e+00 0.000000e+00
440 4.585045e-01 1.214365e+00 0.000000e+00
441 7.472999e-01 1.464465e+00 0.000000e+00
442 6.750996e-01 1.464466e+00 0.000000e+00
443 7.112007e-01 1.526989e+00 0.000000e+00
444 8.195355e-01 1.589309e+00 0.000000e+00
445 7.473117e-01 1.589460e+00 0.000000e+00
446 7.835187e-01 1.651577e+00 0.000000e+00
447 6.750964e-01 1.589504e+00 0.000000e+00
448 6.028952e-01 1.589515e+00 0.000000e+00
449 6.389654e-01 1.652000e+00 0.000000e+00
450 8.937752e-01 1.707340e+00 0.000000e+00
451 8.202577e-01 1.711096e+00 0.000000e+00
452 8.587901e-01 1.755769e+00 0.000000e+00
453 7.226531e-01 1.823199e+00 0.000000e+00
454 6.027333e-01 1.714358e+00 0.000000e+00
455 5.305973e-01 1.714503e+00 0.000000e+00
456 5.661650e-01 1.777024e+00 0.000000e+00
457 6.702847e-01 1.821877e+00 0.000000e+00
458 6.005078e-01 1.842606e+00 0.000000e+00
459 5.260059e-01 1.834796e+00 0.000000e+00
460 4.579509e-01 1.835182e+00 0.000000e+00
461 7.072381e-01 1.772552e+00 0.000000e+00
462 6.745184e-01 1.713802e+00 0.000000e+00
463 7.469036e-01 1.713703e+00 0.000000e+00
464 1.705144e-01 1.464101e+00 0.000000e+00
465 1.352765e-01 1.525465e+00 0.000000e+00
466 2.419338e-01 1.589474e+00 0.000000e+00
467 1.700937e-01 1.589051e+00 0.000000e+00
468 2.058509e-01 1.652003e+00 0.000000e+00
469 1.005244e-01 1.586104e+00 0.000000e+00
470 5.913407e-02 1.650990e+00 0.000000e+00
471 3.141264e-01 1.714585e+00 0.000000e+00
472 2.419457e-01 1.714625e+00 0.000000e+00
473 2.781138e-01 1.777269e+00 0.000000e+00
474 3.873995e-01 1.837699e+00 0.000000e+00
475 3.150053e-01 1.839787e+00 0.000000e+00
476 2.420446e-01 1.839979e+00 0.000000e+00
477 1.698812e-01 1.838785e+00 0.000000e+00
478 4.357586e-02 1.728824e+00 0.000000e+00
479 1.018445e-01 1.839740e+00 0.000000e+00
480 4.559722e-02 1.843732e+00 0.000000e+00
481 1.351769e-01 1.778070e+00 0.000000e+00
482 1.005609e-01 1.717240e+00 0.000000e+00
483 1.702353e-01 1.715004e+00 0.000000e+00
484 4.224466e-01 1.776287e+00 0.000000e+00
485 3.863248e-01 1.714478e+00 0.000000e+00
486 3.502051e-01 1.652038e+00 0.000000e+00
487 4.584550e-01 1.714397e+00 0.000000e+00
488 4.945831e-01 1.652021e+00 0.000000e+00
489 3.141040e-01 1.589515e+00 0.000000e+00
490 2.780209e-01 1.526971e+00 0.000000e+00
491 2.420359e-01 1.464408e+00 0.000000e+00
492 3.141171e-01 1.464458e+00 0.000000e+00
493 3.863013e-01 1.464466e+00 0.000000e+00
494 5.306959e-01 1.589517e+00 0.000000e+00
495 5.667986e-01 1.526993e+00 0.000000e+00
496 4.584994e-01 1.464466e+00 0.000000e+00
497 5.306993e-01 1.464466e+00 0.000000e+00
498 6.028993e-01 1.464466e+00 0.000000e+00
499 4.223995e-01 1.526993e+00 0.000000e+00
500 4.584973e-01 1.589517e+00 0.000000e+00
501 3.863002e-01 1.589518e+00 0.000000e+00
502 9.581035e-01 1.698789e+00 0.000000e+00
503 9.267456e-01 1.648479e+00 0.000000e+00
504 1.055256e+00 1.641972e+00 0.000000e+00
505 8.915447e-01 1.588883e+00 0.000000e+00
506 8.555752e-01 1.526892e+00 0.000000e+00
507 8.194969e-01 1.464454e+00 0.000000e+00
508 7.833994e-01 1.401938e+00 0.000000e+00
509 8.916800e-01 1.464444e+00 0.000000e+00
510 9.638247e-01 1.464439e+00 0.000000e+00
511 9.277873e-01 1.401934e+00 0.000000e+00
512 1.095841e+00 1.588893e+00 0.000000e+00
513 1.136069e+00 1.526789e+00 0.000000e+00
514 1.035711e+00 1.464432e+00 0.000000e+00
515 1.106680e+00 1.464487e+00 0.000000e+00
516 1.071926e+00 1.401946e+00 0.000000e+00
517 1.175689e+00 1.465497e+00 0.000000e+00
518 1.214033e+00 1.402554e+00 0.000000e+00
519 9.993014e-01 1.526789e+00 0.000000e+00
520 1.031409e+00 1.587661e+00 0.000000e+00
521 9.626044e-01 1.588409e+00 0.000000e+00
522 7.472996e-01 1.339412e+00 0.000000e+00
523 7.111996e-01 1.276885e+00 0.000000e+00
524 6.751000e-01 1.214358e+00 0.000000e+00
525 6.390038e-01 1.151829e+00 0.000000e+00
526 7.472998e-01 1.214358e+00 0.000000e+00
527 8.194998e-01 1.214358e+00 0.000000e+00
528 7.834000e-01 1.151831e+00 0.000000e+00
529 6.029587e-01 1.089288e+00 0.000000e+00
530 5.672501e-01 1.026673e+00 0.000000e+00
531 5.347382e-01 9.642580e-01 0.000000e+00
532 6.048842e-01 9.644952e-01 0.000000e+00
533 6.757517e-01 9.644697e-01 0.000000e+00
534 8.195006e-01 1.089304e+00 0.000000e+00
535 8.917000e-01 1.089304e+00 0.000000e+00
536 8.556012e-01 1.026777e+00 0.000000e+00
537 7.474548e-01 9.643018e-01 0.000000e+00
538 8.195486e-01 9.642655e-01 0.000000e+00
539 8.917105e-01 9.642545e-01 0.000000e+00
540 9.639028e-01 9.642519e-01 0.000000e+00
541 7.113050e-01 1.026806e+00 0.000000e+00
542 7.473117e-01 1.089307e+00 0.000000e+00
543 6.751363e-01 1.089306e+00 0.000000e+00
544 1.251214e+00 1.339653e+00 0.000000e+00
545 1.287955e+00 1.277031e+00 0.000000e+00
546 1.180486e+00 1.214361e+00 0.000000e+00
547 1.252587e+00 1.214377e+00 0.000000e+00
548 1.216585e+00 1.151833e+00 0.000000e+00
549 1.324428e+00 1.214359e+00 0.000000e+00
550 1.360727e+00 1.151748e+00 0.000000e+00
551 1.108300e+00 1.089304e+00 0.000000e+00
552 1.180499e+00 1.089304e+00 0.000000e+00
553 1.144400e+00 1.026777e+00 0.000000e+00
554 1.036100e+00 9.642498e-01 0.000000e+00
555 1.108300e+00 9.642496e-01 0.000000e+00
556 1.180500e+00 9.642495e-01 0.000000e+00
557 1.252700e+00 9.642495e-01 0.000000e+00
558 1.396943e+00 1.089169e+00 0.000000e+00
559 1.433072e+00 1.026639e+00 0.000000e+00
560 1.324899e+00 9.642485e-01 0.000000e+00
561 1.397084e+00 9.642329e-01 0.000000e+00
562 1.469177e+00 9.641599e-01 0.000000e+00
563 1.288799e+00 1.026776e+00 0.000000e+00
564 1.324853e+00 1.089280e+00 0.000000e+00
565 1.252692e+00 1.089301e+00 0.000000e+00
566 1.000000e+00 1.026777e+00 0.000000e+00
567 1.036100e+00 1.089304e+00 0.000000e+00
568 1.072200e+00 1.151831e+00 0.000000e+00
569 9.639000e-01 1.089304e+00 0.000000e+00
570 9.277999e-01 1.151831e+00 0.000000e+00
571 1.108297e+00 1.214359e+00 0.000000e+00
572 1.144373e+00 1.276891e+00 0.000000e+00
573 1.179990e+00 1.339521e+00 0.000000e+00
574 1.108160e+00 1.339435e+00 0.000000e+00
575 1.036054e+00 1.339415e+00 0.000000e+00
576 8.916998e-01 1.214358e+00 0.000000e+00
577 8.555998e-01 1.276885e+00 0.000000e+00
578 9.638911e-01 1.339412e+00 0.000000e+00
579 8.916976e-01 1.339412e+00 0.000000e+00
580 8.194994e-01 1.339412e+00 0.000000e+00
581 9.999940e-01 1.276885e+00 0.000000e+00
582 9.638993e-01 1.214358e+00 0.000000e+00
583 1.036099e+00 1.214358e+00 0.000000e+00
1 102 1 5 
2 102 5 6 
3 102 6 7 
4 102 7 8 
5 102 8 9 
6 102 9 10 
7 102 10 11 
8 102 11 12 
9 102 12 13 
10 102 13 2 
11 102 2 14 
12 102 14 15 
13 102 15 16 
14 102 16 17 
15 102 17 18 
16 102 18 19 
17 102 19 20 
18 102 20 21 
19 102 21 22 
20 102 22 23 
21 102 23 24 
22 102 24 25 
23 102 25 26 
24 102 26 27 
25 102 27 28 
26 102 28 3 
27 102 3 29 
28 102 29 30 
29 102 30 31 
30 102 31 32 
31 102 32 33 
32 102 33 34 
33 102 34 35 
34 102 35 36 
35 102 36 37 
36 102 37 4 
37 102 1 38 
38 102 38 39 
39 102 39 40 
40 102 40 41 
41 102 41 42 
42 102 42 43 
43 102 43 44 
44 102 44 45 
45 102 45 46 
46 102 46 47 
47 102 47 48 
48 102 48 49 
49 102 49 50 
50 102 50 51 
51 102 51 52 
52 102 52 53 
53 102 53 54 
54 102 54 55 
55 102 55 56 
56 102 56 57 
57 102 57 58 
58 102 58 59 
59 102 59 60 
60 102 60 61 
61 102 61 62 
62 102 62 63 
63 102 63 64 
64 102 64 65 
65 102 65 66 
66 102 66 67 
67 102 67 68 
68 102 68 4 
69 203 200 5 198 
70 203 84 200 199 
71 203 198 199 200 
72 203 38 198 1 
73 203 203 84 201 
74 203 202 201 39 
75 203 40 202 39 
76 203 99 203 202 
77 203 201 202 203 
78 203 205 99 204 
79 203 202 40 99 
80 203 204 40 41 
81 203 199 201 84 
82 203 204 99 40 
83 203 41 205 204 
84 203 199 38 201 
85 203 39 201 38 
86 203 199 198 38 
87 203 42 43 100 
88 203 100 206 42 
89 203 206 70 42 
90 203 44 458 43 
91 203 42 70 41 
92 203 70 205 41 
93 203 7 470 8 
94 203 9 8 207 
95 203 209 208 101 
96 203 210 10 208 
97 203 69 210 209 
98 203 208 209 210 
99 203 208 9 101 
100 203 207 101 9 
101 203 212 211 69 
102 203 213 102 211 
103 203 103 213 212 
104 203 211 212 213 
105 203 215 214 102 
106 203 12 214 216 
107 203 104 216 215 
108 203 214 215 216 
109 203 218 217 103 
110 203 219 104 217 
111 203 83 219 218 
112 203 217 218 219 
113 203 215 217 104 
114 203 213 103 217 
115 203 102 213 215 
116 203 217 215 213 
117 203 216 13 12 
118 203 220 105 2 
119 203 2 105 14 
120 203 222 221 83 
121 203 2 13 220 
122 203 223 106 221 
123 203 107 223 222 
124 203 221 222 223 
125 203 14 226 15 
126 203 225 224 107 
127 203 225 17 224 
128 203 16 224 17 
129 203 223 107 224 
130 203 16 15 223 
131 203 106 223 15 
132 203 224 16 223 
133 203 106 15 226 
134 203 105 226 14 
135 203 227 221 106 
136 203 219 83 221 
137 203 104 219 227 
138 203 221 227 219 
139 203 220 228 105 
140 203 216 104 228 
141 203 220 13 216 
142 203 228 220 216 
143 203 227 228 104 
144 203 226 105 228 
145 203 106 226 227 
146 203 228 227 226 
147 203 214 12 11 
148 203 11 102 214 
149 203 229 211 102 
150 203 210 69 211 
151 203 211 229 210 
152 203 9 208 10 
153 203 210 229 10 
154 203 10 229 11 
155 203 229 102 11 
156 203 231 58 59 
157 203 231 230 108 
158 203 232 71 230 
159 203 109 232 231 
160 203 230 231 232 
161 203 59 60 109 
162 203 108 58 231 
163 203 59 109 231 
164 203 234 233 71 
165 203 235 110 233 
166 203 111 235 234 
167 203 233 234 235 
168 203 237 236 110 
169 203 238 85 236 
170 203 112 238 237 
171 203 236 237 238 
172 203 240 239 111 
173 203 241 112 239 
174 203 86 241 240 
175 203 239 240 241 
176 203 237 239 112 
177 203 235 111 239 
178 203 110 235 237 
179 203 239 237 235 
180 203 243 242 85 
181 203 244 113 242 
182 203 114 244 243 
183 203 242 243 244 
184 203 246 245 113 
185 203 247 75 245 
186 203 115 247 246 
187 203 245 246 247 
188 203 249 248 114 
189 203 250 115 248 
190 203 87 250 249 
191 203 248 249 250 
192 203 246 248 115 
193 203 244 114 248 
194 203 113 244 246 
195 203 248 246 244 
196 203 252 251 86 
197 203 253 116 251 
198 203 117 253 252 
199 203 251 252 253 
200 203 255 254 116 
201 203 256 87 254 
202 203 118 256 255 
203 203 254 255 256 
204 203 258 257 117 
205 203 259 118 257 
206 203 74 259 258 
207 203 257 258 259 
208 203 255 257 118 
209 203 253 117 257 
210 203 116 253 255 
211 203 257 255 253 
212 203 249 254 87 
213 203 260 116 254 
214 203 114 260 249 
215 203 254 249 260 
216 203 261 251 116 
217 203 241 86 251 
218 203 112 241 261 
219 203 251 261 241 
220 203 243 262 114 
221 203 238 112 262 
222 203 85 238 243 
223 203 262 243 238 
224 203 261 262 112 
225 203 260 114 262 
226 203 116 260 261 
227 203 262 261 260 
228 203 264 263 75 
229 203 265 119 263 
230 203 120 265 264 
231 203 263 264 265 
232 203 267 266 119 
233 203 268 77 266 
234 203 121 268 267 
235 203 266 267 268 
236 203 270 269 120 
237 203 271 121 269 
238 203 78 271 270 
239 203 269 270 271 
240 203 267 269 121 
241 203 265 120 269 
242 203 119 265 267 
243 203 269 267 265 
244 203 273 272 77 
245 203 274 122 272 
246 203 123 274 273 
247 203 272 273 274 
248 203 3 122 29 
249 203 274 123 30 
250 203 29 274 30 
251 203 122 274 29 
252 203 276 275 78 
253 203 277 124 275 
254 203 125 277 276 
255 203 275 276 277 
256 203 32 277 33 
257 203 125 33 277 
258 203 124 277 32 
259 203 31 124 32 
260 203 30 123 31 
261 203 279 275 124 
262 203 278 31 123 
263 203 278 124 31 
264 203 271 78 275 
265 203 121 271 279 
266 203 275 279 271 
267 203 273 280 123 
268 203 268 121 280 
269 203 77 268 273 
270 203 280 273 268 
271 203 279 280 121 
272 203 278 123 280 
273 203 124 278 279 
274 203 280 279 278 
275 203 282 281 74 
276 203 283 126 281 
277 203 127 283 282 
278 203 281 282 283 
279 203 285 284 126 
280 203 286 76 284 
281 203 128 286 285 
282 203 284 285 286 
283 203 288 287 127 
284 203 289 128 287 
285 203 288 67 289 
286 203 287 288 289 
287 203 285 287 128 
288 203 283 127 287 
289 203 126 283 285 
290 203 287 285 283 
291 203 291 290 76 
292 203 292 129 290 
293 203 130 292 291 
294 203 290 291 292 
295 203 36 35 292 
296 203 130 294 36 
297 203 292 130 36 
298 203 129 292 35 
299 203 34 129 35 
300 203 37 131 4 
301 203 293 289 68 
302 203 131 293 4 
303 203 293 68 4 
304 203 294 131 37 
305 203 36 294 37 
306 203 295 293 131 
307 203 128 289 295 
308 203 293 295 289 
309 203 291 296 130 
310 203 286 128 296 
311 203 76 286 291 
312 203 296 291 286 
313 203 295 296 128 
314 203 294 130 296 
315 203 131 294 295 
316 203 296 295 294 
317 203 33 125 297 
318 203 297 129 34 
319 203 297 34 33 
320 203 298 290 129 
321 203 299 76 290 
322 203 132 299 298 
323 203 290 298 299 
324 203 276 300 125 
325 203 301 132 300 
326 203 78 301 276 
327 203 300 276 301 
328 203 298 300 132 
329 203 297 125 300 
330 203 129 297 298 
331 203 300 298 297 
332 203 302 284 76 
333 203 303 126 284 
334 203 133 303 302 
335 203 284 302 303 
336 203 304 281 126 
337 203 259 74 281 
338 203 118 259 304 
339 203 281 304 259 
340 203 306 305 133 
341 203 256 118 305 
342 203 87 256 306 
343 203 305 306 256 
344 203 304 305 118 
345 203 303 133 305 
346 203 126 303 304 
347 203 305 304 303 
348 203 270 307 78 
349 203 308 134 307 
350 203 120 308 270 
351 203 307 270 308 
352 203 310 309 134 
353 203 250 87 309 
354 203 115 250 310 
355 203 309 310 250 
356 203 264 311 120 
357 203 247 115 311 
358 203 75 247 264 
359 203 311 264 247 
360 203 310 311 115 
361 203 308 120 311 
362 203 134 308 310 
363 203 311 310 308 
364 203 306 309 87 
365 203 312 134 309 
366 203 133 312 306 
367 203 309 306 312 
368 203 313 307 134 
369 203 301 78 307 
370 203 132 301 313 
371 203 307 313 301 
372 203 302 314 133 
373 203 299 132 314 
374 203 76 299 302 
375 203 314 302 299 
376 203 313 314 132 
377 203 312 133 314 
378 203 134 312 313 
379 203 314 313 312 
380 203 68 289 67 
381 203 127 66 288 
382 203 66 127 282 
383 203 74 315 282 
384 203 282 65 66 
385 203 315 65 282 
386 203 67 288 66 
387 203 258 316 74 
388 203 64 316 317 
389 203 117 317 258 
390 203 316 258 317 
391 203 317 63 64 
392 203 62 63 318 
393 203 252 319 117 
394 203 320 135 319 
395 203 86 320 252 
396 203 319 252 320 
397 203 318 319 135 
398 203 317 117 319 
399 203 318 63 317 
400 203 319 318 317 
401 203 240 321 86 
402 203 322 136 321 
403 203 111 322 240 
404 203 321 240 322 
405 203 323 60 136 
406 203 323 109 60 
407 203 234 324 111 
408 203 61 136 60 
409 203 232 109 324 
410 203 71 232 234 
411 203 324 234 232 
412 203 323 324 109 
413 203 322 111 324 
414 203 136 322 323 
415 203 324 323 322 
416 203 325 321 136 
417 203 320 86 321 
418 203 135 320 325 
419 203 321 325 320 
420 203 318 135 62 
421 203 135 325 62 
422 203 62 325 61 
423 203 325 136 61 
424 203 315 74 316 
425 203 315 316 64 
426 203 64 65 315 
427 203 326 122 3 
428 203 326 272 122 
429 203 3 28 326 
430 203 327 77 272 
431 203 137 327 326 
432 203 272 326 327 
433 203 27 137 28 
434 203 137 326 28 
435 203 328 266 77 
436 203 329 119 266 
437 203 138 329 328 
438 203 266 328 329 
439 203 330 263 119 
440 203 331 75 263 
441 203 139 331 330 
442 203 263 330 331 
443 203 333 332 138 
444 203 334 139 332 
445 203 80 334 333 
446 203 332 333 334 
447 203 330 332 139 
448 203 329 138 332 
449 203 119 329 330 
450 203 332 330 329 
451 203 25 335 26 
452 203 335 25 80 
453 203 389 336 24 
454 203 24 152 389 
455 203 336 80 25 
456 203 333 335 80 
457 203 138 337 333 
458 203 335 337 26 
459 203 335 333 337 
460 203 328 338 138 
461 203 327 137 338 
462 203 77 327 328 
463 203 338 328 327 
464 203 337 138 338 
465 203 337 338 27 
466 203 338 137 27 
467 203 27 26 337 
468 203 339 245 75 
469 203 340 113 245 
470 203 140 340 339 
471 203 245 339 340 
472 203 341 242 113 
473 203 342 85 242 
474 203 141 342 341 
475 203 242 341 342 
476 203 344 343 140 
477 203 345 141 343 
478 203 88 345 344 
479 203 343 344 345 
480 203 341 343 141 
481 203 340 140 343 
482 203 113 340 341 
483 203 343 341 340 
484 203 346 236 85 
485 203 347 110 236 
486 203 142 347 346 
487 203 236 346 347 
488 203 348 233 110 
489 203 349 71 233 
490 203 143 349 348 
491 203 233 348 349 
492 203 351 350 142 
493 203 352 143 350 
494 203 89 352 351 
495 203 350 351 352 
496 203 348 350 143 
497 203 347 142 350 
498 203 110 347 348 
499 203 350 348 347 
500 203 354 353 88 
501 203 355 144 353 
502 203 145 355 354 
503 203 353 354 355 
504 203 357 356 144 
505 203 358 89 356 
506 203 146 358 357 
507 203 356 357 358 
508 203 360 359 145 
509 203 361 146 359 
510 203 79 361 360 
511 203 359 360 361 
512 203 357 359 146 
513 203 355 145 359 
514 203 144 355 357 
515 203 359 357 355 
516 203 351 356 89 
517 203 362 144 356 
518 203 142 362 351 
519 203 356 351 362 
520 203 363 353 144 
521 203 345 88 353 
522 203 141 345 363 
523 203 353 363 345 
524 203 346 364 142 
525 203 342 141 364 
526 203 85 342 346 
527 203 364 346 342 
528 203 363 364 141 
529 203 362 142 364 
530 203 144 362 363 
531 203 364 363 362 
532 203 366 81 365 
533 203 21 381 366 
534 203 366 365 22 
535 203 368 367 81 
536 203 369 147 367 
537 203 148 369 368 
538 203 367 368 369 
539 203 371 370 147 
540 203 372 79 370 
541 203 149 372 371 
542 203 370 371 372 
543 203 374 373 148 
544 203 375 149 373 
545 203 82 375 374 
546 203 373 374 375 
547 203 371 373 149 
548 203 369 148 373 
549 203 147 369 371 
550 203 373 371 369 
551 203 19 377 20 
552 203 376 380 20 
553 203 378 82 376 
554 203 150 378 377 
555 203 376 377 378 
556 203 19 18 379 
557 203 415 18 17 
558 203 377 19 150 
559 203 380 21 20 
560 203 374 376 82 
561 203 379 150 19 
562 203 20 377 376 
563 203 148 380 374 
564 203 376 374 380 
565 203 368 381 148 
566 203 366 22 21 
567 203 81 366 368 
568 203 381 368 366 
569 203 380 148 381 
570 203 381 21 380 
571 203 360 370 79 
572 203 382 147 370 
573 203 145 382 360 
574 203 370 360 382 
575 203 383 367 147 
576 203 384 81 367 
577 203 151 384 383 
578 203 367 383 384 
579 203 354 385 145 
580 203 386 151 385 
581 203 88 386 354 
582 203 385 354 386 
583 203 383 385 151 
584 203 382 145 385 
585 203 147 382 383 
586 203 385 383 382 
587 203 387 365 81 
588 203 152 388 387 
589 203 22 365 23 
590 203 365 387 23 
591 203 388 23 387 
592 203 80 336 389 
593 203 336 25 24 
594 203 344 390 88 
595 203 23 388 24 
596 203 388 152 24 
597 203 391 153 390 
598 203 140 391 344 
599 203 390 344 391 
600 203 393 392 153 
601 203 334 80 392 
602 203 139 334 393 
603 203 392 393 334 
604 203 339 394 140 
605 203 331 139 394 
606 203 75 331 339 
607 203 394 339 331 
608 203 393 394 139 
609 203 391 140 394 
610 203 153 391 393 
611 203 394 393 391 
612 203 389 392 80 
613 203 395 153 392 
614 203 152 395 389 
615 203 392 389 395 
616 203 396 390 153 
617 203 386 88 390 
618 203 151 386 396 
619 203 390 396 386 
620 203 387 397 152 
621 203 384 151 397 
622 203 81 384 387 
623 203 397 387 384 
624 203 396 397 151 
625 203 395 152 397 
626 203 153 395 396 
627 203 397 396 395 
628 203 398 230 71 
629 203 399 108 230 
630 203 154 399 398 
631 203 230 398 399 
632 203 108 400 57 
633 203 155 56 57 
634 203 402 401 154 
635 203 57 58 108 
636 203 403 155 401 
637 203 90 403 402 
638 203 401 402 403 
639 203 400 401 155 
640 203 399 154 401 
641 203 108 399 400 
642 203 401 400 399 
643 203 405 404 90 
644 203 406 156 404 
645 203 157 406 405 
646 203 404 405 406 
647 203 407 54 156 
648 203 409 408 157 
649 203 55 156 54 
650 203 410 53 408 
651 203 73 410 409 
652 203 408 409 410 
653 203 53 54 407 
654 203 406 157 408 
655 203 156 406 407 
656 203 408 407 406 
657 203 411 404 156 
658 203 403 90 404 
659 203 155 403 411 
660 203 404 411 403 
661 203 57 400 155 
662 203 155 411 56 
663 203 56 411 55 
664 203 411 156 55 
665 203 413 412 73 
666 203 413 158 51 
667 203 51 52 412 
668 203 51 158 50 
669 203 414 50 158 
670 203 51 412 413 
671 203 410 73 412 
672 203 52 53 410 
673 203 410 412 52 
674 203 407 408 53 
675 203 415 379 18 
676 203 416 159 415 
677 203 107 416 225 
678 203 415 225 416 
679 203 418 417 159 
680 203 419 91 417 
681 203 160 419 418 
682 203 417 418 419 
683 203 222 420 107 
684 203 421 160 420 
685 203 83 421 222 
686 203 420 222 421 
687 203 418 420 160 
688 203 416 107 420 
689 203 159 416 418 
690 203 420 418 416 
691 203 423 422 91 
692 203 424 161 422 
693 203 162 424 423 
694 203 422 423 424 
695 203 426 425 161 
696 203 427 72 425 
697 203 163 427 426 
698 203 425 426 427 
699 203 429 428 162 
700 203 430 163 428 
701 203 92 430 429 
702 203 428 429 430 
703 203 426 428 163 
704 203 424 162 428 
705 203 161 424 426 
706 203 428 426 424 
707 203 218 431 83 
708 203 432 164 431 
709 203 103 432 218 
710 203 431 218 432 
711 203 434 433 164 
712 203 435 92 433 
713 203 165 435 434 
714 203 433 434 435 
715 203 212 436 103 
716 203 437 165 436 
717 203 69 437 212 
718 203 436 212 437 
719 203 434 436 165 
720 203 432 103 436 
721 203 164 432 434 
722 203 436 434 432 
723 203 429 433 92 
724 203 438 164 433 
725 203 162 438 429 
726 203 433 429 438 
727 203 439 431 164 
728 203 421 83 431 
729 203 160 421 439 
730 203 431 439 421 
731 203 423 440 162 
732 203 419 160 440 
733 203 91 419 423 
734 203 440 423 419 
735 203 439 440 160 
736 203 438 162 440 
737 203 164 438 439 
738 203 440 439 438 
739 203 442 441 72 
740 203 443 166 441 
741 203 167 443 442 
742 203 441 442 443 
743 203 445 444 166 
744 203 446 93 444 
745 203 168 446 445 
746 203 444 445 446 
747 203 448 447 167 
748 203 449 168 447 
749 203 94 449 448 
750 203 447 448 449 
751 203 445 447 168 
752 203 443 167 447 
753 203 166 443 445 
754 203 447 445 443 
755 203 451 450 93 
756 203 452 46 47 
757 203 169 452 451 
758 203 450 451 452 
759 203 453 45 169 
760 203 46 169 45 
761 203 47 450 452 
762 203 455 454 94 
763 203 452 169 46 
764 203 456 170 454 
765 203 171 456 455 
766 203 454 455 456 
767 203 458 457 170 
768 203 100 43 458 
769 203 453 457 44 
770 203 457 458 44 
771 203 460 459 171 
772 203 206 100 459 
773 203 70 206 460 
774 203 459 460 206 
775 203 458 459 100 
776 203 456 171 459 
777 203 170 456 458 
778 203 459 458 456 
779 203 44 45 453 
780 203 461 170 457 
781 203 169 461 453 
782 203 457 453 461 
783 203 462 454 170 
784 203 449 94 454 
785 203 168 449 462 
786 203 454 462 449 
787 203 451 463 169 
788 203 446 168 463 
789 203 93 446 451 
790 203 463 451 446 
791 203 462 463 168 
792 203 461 169 463 
793 203 170 461 462 
794 203 463 462 461 
795 203 209 464 69 
796 203 465 172 464 
797 203 101 465 209 
798 203 464 209 465 
799 203 467 466 172 
800 203 468 95 466 
801 203 173 468 467 
802 203 466 467 468 
803 203 207 469 101 
804 203 470 173 469 
805 203 207 8 470 
806 203 469 207 470 
807 203 467 469 173 
808 203 465 101 469 
809 203 172 465 467 
810 203 469 467 465 
811 203 472 471 95 
812 203 473 174 471 
813 203 175 473 472 
814 203 471 472 473 
815 203 475 474 174 
816 203 205 70 474 
817 203 99 205 475 
818 203 474 475 205 
819 203 477 476 175 
820 203 203 99 476 
821 203 84 203 477 
822 203 476 477 203 
823 203 475 476 99 
824 203 473 175 476 
825 203 174 473 475 
826 203 476 475 473 
827 203 478 7 6 
828 203 478 470 7 
829 203 6 176 478 
830 203 480 479 176 
831 203 200 84 479 
832 203 479 480 200 
833 203 1 198 5 
834 203 200 480 5 
835 203 477 479 84 
836 203 5 480 6 
837 203 480 176 6 
838 203 481 176 479 
839 203 175 481 477 
840 203 479 477 481 
841 203 482 478 176 
842 203 173 470 482 
843 203 478 482 470 
844 203 472 483 175 
845 203 468 173 483 
846 203 95 468 472 
847 203 483 472 468 
848 203 482 483 173 
849 203 481 175 483 
850 203 176 481 482 
851 203 483 482 481 
852 203 460 474 70 
853 203 484 174 474 
854 203 171 484 460 
855 203 474 460 484 
856 203 485 471 174 
857 203 486 95 471 
858 203 177 486 485 
859 203 471 485 486 
860 203 455 487 171 
861 203 488 177 487 
862 203 94 488 455 
863 203 487 455 488 
864 203 485 487 177 
865 203 484 171 487 
866 203 174 484 485 
867 203 487 485 484 
868 203 489 466 95 
869 203 490 172 466 
870 203 178 490 489 
871 203 466 489 490 
872 203 491 464 172 
873 203 437 69 464 
874 203 165 437 491 
875 203 464 491 437 
876 203 493 492 178 
877 203 435 165 492 
878 203 92 435 493 
879 203 492 493 435 
880 203 491 492 165 
881 203 490 178 492 
882 203 172 490 491 
883 203 492 491 490 
884 203 448 494 94 
885 203 495 179 494 
886 203 167 495 448 
887 203 494 448 495 
888 203 497 496 179 
889 203 430 92 496 
890 203 163 430 497 
891 203 496 497 430 
892 203 442 498 167 
893 203 427 163 498 
894 203 72 427 442 
895 203 498 442 427 
896 203 497 498 163 
897 203 495 167 498 
898 203 179 495 497 
899 203 498 497 495 
900 203 493 496 92 
901 203 499 179 496 
902 203 178 499 493 
903 203 496 493 499 
904 203 500 494 179 
905 203 488 94 494 
906 203 177 488 500 
907 203 494 500 488 
908 203 489 501 178 
909 203 486 177 501 
910 203 95 486 489 
911 203 501 489 486 
912 203 500 501 177 
913 203 499 178 501 
914 203 179 499 500 
915 203 501 500 499 
916 203 503 93 450 
917 203 180 503 502 
918 203 450 502 503 
919 203 48 49 504 
920 203 414 512 49 
921 203 502 48 180 
922 203 505 444 93 
923 203 48 502 47 
924 203 502 450 47 
925 203 504 180 48 
926 203 506 166 444 
927 203 181 506 505 
928 203 444 505 506 
929 203 507 441 166 
930 203 508 72 441 
931 203 182 508 507 
932 203 441 507 508 
933 203 510 509 181 
934 203 511 182 509 
935 203 96 511 510 
936 203 509 510 511 
937 203 507 509 182 
938 203 506 181 509 
939 203 166 506 507 
940 203 509 507 506 
941 203 49 50 414 
942 203 513 183 512 
943 203 158 513 414 
944 203 512 414 513 
945 203 515 514 183 
946 203 516 96 514 
947 203 184 516 515 
948 203 514 515 516 
949 203 413 517 158 
950 203 518 184 517 
951 203 73 518 413 
952 203 517 413 518 
953 203 515 517 184 
954 203 513 158 517 
955 203 183 513 515 
956 203 517 515 513 
957 203 510 514 96 
958 203 519 183 514 
959 203 181 519 510 
960 203 514 510 519 
961 203 520 512 183 
962 203 504 49 512 
963 203 180 504 520 
964 203 512 520 504 
965 203 505 521 181 
966 203 503 180 521 
967 203 93 503 505 
968 203 521 505 503 
969 203 520 521 180 
970 203 519 181 521 
971 203 183 519 520 
972 203 521 520 519 
973 203 522 425 72 
974 203 523 161 425 
975 203 185 523 522 
976 203 425 522 523 
977 203 524 422 161 
978 203 525 91 422 
979 203 186 525 524 
980 203 422 524 525 
981 203 527 526 185 
982 203 528 186 526 
983 203 97 528 527 
984 203 526 527 528 
985 203 524 526 186 
986 203 523 185 526 
987 203 161 523 524 
988 203 526 524 523 
989 203 529 417 91 
990 203 530 159 417 
991 203 187 530 529 
992 203 417 529 530 
993 203 531 415 159 
994 203 17 225 415 
995 203 150 379 531 
996 203 415 531 379 
997 203 533 532 187 
998 203 378 150 532 
999 203 82 378 533 
1000 203 532 533 378 
1001 203 531 532 150 
1002 203 530 187 532 
1003 203 159 530 531 
1004 203 532 531 530 
1005 203 535 534 97 
1006 203 536 188 534 
1007 203 189 536 535 
1008 203 534 535 536 
1009 203 538 537 188 
1010 203 375 82 537 
1011 203 149 375 538 
1012 203 537 538 375 
1013 203 540 539 189 
1014 203 372 149 539 
1015 203 79 372 540 
1016 203 539 540 372 
1017 203 538 539 149 
1018 203 536 189 539 
1019 203 188 536 538 
1020 203 539 538 536 
1021 203 533 537 82 
1022 203 541 188 537 
1023 203 187 541 533 
1024 203 537 533 541 
1025 203 542 534 188 
1026 203 528 97 534 
1027 203 186 528 542 
1028 203 534 542 528 
1029 203 529 543 187 
1030 203 525 186 543 
1031 203 91 525 529 
1032 203 543 529 525 
1033 203 542 543 186 
1034 203 541 187 543 
1035 203 188 541 542 
1036 203 543 542 541 
1037 203 409 544 73 
1038 203 545 190 544 
1039 203 157 545 409 
1040 203 544 409 545 
1041 203 547 546 190 
1042 203 548 98 546 
1043 203 191 548 547 
1044 203 546 547 548 
1045 203 405 549 157 
1046 203 550 191 549 
1047 203 90 550 405 
1048 203 549 405 550 
1049 203 547 549 191 
1050 203 545 157 549 
1051 203 190 545 547 
1052 203 549 547 545 
1053 203 552 551 98 
1054 203 553 192 551 
1055 203 193 553 552 
1056 203 551 552 553 
1057 203 555 554 192 
1058 203 361 79 554 
1059 203 146 361 555 
1060 203 554 555 361 
1061 203 557 556 193 
1062 203 358 146 556 
1063 203 89 358 557 
1064 203 556 557 358 
1065 203 555 556 146 
1066 203 553 193 556 
1067 203 192 553 555 
1068 203 556 555 553 
1069 203 402 558 90 
1070 203 559 194 558 
1071 203 154 559 402 
1072 203 558 402 559 
1073 203 561 560 194 
1074 203 352 89 560 
1075 203 143 352 561 
1076 203 560 561 352 
1077 203 398 562 154 
1078 203 349 143 562 
1079 203 71 349 398 
1080 203 562 398 349 
1081 203 561 562 143 
1082 203 559 154 562 
1083 203 194 559 561 
1084 203 562 561 559 
1085 203 557 560 89 
1086 203 563 194 560 
1087 203 193 563 557 
1088 203 560 557 563 
1089 203 564 558 194 
1090 203 550 90 558 
1091 203 191 550 564 
1092 203 558 564 550 
1093 203 552 565 193 
1094 203 548 191 565 
1095 203 98 548 552 
1096 203 565 552 548 
1097 203 564 565 191 
1098 203 563 193 565 
1099 203 194 563 564 
1100 203 565 564 563 
1101 203 540 554 79 
1102 203 566 192 554 
1103 203 189 566 540 
1104 203 554 540 566 
1105 203 567 551 192 
1106 203 568 98 551 
1107 203 195 568 567 
1108 203 551 567 568 
1109 203 535 569 189 
1110 203 570 195 569 
1111 203 97 570 535 
1112 203 569 535 570 
1113 203 567 569 195 
1114 203 566 189 569 
1115 203 192 566 567 
1116 203 569 567 566 
1117 203 571 546 98 
1118 203 572 190 546 
1119 203 196 572 571 
1120 203 546 571 572 
1121 203 573 544 190 
1122 203 518 73 544 
1123 203 184 518 573 
1124 203 544 573 518 
1125 203 575 574 196 
1126 203 516 184 574 
1127 203 96 516 575 
1128 203 574 575 516 
1129 203 573 574 184 
1130 203 572 196 574 
1131 203 190 572 573 
1132 203 574 573 572 
1133 203 527 576 97 
1134 203 577 197 576 
1135 203 185 577 527 
1136 203 576 527 577 
1137 203 579 578 197 
1138 203 511 96 578 
1139 203 182 511 579 
1140 203 578 579 511 
1141 203 522 580 185 
1142 203 508 182 580 
1143 203 72 508 522 
1144 203 580 522 508 
1145 203 579 580 182 
1146 203 577 185 580 
1147 203 197 577 579 
1148 203 580 579 577 
1149 203 575 578 96 
1150 203 581 197 578 
1151 203 196 581 575 
1152 203 578 575 581 
1153 203 582 576 197 
1154 203 570 97 576 
1155 203 195 570 582 
1156 203 576 582 570 
1157 203 571 583 196 
1158 203 568 195 583 
1159 203 98 568 571 
1160 203 583 571 568 
1161 203 582 583 195 
1162 203 581 196 583 
1163 203 197 581 582 
1164 203 583 582 581 
