47 200
1 2.000000e+00 0.000000e+00 0.000000e+00
2 6.123032e-17 2.220446e-16 2.000000e+00
3 6.123032e-17 2.000000e+00 0.000000e+00
4 5.816880e-17 2.109424e-16 1.900000e+00
5 5.816880e-17 1.900000e+00 0.000000e+00
6 1.900000e+00 0.000000e+00 0.000000e+00
7 2.000000e+00 0.000000e+00 0.000000e+00
8 2.000000e+00 0.000000e+00 0.000000e+00
9 2.000000e+00 0.000000e+00 0.000000e+00
10 1.414214e+00 1.570092e-16 1.414214e+00
11 6.123032e-17 1.414214e+00 1.414214e+00
12 1.414214e+00 1.414214e+00 0.000000e+00
13 5.816880e-17 1.343503e+00 1.343503e+00
14 1.343503e+00 1.343503e+00 0.000000e+00
15 1.343503e+00 1.491588e-16 1.343503e+00
16 1.900000e+00 0.000000e+00 0.000000e+00
17 1.900000e+00 0.000000e+00 0.000000e+00
18 1.900000e+00 0.000000e+00 0.000000e+00
19 6.986723e-01 1.337383e+00 1.312731e+00
20 1.246284e+00 1.331119e+00 8.215214e-01
21 1.236460e+00 8.489810e-01 1.323026e+00
22 1.569708e+00 8.777661e-01 8.749528e-01
23 6.692265e-01 7.738798e-01 1.718501e+00
24 1.834741e+00 6.982587e-01 3.823105e-01
25 6.713134e-01 1.724304e+00 7.590207e-01
26 1.831041e+00 3.793061e-01 7.095175e-01
27 6.637385e-01 1.270514e+00 1.247094e+00
28 1.183970e+00 1.264563e+00 7.804454e-01
29 1.174637e+00 8.065320e-01 1.256875e+00
30 1.491223e+00 8.338779e-01 8.312052e-01
31 6.357651e-01 7.351858e-01 1.632576e+00
32 1.743004e+00 6.633458e-01 3.631950e-01
33 6.377477e-01 1.638089e+00 7.210697e-01
34 1.739489e+00 3.603408e-01 6.740416e-01
35 4.287413e-01 1.775838e+00 4.810348e-01
36 1.799898e+00 6.350316e-01 3.166513e-01
37 4.255659e-01 4.878347e-01 1.772885e+00
38 9.924738e-01 1.528140e+00 5.094559e-01
39 1.780734e+00 3.124012e-01 6.793571e-01
40 4.374387e-01 1.051781e+00 1.529162e+00
41 1.519732e+00 1.066389e+00 3.921272e-01
42 9.827887e-01 5.204072e-01 1.528287e+00
43 3.885100e-01 1.332623e+00 1.324125e+00
44 1.496736e+00 4.117375e-01 1.079855e+00
45 4.435065e-01 1.531234e+00 1.045587e+00
46 1.295060e+00 1.330513e+00 4.270605e-01
47 1.285629e+00 4.414630e-01 1.330276e+00
1 102 1 7 
2 102 7 8 
3 102 8 9 
4 102 9 1 
5 102 1 10 
6 102 10 2 
7 102 3 11 
8 102 11 2 
9 102 1 12 
10 102 12 3 
11 102 4 2 
12 102 5 13 
13 102 13 4 
14 102 5 3 
15 102 6 14 
16 102 14 5 
17 102 6 1 
18 102 6 15 
19 102 15 4 
20 102 6 16 
21 102 16 17 
22 102 17 18 
23 102 18 6 
24 203 19 11 23 
25 203 3 11 25 
26 203 22 26 24 
27 203 20 12 25 
28 203 2 10 23 
29 203 19 23 21 
30 203 21 22 20 
31 203 12 20 24 
32 203 22 24 20 
33 203 21 23 10 
34 203 12 24 1 
35 203 10 1 26 
36 203 10 26 21 
37 203 20 25 19 
38 203 19 25 11 
39 203 22 21 26 
40 203 20 19 21 
41 203 3 25 12 
42 203 2 23 11 
43 203 1 24 26 
44 203 4 2 11 
45 203 11 3 5 
46 203 13 11 5 
47 203 11 13 4 
48 203 12 6 14 
49 203 12 5 3 
50 203 6 12 1 
51 203 5 12 14 
52 203 10 15 6 
53 203 10 2 4 
54 203 6 1 10 
55 203 4 15 10 
56 203 27 31 13 
57 203 5 33 13 
58 203 30 32 34 
59 203 28 33 14 
60 203 4 31 15 
61 203 15 34 6 
62 203 30 28 32 
63 203 29 15 31 
64 203 27 29 31 
65 203 14 6 32 
66 203 6 34 32 
67 203 14 32 28 
68 203 15 29 34 
69 203 29 28 30 
70 203 27 13 33 
71 203 30 34 29 
72 203 28 29 27 
73 203 5 14 33 
74 203 28 27 33 
75 203 4 13 31 
76 304 12 35 25 38 
77 304 24 28 22 32 
78 304 24 22 34 32 
79 304 27 25 33 28 
80 304 27 20 25 28 
81 304 28 22 30 29 
82 304 11 25 35 45 
83 304 28 21 29 27 
84 304 22 34 32 30 
85 304 33 25 38 28 
86 304 12 24 36 41 
87 304 10 1 26 39 
88 304 24 20 41 12 
89 304 12 35 3 25 
90 304 26 29 34 22 
91 304 28 21 27 20 
92 304 27 21 29 23 
93 304 37 10 23 42 
94 304 27 21 23 19 
95 304 19 40 23 27 
96 304 12 1 36 24 
97 304 27 45 19 43 
98 304 35 25 11 3 
99 304 28 21 20 22 
100 304 40 23 37 11 
101 304 11 23 37 2 
102 304 21 42 23 10 
103 304 1 24 26 36 
104 304 34 22 24 26 
105 304 29 44 47 21 
106 304 25 33 38 35 
107 304 22 29 34 30 
108 304 34 44 26 39 
109 304 44 10 26 39 
110 304 28 41 20 46 
111 304 27 23 29 31 
112 304 19 43 45 11 
113 304 45 19 11 25 
114 304 37 31 42 23 
115 304 40 23 27 31 
116 304 24 34 26 36 
117 304 26 29 22 21 
118 304 19 40 11 23 
119 304 25 20 38 28 
120 304 13 35 45 11 
121 304 37 10 2 23 
122 304 31 29 42 23 
123 304 24 28 32 41 
124 304 23 42 21 29 
125 304 32 34 24 36 
126 304 27 20 19 25 
127 304 28 22 32 30 
128 304 24 28 41 20 
129 304 27 21 19 20 
130 304 40 23 31 37 
131 304 26 21 10 44 
132 304 24 32 36 41 
133 304 28 21 22 29 
134 304 38 20 25 12 
135 304 26 29 21 44 
136 304 12 5 35 14 
137 304 13 35 11 5 
138 304 12 5 3 35 
139 304 5 35 11 3 
140 304 35 33 14 5 
141 304 12 36 6 14 
142 304 12 1 6 36 
143 304 1 36 26 39 
144 304 36 34 26 39 
145 304 32 34 36 6 
146 304 36 32 6 14 
147 304 4 10 37 15 
148 304 13 37 4 11 
149 304 11 37 4 2 
150 304 4 31 15 37 
151 304 4 10 2 37 
152 304 13 37 31 4 
153 304 12 35 38 14 
154 304 33 38 14 28 
155 304 38 33 14 35 
156 304 38 20 46 28 
157 304 46 20 38 12 
158 304 10 1 39 6 
159 304 34 15 39 6 
160 304 15 10 39 6 
161 304 1 36 39 6 
162 304 36 34 39 6 
163 304 19 43 40 27 
164 304 13 40 37 11 
165 304 13 40 27 31 
166 304 19 43 11 40 
167 304 13 40 31 37 
168 304 12 41 36 14 
169 304 41 20 46 12 
170 304 28 41 46 14 
171 304 41 32 36 14 
172 304 37 10 42 15 
173 304 21 47 42 10 
174 304 37 31 15 42 
175 304 31 29 15 42 
176 304 42 47 21 29 
177 304 27 45 43 13 
178 304 43 13 45 11 
179 304 43 13 40 27 
180 304 43 13 11 40 
181 304 34 15 44 39 
182 304 15 10 44 39 
183 304 26 29 44 34 
184 304 44 21 10 47 
185 304 45 25 35 33 
186 304 27 45 13 33 
187 304 27 25 19 45 
188 304 13 35 5 33 
189 304 13 35 33 45 
190 304 27 25 45 33 
191 304 28 41 14 32 
192 304 38 46 14 28 
193 304 14 46 38 12 
194 304 41 46 14 12 
195 304 24 28 20 22 
196 304 29 44 34 15 
197 304 47 15 42 10 
198 304 42 15 47 29 
199 304 29 44 15 47 
200 304 44 47 10 15 
