63 301
1 0.000000e+00 0.000000e+00 2.000000e+00
2 0.000000e+00 0.000000e+00 0.000000e+00
3 0.000000e+00 2.000000e+00 2.000000e+00
4 0.000000e+00 2.000000e+00 0.000000e+00
5 2.000000e+00 0.000000e+00 2.000000e+00
6 2.000000e+00 0.000000e+00 0.000000e+00
7 2.000000e+00 2.000000e+00 2.000000e+00
8 2.000000e+00 2.000000e+00 0.000000e+00
9 0.000000e+00 0.000000e+00 1.000000e+00
10 0.000000e+00 1.000000e+00 2.000000e+00
11 0.000000e+00 2.000000e+00 1.000000e+00
12 0.000000e+00 1.000000e+00 0.000000e+00
13 2.000000e+00 0.000000e+00 1.000000e+00
14 2.000000e+00 1.000000e+00 2.000000e+00
15 2.000000e+00 2.000000e+00 1.000000e+00
16 2.000000e+00 1.000000e+00 0.000000e+00
17 1.000000e+00 0.000000e+00 0.000000e+00
18 1.000000e+00 0.000000e+00 2.000000e+00
19 1.000000e+00 2.000000e+00 0.000000e+00
20 1.000000e+00 2.000000e+00 2.000000e+00
21 0.000000e+00 1.389324e+00 4.897753e-01
22 0.000000e+00 1.389065e+00 1.510059e+00
23 0.000000e+00 1.241011e+00 9.998477e-01
24 0.000000e+00 7.120048e-01 6.313662e-01
25 0.000000e+00 7.129187e-01 1.370528e+00
26 2.000000e+00 1.389324e+00 4.897753e-01
27 2.000000e+00 1.389065e+00 1.510059e+00
28 2.000000e+00 1.241011e+00 9.998477e-01
29 2.000000e+00 7.120048e-01 6.313662e-01
30 2.000000e+00 7.129187e-01 1.370528e+00
31 6.106757e-01 0.000000e+00 4.897753e-01
32 6.109354e-01 0.000000e+00 1.510059e+00
33 7.589885e-01 0.000000e+00 9.998477e-01
34 1.287995e+00 0.000000e+00 6.313662e-01
35 1.287081e+00 0.000000e+00 1.370528e+00
36 6.106757e-01 2.000000e+00 4.897753e-01
37 6.109354e-01 2.000000e+00 1.510059e+00
38 7.589885e-01 2.000000e+00 9.998477e-01
39 1.287995e+00 2.000000e+00 6.313662e-01
40 1.287081e+00 2.000000e+00 1.370528e+00
41 4.897753e-01 6.106757e-01 0.000000e+00
42 1.510059e+00 6.109354e-01 0.000000e+00
43 9.998477e-01 7.589885e-01 0.000000e+00
44 6.313662e-01 1.287995e+00 0.000000e+00
45 1.370528e+00 1.287081e+00 0.000000e+00
46 4.897753e-01 6.106757e-01 2.000000e+00
47 1.510059e+00 6.109354e-01 2.000000e+00
48 9.998477e-01 7.589885e-01 2.000000e+00
49 6.313662e-01 1.287995e+00 2.000000e+00
50 1.370528e+00 1.287081e+00 2.000000e+00
51 7.473999e-01 1.406123e+00 6.297278e-01
52 1.531550e+00 1.425225e+00 5.032398e-01
53 7.281341e-01 1.515654e+00 1.425062e+00
54 6.979295e-01 6.327708e-01 1.381848e+00
55 1.457113e+00 6.584518e-01 1.155252e+00
56 1.305648e+00 1.321788e+00 1.159748e+00
57 1.368853e+00 7.216536e-01 5.614333e-01
58 6.100200e-01 5.314669e-01 6.449744e-01
59 1.551682e+00 3.855152e-01 1.605477e+00
60 1.554685e+00 1.597408e+00 1.625560e+00
61 3.835784e-01 9.942845e-01 3.769041e-01
62 3.535948e-01 1.165777e+00 1.613422e+00
63 1.601509e+00 9.897473e-01 1.566690e+00
1 102 2 9 
2 102 9 1 
3 102 1 10 
4 102 10 3 
5 102 4 11 
6 102 11 3 
7 102 2 12 
8 102 12 4 
9 102 6 13 
10 102 13 5 
11 102 5 14 
12 102 14 7 
13 102 8 15 
14 102 15 7 
15 102 6 16 
16 102 16 8 
17 102 2 17 
18 102 17 6 
19 102 1 18 
20 102 18 5 
21 102 4 19 
22 102 19 8 
23 102 3 20 
24 102 20 7 
25 203 10 3 22 
26 203 4 12 21 
27 203 21 11 4 
28 203 11 21 23 
29 203 22 11 23 
30 203 11 22 3 
31 203 21 12 24 
32 203 12 2 24 
33 203 24 2 9 
34 203 1 10 25 
35 203 25 10 22 
36 203 23 25 22 
37 203 24 9 25 
38 203 25 9 1 
39 203 21 24 23 
40 203 25 23 24 
41 203 14 27 7 
42 203 8 26 16 
43 203 26 8 15 
44 203 15 28 26 
45 203 27 28 15 
46 203 15 7 27 
47 203 26 29 16 
48 203 16 29 6 
49 203 29 13 6 
50 203 5 30 14 
51 203 30 27 14 
52 203 28 27 30 
53 203 29 30 13 
54 203 30 5 13 
55 203 26 28 29 
56 203 30 29 28 
57 203 18 1 32 
58 203 2 17 31 
59 203 31 9 2 
60 203 9 31 33 
61 203 32 9 33 
62 203 9 32 1 
63 203 31 17 34 
64 203 17 6 34 
65 203 34 6 13 
66 203 5 18 35 
67 203 35 18 32 
68 203 33 35 32 
69 203 34 13 35 
70 203 35 13 5 
71 203 31 34 33 
72 203 35 33 34 
73 203 20 37 3 
74 203 4 36 19 
75 203 36 4 11 
76 203 11 38 36 
77 203 37 38 11 
78 203 11 3 37 
79 203 36 39 19 
80 203 19 39 8 
81 203 39 15 8 
82 203 7 40 20 
83 203 40 37 20 
84 203 38 37 40 
85 203 39 40 15 
86 203 40 7 15 
87 203 36 38 39 
88 203 40 39 38 
89 203 16 6 42 
90 203 2 12 41 
91 203 41 17 2 
92 203 17 41 43 
93 203 42 17 43 
94 203 17 42 6 
95 203 41 12 44 
96 203 12 4 44 
97 203 44 4 19 
98 203 8 16 45 
99 203 45 16 42 
100 203 43 45 42 
101 203 44 19 45 
102 203 45 19 8 
103 203 41 44 43 
104 203 45 43 44 
105 203 14 47 5 
106 203 1 46 10 
107 203 46 1 18 
108 203 18 48 46 
109 203 47 48 18 
110 203 18 5 47 
111 203 46 49 10 
112 203 10 49 3 
113 203 49 20 3 
114 203 7 50 14 
115 203 50 47 14 
116 203 48 47 50 
117 203 49 50 20 
118 203 50 7 20 
119 203 46 48 49 
120 203 50 49 48 
121 304 58 41 61 2 
122 304 41 61 2 12 
123 304 39 36 38 51 
124 304 45 57 51 52 
125 304 61 41 44 12 
126 304 61 43 41 58 
127 304 21 24 61 12 
128 304 53 11 37 3 
129 304 53 23 51 11 
130 304 61 43 58 51 
131 304 1 18 46 54 
132 304 23 62 22 53 
133 304 63 27 14 60 
134 304 29 6 57 13 
135 304 56 15 40 39 
136 304 29 52 28 57 
137 304 18 35 54 32 
138 304 53 20 37 40 
139 304 55 29 28 57 
140 304 59 55 54 35 
141 304 38 53 37 40 
142 304 9 58 2 31 
143 304 55 59 30 13 
144 304 4 36 19 51 
145 304 61 23 51 58 
146 304 49 53 54 48 
147 304 52 16 8 45 
148 304 48 63 56 55 
149 304 23 62 53 54 
150 304 23 62 54 25 
151 304 62 53 54 49 
152 304 14 59 63 47 
153 304 56 38 40 53 
154 304 56 38 53 51 
155 304 20 53 37 3 
156 304 15 56 27 28 
157 304 44 45 43 51 
158 304 57 54 56 55 
159 304 53 56 51 54 
160 304 53 20 50 49 
161 304 50 14 63 47 
162 304 56 54 57 51 
163 304 56 53 40 60 
164 304 46 49 54 48 
165 304 45 44 19 51 
166 304 33 58 31 34 
167 304 60 15 40 56 
168 304 53 38 37 11 
169 304 14 59 47 5 
170 304 48 63 55 59 
171 304 48 63 59 47 
172 304 55 29 57 13 
173 304 63 27 60 56 
174 304 63 60 14 50 
175 304 53 11 3 22 
176 304 53 20 40 60 
177 304 29 55 28 30 
178 304 19 52 8 45 
179 304 50 53 49 48 
180 304 63 28 27 56 
181 304 49 46 54 10 
182 304 17 34 58 57 
183 304 54 1 9 25 
184 304 61 21 12 4 
185 304 1 54 46 10 
186 304 36 51 4 11 
187 304 22 62 10 3 
188 304 60 20 40 7 
189 304 59 5 30 13 
190 304 58 54 33 9 
191 304 33 35 54 34 
192 304 33 58 9 31 
193 304 43 17 57 42 
194 304 45 16 42 57 
195 304 19 52 39 8 
196 304 56 38 51 39 
197 304 55 13 57 34 
198 304 23 62 25 22 
199 304 43 17 58 57 
200 304 5 35 59 18 
201 304 56 39 51 52 
202 304 58 25 23 54 
203 304 52 16 26 8 
204 304 53 23 54 51 
205 304 33 32 54 35 
206 304 52 15 26 28 
207 304 55 59 63 30 
208 304 14 59 5 30 
209 304 17 6 57 42 
210 304 35 55 54 34 
211 304 23 58 54 51 
212 304 53 22 23 11 
213 304 61 43 51 44 
214 304 61 43 44 41 
215 304 49 62 53 3 
216 304 62 54 10 49 
217 304 59 54 55 48 
218 304 62 49 10 3 
219 304 58 25 54 9 
220 304 36 39 19 51 
221 304 63 27 30 14 
222 304 45 52 51 19 
223 304 55 29 13 30 
224 304 62 10 54 25 
225 304 61 23 58 24 
226 304 23 21 51 11 
227 304 52 39 51 19 
228 304 63 56 60 50 
229 304 55 35 13 34 
230 304 55 35 59 13 
231 304 41 58 43 17 
232 304 60 14 7 27 
233 304 9 24 2 58 
234 304 58 25 9 24 
235 304 35 5 59 13 
236 304 50 14 7 60 
237 304 16 29 6 57 
238 304 29 16 26 52 
239 304 6 13 34 57 
240 304 56 15 52 28 
241 304 1 32 18 54 
242 304 32 1 9 54 
243 304 58 31 34 17 
244 304 52 56 28 57 
245 304 51 57 45 43 
246 304 48 63 47 50 
247 304 60 15 56 27 
248 304 5 59 47 18 
249 304 8 15 26 52 
250 304 61 23 24 21 
251 304 18 59 47 48 
252 304 57 58 43 51 
253 304 63 28 56 55 
254 304 16 45 52 57 
255 304 4 61 51 44 
256 304 57 58 54 34 
257 304 45 42 43 57 
258 304 44 61 12 4 
259 304 29 52 26 28 
260 304 1 54 10 25 
261 304 58 33 54 34 
262 304 62 22 10 25 
263 304 55 57 54 34 
264 304 31 58 2 17 
265 304 59 54 18 35 
266 304 58 41 2 17 
267 304 59 18 54 48 
268 304 60 15 27 7 
269 304 60 15 7 40 
270 304 63 28 55 30 
271 304 56 55 54 48 
272 304 56 63 48 50 
273 304 53 56 54 48 
274 304 56 15 39 52 
275 304 58 61 24 2 
276 304 18 46 54 48 
277 304 50 20 60 7 
278 304 56 55 28 57 
279 304 29 16 52 57 
280 304 63 28 30 27 
281 304 17 6 34 57 
282 304 4 21 51 61 
283 304 58 25 24 23 
284 304 61 23 21 51 
285 304 56 38 39 40 
286 304 56 52 51 57 
287 304 33 32 9 54 
288 304 57 58 51 54 
289 304 61 24 2 12 
290 304 56 53 50 48 
291 304 14 59 30 63 
292 304 53 20 60 50 
293 304 44 4 19 51 
294 304 8 15 52 39 
295 304 62 22 53 3 
296 304 20 49 53 3 
297 304 56 53 60 50 
298 304 16 6 42 57 
299 304 4 51 21 11 
300 304 53 51 38 11 
301 304 36 51 11 38 
