17 42
1 1.224647e-16 -2.999520e-32 2.000000e+00
2 1.224647e-16 -2.999520e-32 -2.000000e+00
3 1.224647e-16 -2.999520e-32 2.000000e+00
4 1.224647e-16 -2.999520e-32 2.000000e+00
5 1.224647e-16 -2.999520e-32 2.000000e+00
6 2.000000e+00 -4.898587e-16 -4.898587e-16
7 1.224647e-16 -2.999520e-32 -2.000000e+00
8 1.224647e-16 -2.999520e-32 -2.000000e+00
9 1.224647e-16 -2.999520e-32 -2.000000e+00
10 9.328347e-01 1.769111e+00 8.104858e-03
11 9.440016e-01 -1.762676e+00 -4.282389e-02
12 -1.999610e+00 -1.379045e-02 3.698711e-02
13 -9.626638e-01 -1.347996e+00 -1.120796e+00
14 -1.008751e+00 1.427141e+00 -9.724660e-01
15 -9.770770e-01 1.413902e+00 1.022840e+00
16 -9.101886e-01 -1.474506e+00 9.986937e-01
17 -1.155253e-01 -1.756160e-03 4.125483e-03
1 102 1 3 
2 102 3 4 
3 102 4 5 
4 102 5 1 
5 102 2 6 
6 102 6 1 
7 102 2 7 
8 102 7 8 
9 102 8 9 
10 102 9 2 
11 203 11 6 1 
12 203 10 2 14 
13 203 2 6 11 
14 203 11 1 16 
15 203 12 1 15 
16 203 12 14 2 
17 203 1 10 15 
18 203 10 14 15 
19 203 10 6 2 
20 203 1 6 10 
21 203 11 16 13 
22 203 12 15 14 
23 203 12 2 13 
24 203 2 11 13 
25 203 12 16 1 
26 203 12 13 16 
27 304 10 17 2 14 
28 304 17 6 1 10 
29 304 17 1 16 12 
30 304 1 6 17 11 
31 304 10 17 14 15 
32 304 17 12 15 1 
33 304 17 2 13 11 
34 304 17 13 2 12 
35 304 17 13 16 11 
36 304 17 16 13 12 
37 304 10 17 15 1 
38 304 17 12 2 14 
39 304 17 16 1 11 
40 304 17 12 14 15 
41 304 2 6 17 10 
42 304 17 6 2 11 
