433 2190
1 2.000000e+00 0.000000e+00 0.000000e+00
2 2.220446e-16 0.000000e+00 -2.000000e+00
3 6.123032e-17 2.000000e+00 0.000000e+00
4 6.000000e+00 6.000000e+00 0.000000e+00
5 6.661338e-16 6.000000e+00 -6.000000e+00
6 0.000000e+00 6.000000e+00 0.000000e+00
7 6.000000e+00 0.000000e+00 0.000000e+00
8 6.661338e-16 0.000000e+00 -6.000000e+00
9 1.847759e+00 0.000000e+00 -7.653669e-01
10 1.414214e+00 0.000000e+00 -1.414214e+00
11 7.653669e-01 0.000000e+00 -1.847759e+00
12 6.123032e-17 2.000000e+00 0.000000e+00
13 6.123032e-17 2.000000e+00 0.000000e+00
14 6.123032e-17 2.000000e+00 0.000000e+00
15 1.847759e+00 7.653669e-01 0.000000e+00
16 1.414214e+00 1.414214e+00 0.000000e+00
17 7.653669e-01 1.847759e+00 0.000000e+00
18 2.051425e-16 7.653669e-01 -1.847759e+00
19 1.570092e-16 1.414214e+00 -1.414214e+00
20 8.497279e-17 1.847759e+00 -7.653669e-01
21 5.926130e+00 6.000000e+00 -9.386068e-01
22 5.706339e+00 6.000000e+00 -1.854102e+00
23 5.346039e+00 6.000000e+00 -2.723943e+00
24 4.854102e+00 6.000000e+00 -3.526712e+00
25 4.242641e+00 6.000000e+00 -4.242641e+00
26 3.526712e+00 6.000000e+00 -4.854102e+00
27 2.723943e+00 6.000000e+00 -5.346039e+00
28 1.854102e+00 6.000000e+00 -5.706339e+00
29 9.386068e-01 6.000000e+00 -5.926130e+00
30 5.000000e+00 6.000000e+00 0.000000e+00
31 4.000000e+00 6.000000e+00 0.000000e+00
32 3.000000e+00 6.000000e+00 0.000000e+00
33 2.000000e+00 6.000000e+00 0.000000e+00
34 1.000000e+00 6.000000e+00 0.000000e+00
35 5.551115e-16 6.000000e+00 -5.000000e+00
36 4.440892e-16 6.000000e+00 -4.000000e+00
37 3.330669e-16 6.000000e+00 -3.000000e+00
38 2.220446e-16 6.000000e+00 -2.000000e+00
39 1.110223e-16 6.000000e+00 -1.000000e+00
40 5.926130e+00 0.000000e+00 -9.386068e-01
41 5.706339e+00 0.000000e+00 -1.854102e+00
42 5.346039e+00 0.000000e+00 -2.723943e+00
43 4.854102e+00 0.000000e+00 -3.526712e+00
44 4.242641e+00 0.000000e+00 -4.242641e+00
45 3.526712e+00 0.000000e+00 -4.854102e+00
46 2.723943e+00 0.000000e+00 -5.346039e+00
47 1.854102e+00 0.000000e+00 -5.706339e+00
48 9.386068e-01 0.000000e+00 -5.926130e+00
49 6.000000e+00 1.000000e+00 0.000000e+00
50 6.000000e+00 2.000000e+00 0.000000e+00
51 6.000000e+00 3.000000e+00 0.000000e+00
52 6.000000e+00 4.000000e+00 0.000000e+00
53 6.000000e+00 5.000000e+00 0.000000e+00
54 6.661338e-16 1.000000e+00 -6.000000e+00
55 6.661338e-16 2.000000e+00 -6.000000e+00
56 6.661338e-16 3.000000e+00 -6.000000e+00
57 6.661338e-16 4.000000e+00 -6.000000e+00
58 6.661338e-16 5.000000e+00 -6.000000e+00
59 3.000000e+00 0.000000e+00 0.000000e+00
60 4.000000e+00 0.000000e+00 0.000000e+00
61 5.000000e+00 0.000000e+00 0.000000e+00
62 3.330669e-16 0.000000e+00 -3.000000e+00
63 4.440892e-16 0.000000e+00 -4.000000e+00
64 5.551115e-16 0.000000e+00 -5.000000e+00
65 0.000000e+00 5.000000e+00 0.000000e+00
66 0.000000e+00 4.000000e+00 0.000000e+00
67 0.000000e+00 3.000000e+00 0.000000e+00
68 1.655093e+00 1.068595e+00 -3.446304e-01
69 3.446220e-01 1.068603e+00 -1.655090e+00
70 3.385631e-01 1.941854e+00 -3.384913e-01
71 9.014522e-02 1.960240e+00 -3.864370e-01
72 3.864617e-01 1.960234e+00 -9.016143e-02
73 9.641092e-01 3.348445e-01 -1.719992e+00
74 1.720009e+00 3.349098e-01 -9.640557e-01
75 1.209658e+00 1.036104e+00 -1.209635e+00
76 1.025232e+00 1.637531e+00 -5.170998e-01
77 5.170875e-01 1.637561e+00 -1.025190e+00
78 2.014484e-01 1.957262e+00 -3.585291e-01
79 3.585827e-01 1.957253e+00 -2.014430e-01
80 5.977900e-01 7.010106e-01 -1.775171e+00
81 4.523883e-01 3.521531e-01 -1.916072e+00
82 1.775164e+00 7.010639e-01 -5.977484e-01
83 1.916072e+00 3.521683e-01 -4.523762e-01
84 1.387438e+00 3.876313e-01 -1.387356e+00
85 1.516287e+00 6.901905e-01 -1.106576e+00
86 1.519528e+00 1.046134e+00 -7.724232e-01
87 1.105185e+00 6.918944e-01 -1.516525e+00
88 7.722452e-01 1.046317e+00 -1.519493e+00
89 1.377504e+00 1.378150e+00 -4.507600e-01
90 1.108780e+00 1.648147e+00 -2.328496e-01
91 7.441869e-01 1.839152e+00 -2.524027e-01
92 6.474192e-01 1.832112e+00 -4.735118e-01
93 4.507251e-01 1.378179e+00 -1.377487e+00
94 2.328062e-01 1.648167e+00 -1.108759e+00
95 4.721632e-01 1.831908e+00 -6.489799e-01
96 2.529877e-01 1.838927e+00 -7.445430e-01
97 8.153596e-01 1.633877e+00 -8.158637e-01
98 8.547323e-01 1.366069e+00 -1.184604e+00
99 1.184856e+00 1.366361e+00 -8.539175e-01
100 8.984233e-01 6.000000e+00 -2.494627e+00
101 4.859932e+00 6.000000e+00 -2.450016e+00
102 4.172981e+00 6.000000e+00 -7.894220e-01
103 1.818125e+00 6.000000e+00 -7.925967e-01
104 2.984328e+00 6.000000e+00 -2.484050e+00
105 1.985607e+00 6.000000e+00 -4.172438e+00
106 3.718201e+00 6.000000e+00 -4.005850e+00
107 5.243339e+00 6.000000e+00 -1.541207e+00
108 4.484070e+00 6.000000e+00 -1.618075e+00
109 5.130620e+00 6.000000e+00 -8.120918e-01
110 6.733601e-01 6.000000e+00 -3.403484e+00
111 1.456762e+00 6.000000e+00 -1.633323e+00
112 6.391657e-01 6.000000e+00 -1.590725e+00
113 8.350605e-01 6.000000e+00 -8.302444e-01
114 2.998234e+00 6.000000e+00 -6.927049e-01
115 2.468426e+00 6.000000e+00 -1.619732e+00
116 1.975133e+00 6.000000e+00 -2.489211e+00
117 3.510523e+00 6.000000e+00 -1.617010e+00
118 3.940674e+00 6.000000e+00 -2.480218e+00
119 1.506387e+00 6.000000e+00 -3.350691e+00
120 1.027036e+00 6.000000e+00 -4.171655e+00
121 5.673400e-01 6.000000e+00 -5.027130e+00
122 1.469833e+00 6.000000e+00 -5.001797e+00
123 2.428891e+00 6.000000e+00 -4.892465e+00
124 4.213998e+00 6.000000e+00 -3.347585e+00
125 2.948774e+00 6.000000e+00 -4.121083e+00
126 3.410668e+00 6.000000e+00 -3.311519e+00
127 2.478336e+00 6.000000e+00 -3.331689e+00
128 2.218570e+00 3.151349e+00 -5.574760e+00
129 5.566396e+00 3.343889e+00 -2.239473e+00
130 1.048330e+00 5.273760e+00 -5.907707e+00
131 9.177659e-01 9.245853e-01 -5.929393e+00
132 3.455019e+00 9.153581e-01 -4.905389e+00
133 5.931408e+00 5.380384e+00 -9.046530e-01
134 4.968668e+00 8.945448e-01 -3.363382e+00
135 5.915243e+00 1.049446e+00 -1.004935e+00
136 4.250958e+00 3.298663e+00 -4.234307e+00
137 4.983947e+00 5.037424e+00 -3.340700e+00
138 3.259459e+00 5.177898e+00 -5.037452e+00
139 6.923369e-01 4.347245e+00 -5.959922e+00
140 1.510812e+00 4.368464e+00 -5.806673e+00
141 1.122299e+00 3.057855e+00 -5.894103e+00
142 1.796271e+00 2.192985e+00 -5.724807e+00
143 2.841123e+00 2.345109e+00 -5.284697e+00
144 2.120214e+00 1.001958e+00 -5.612904e+00
145 4.785671e-01 4.648482e-01 -5.980884e+00
146 1.518741e+00 5.810484e-01 -5.804604e+00
147 2.757394e+00 4.811791e-01 -5.328863e+00
148 3.846451e+00 4.678352e-01 -4.604868e+00
149 7.220564e-01 1.994036e+00 -5.956394e+00
150 5.785697e+00 4.264740e+00 -1.589247e+00
151 5.947717e+00 4.425841e+00 -7.903532e-01
152 5.894519e+00 3.221874e+00 -1.120107e+00
153 5.297020e+00 2.189150e+00 -2.818080e+00
154 5.758567e+00 2.169958e+00 -1.684905e+00
155 5.579546e+00 9.944751e-01 -2.206505e+00
156 4.598146e+00 5.617448e-01 -3.854484e+00
157 5.321180e+00 5.198258e-01 -2.772191e+00
158 5.858752e+00 4.122924e-01 -1.294227e+00
159 5.971279e+00 4.696533e-01 -5.863669e-01
160 5.974282e+00 2.298213e+00 -5.549349e-01
161 4.157582e+00 9.870628e-01 -4.326027e+00
162 4.658087e+00 2.214735e+00 -3.781828e+00
163 4.872154e+00 3.403297e+00 -3.501730e+00
164 3.683457e+00 1.957751e+00 -4.736258e+00
165 3.333485e+00 3.303737e+00 -4.988775e+00
166 5.353199e+00 4.291319e+00 -2.709844e+00
167 5.557950e+00 5.263002e+00 -2.260351e+00
168 2.897598e+00 4.263435e+00 -5.253944e+00
169 2.226316e+00 5.067074e+00 -5.571671e+00
170 4.229835e+00 5.266818e+00 -4.255408e+00
171 3.792021e+00 4.261773e+00 -4.649793e+00
172 4.574808e+00 4.220454e+00 -3.882155e+00
173 1.636446e+00 3.659586e+00 -5.772525e+00
174 5.757202e+00 2.898291e+00 -1.689563e+00
175 4.918963e+00 1.751926e+00 -3.435666e+00
176 5.770627e+00 7.671707e-01 -1.643126e+00
177 5.896631e+00 1.842410e+00 -1.108938e+00
178 4.405328e+00 1.770639e+00 -4.073461e+00
179 5.976437e+00 1.634458e+00 -5.312272e-01
180 5.759294e+00 1.436468e+00 -1.682419e+00
181 5.290194e+00 1.370073e+00 -2.830874e+00
182 5.570389e+00 2.541107e+00 -2.229523e+00
183 1.095474e+00 3.786632e+00 -5.899147e+00
184 5.965974e+00 2.896415e+00 -6.380818e-01
185 5.889852e+00 2.553435e+00 -1.144397e+00
186 5.261552e+00 2.989260e+00 -2.883759e+00
187 5.892148e+00 3.831401e+00 -1.132518e+00
188 4.631353e+00 1.149084e+00 -3.814521e+00
189 5.615335e+00 4.003189e+00 -2.113767e+00
190 5.755521e+00 3.616058e+00 -1.695281e+00
191 5.974323e+00 3.533131e+00 -5.544964e-01
192 5.562791e+00 1.818775e+00 -2.248412e+00
193 4.288448e+00 2.481824e+00 -4.196334e+00
194 3.350435e+00 2.554477e+00 -4.977408e+00
195 5.027069e+00 3.982388e+00 -3.275451e+00
196 5.783503e+00 4.980337e+00 -1.597212e+00
197 2.698202e+00 3.501536e+00 -5.359077e+00
198 2.176324e+00 4.022379e+00 -5.591387e+00
199 5.399251e-01 3.624065e+00 -5.975657e+00
200 4.878996e+00 2.656749e+00 -3.492191e+00
201 5.605543e+00 4.590476e+00 -2.139600e+00
202 3.734364e+00 2.737583e+00 -4.696225e+00
203 5.355399e+00 4.987954e+00 -2.705495e+00
204 2.790021e+00 1.458548e+00 -5.311853e+00
205 1.654134e+00 1.379727e+00 -5.767481e+00
206 9.363207e-01 0.000000e+00 -2.561825e+00
207 4.848430e+00 0.000000e+00 -2.490692e+00
208 2.286954e+00 0.000000e+00 -8.537281e-01
209 3.998583e+00 0.000000e+00 -6.529318e-01
210 2.980494e+00 0.000000e+00 -2.519892e+00
211 3.716116e+00 0.000000e+00 -4.009058e+00
212 1.992075e+00 0.000000e+00 -4.174908e+00
213 6.855077e-01 0.000000e+00 -3.416493e+00
214 1.578010e+00 0.000000e+00 -1.864928e+00
215 4.444054e+00 0.000000e+00 -1.812488e+00
216 5.203333e+00 0.000000e+00 -1.671769e+00
217 4.888895e+00 0.000000e+00 -7.212590e-01
218 3.169650e+00 0.000000e+00 -1.002355e+00
219 3.512707e+00 0.000000e+00 -1.772668e+00
220 3.930809e+00 0.000000e+00 -2.539666e+00
221 2.476894e+00 0.000000e+00 -1.674742e+00
222 1.999242e+00 0.000000e+00 -2.544323e+00
223 4.209070e+00 0.000000e+00 -3.362035e+00
224 1.520918e+00 0.000000e+00 -3.369962e+00
225 1.035690e+00 0.000000e+00 -4.175463e+00
226 2.431593e+00 0.000000e+00 -4.893758e+00
227 1.473481e+00 0.000000e+00 -5.000158e+00
228 5.709453e-01 0.000000e+00 -5.024947e+00
229 2.949921e+00 0.000000e+00 -4.124155e+00
230 2.487829e+00 0.000000e+00 -3.349588e+00
231 3.407005e+00 0.000000e+00 -3.326966e+00
232 1.913293e+00 0.000000e+00 -1.308241e+00
233 4.139588e+00 0.000000e+00 -1.221227e+00
234 5.476709e+00 0.000000e+00 -4.332920e-01
235 4.989033e+00 0.000000e+00 -1.200864e+00
236 3.362166e+00 0.000000e+00 -4.469438e-01
237 2.737280e+00 0.000000e+00 -4.703707e-01
238 4.511923e+00 0.000000e+00 -3.351714e-01
239 9.349934e-01 2.554617e+00 0.000000e+00
240 5.092853e+00 2.498445e+00 0.000000e+00
241 2.184679e+00 9.232585e-01 0.000000e+00
242 3.835650e+00 8.193707e-01 0.000000e+00
243 3.003681e+00 2.507473e+00 0.000000e+00
244 4.006043e+00 4.249049e+00 0.000000e+00
245 1.994851e+00 4.250087e+00 0.000000e+00
246 6.639249e-01 3.439492e+00 0.000000e+00
247 1.625543e+00 1.801370e+00 0.000000e+00
248 5.341474e+00 3.430103e+00 0.000000e+00
249 4.463064e+00 1.627716e+00 0.000000e+00
250 5.319078e+00 1.574405e+00 0.000000e+00
251 4.956158e+00 7.201762e-01 0.000000e+00
252 3.005244e+00 9.889108e-01 0.000000e+00
253 3.478920e+00 1.673205e+00 0.000000e+00
254 4.006736e+00 2.502784e+00 0.000000e+00
255 2.540575e+00 1.710927e+00 0.000000e+00
256 2.013221e+00 2.537897e+00 0.000000e+00
257 4.502715e+00 3.385229e+00 0.000000e+00
258 5.080003e+00 4.341587e+00 0.000000e+00
259 4.475045e+00 5.155345e+00 0.000000e+00
260 3.497285e+00 5.117207e+00 0.000000e+00
261 1.504543e+00 3.397801e+00 0.000000e+00
262 9.213668e-01 4.343766e+00 0.000000e+00
263 2.503120e+00 5.116678e+00 0.000000e+00
264 1.525219e+00 5.156385e+00 0.000000e+00
265 3.000327e+00 4.236510e+00 0.000000e+00
266 2.502174e+00 3.373744e+00 0.000000e+00
267 3.502284e+00 3.369539e+00 0.000000e+00
268 5.296978e+00 5.298601e+00 0.000000e+00
269 7.032412e-01 5.299026e+00 0.000000e+00
270 1.038051e-16 2.554617e+00 -9.349934e-01
271 5.654202e-16 2.498445e+00 -5.092853e+00
272 2.425481e-16 9.232585e-01 -2.184679e+00
273 4.258427e-16 8.193707e-01 -3.835650e+00
274 3.334756e-16 2.507473e+00 -3.003681e+00
275 4.447601e-16 4.249049e+00 -4.006043e+00
276 2.214729e-16 4.250087e+00 -1.994851e+00
277 7.371047e-17 3.439492e+00 -6.639249e-01
278 1.804715e-16 1.801370e+00 -1.625543e+00
279 5.930227e-16 3.430103e+00 -5.341474e+00
280 4.954996e-16 1.627716e+00 -4.463064e+00
281 5.905363e-16 1.574405e+00 -5.319078e+00
282 5.502440e-16 7.201762e-01 -4.956158e+00
283 3.336491e-16 9.889108e-01 -3.005244e+00
284 3.862377e-16 1.673205e+00 -3.478920e+00
285 4.448371e-16 2.502784e+00 -4.006736e+00
286 2.820605e-16 1.710927e+00 -2.540575e+00
287 2.235124e-16 2.537897e+00 -2.013221e+00
288 4.999018e-16 3.385229e+00 -4.502715e+00
289 5.639936e-16 4.341587e+00 -5.080003e+00
290 4.968298e-16 5.155345e+00 -4.475045e+00
291 3.882766e-16 5.117207e+00 -3.497285e+00
292 1.670379e-16 3.397801e+00 -1.504543e+00
293 1.022923e-16 4.343766e+00 -9.213668e-01
294 2.779021e-16 5.116678e+00 -2.503120e+00
295 1.693333e-16 5.156385e+00 -1.525219e+00
296 3.331032e-16 4.236510e+00 -3.000327e+00
297 2.777972e-16 3.373744e+00 -2.502174e+00
298 3.888316e-16 3.369539e+00 -3.502284e+00
299 5.880827e-16 5.298601e+00 -5.296978e+00
300 7.807546e-17 5.299026e+00 -7.032412e-01
301 5.928591e-01 2.875312e+00 -1.166862e+00
302 2.209737e+00 2.660343e+00 -1.266414e+00
303 3.067283e+00 2.459814e+00 -7.560819e-01
304 2.150542e+00 3.903771e+00 -9.629597e-01
305 2.300362e+00 4.777706e+00 -2.127392e+00
306 1.198980e+00 3.526648e+00 -1.893827e+00
307 1.933493e+00 2.501888e+00 -2.320433e+00
308 9.937665e-01 3.707886e+00 -9.349965e-01
309 9.375549e-01 4.898419e+00 -1.041706e+00
310 9.974877e-01 2.496508e+00 -1.997138e+00
311 1.182153e+00 2.261822e+00 -3.502496e+00
312 1.068145e+00 2.431155e+00 -4.825049e+00
313 2.595851e+00 1.506196e+00 -1.065484e+00
314 8.995101e-01 1.067687e+00 -3.408100e+00
315 7.455839e-01 2.330289e+00 -6.526037e-01
316 4.318898e+00 2.866502e+00 -9.511822e-01
317 4.614922e+00 2.194568e+00 -2.248105e+00
318 3.090676e+00 3.637272e+00 -7.943239e-01
319 3.156825e+00 1.575671e+00 -2.064455e+00
320 2.085993e+00 5.233924e+00 -8.657144e-01
321 9.081013e-01 3.467881e+00 -3.021747e+00
322 2.073068e+00 1.181902e+00 -2.837306e+00
323 9.844323e-01 1.041456e+00 -4.371387e+00
324 3.988683e+00 1.379234e+00 -1.156039e+00
325 2.120091e+00 1.093455e+00 -6.134856e-01
326 1.572162e+00 1.594652e+00 -5.247932e-01
327 2.701421e+00 9.042294e-01 -5.462406e-01
328 2.063565e+00 1.989853e+00 -6.162098e-01
329 1.913294e+00 1.075034e+00 -1.115582e+00
330 2.165168e+00 8.840166e-01 -1.729546e+00
331 4.547534e+00 1.102781e+00 -2.431503e+00
332 3.564861e+00 1.184702e+00 -3.431671e+00
333 1.761290e+00 1.583521e+00 -1.008035e+00
334 1.516268e+00 1.634000e+00 -1.653297e+00
335 1.488256e+00 7.940279e-01 -2.065989e+00
336 2.205662e+00 1.194455e+00 -4.286379e+00
337 2.632347e+00 2.503743e+00 -4.557813e+00
338 2.222967e+00 5.520285e-01 -1.143002e+00
339 6.665782e-01 9.975794e-01 -2.109548e+00
340 6.735149e-01 2.101542e+00 -1.307837e+00
341 1.024513e+00 1.704407e+00 -2.369379e+00
342 7.557668e-01 7.502757e-01 -2.750211e+00
343 1.380921e+00 2.106970e+00 -6.163382e-01
344 1.464387e+00 2.835089e+00 -5.665458e-01
345 1.333238e+00 2.276045e+00 -1.214074e+00
346 4.801969e+00 4.283288e+00 -2.016400e+00
347 4.168726e+00 5.055025e+00 -1.041316e+00
348 4.859325e+00 3.940706e+00 -1.069212e+00
349 2.254313e+00 5.010861e+00 -3.360951e+00
350 1.150692e+00 4.811071e+00 -2.877759e+00
351 1.167395e+00 4.816707e+00 -4.365328e+00
352 2.522635e+00 4.861792e+00 -4.402928e+00
353 1.153694e+00 3.662116e+00 -4.838727e+00
354 3.575625e+00 5.051294e+00 -1.940463e+00
355 3.049779e+00 4.851674e+00 -9.276741e-01
356 3.976340e+00 3.905001e+00 -1.092966e+00
357 3.568350e+00 4.967599e+00 -3.163685e+00
358 5.058514e+00 1.270768e+00 -1.207018e+00
359 5.211591e+00 2.481566e+00 -1.106781e+00
360 4.518165e+00 3.303195e+00 -2.384999e+00
361 2.340943e+00 3.564307e+00 -4.270488e+00
362 2.201706e+00 3.546533e+00 -2.926078e+00
363 3.436877e+00 3.712301e+00 -3.591826e+00
364 3.226362e+00 3.538321e+00 -2.023681e+00
365 4.881684e+00 5.300672e+00 -1.973351e+00
366 3.666881e+00 2.439879e+00 -3.417358e+00
367 5.078542e+00 4.884126e+00 -9.268739e-01
368 5.186091e+00 3.203351e+00 -1.521735e+00
369 5.399980e+00 2.803860e+00 -4.253363e-01
370 5.348279e+00 3.446342e+00 -6.214726e-01
371 4.548505e+00 6.139846e-01 -6.723907e-01
372 3.354538e+00 6.920563e-01 -8.379593e-01
373 4.891204e-01 4.948038e-01 -5.457483e+00
374 5.431538e+00 5.626655e-01 -4.310158e-01
375 4.779527e-01 4.423046e-01 -2.303642e+00
376 5.452598e+00 1.979933e+00 -5.465030e-01
377 5.886309e-01 5.517326e+00 -4.546069e+00
378 5.944772e-01 3.032574e+00 -5.079823e-01
379 2.182042e+00 3.521064e-01 -6.807318e-01
380 5.468988e+00 4.214294e+00 -6.087042e-01
381 5.311108e-01 2.242584e+00 -1.905952e-01
382 4.518090e+00 5.552533e+00 -4.693181e-01
383 1.912587e+00 1.389912e+00 -3.181161e-01
384 5.121618e+00 5.201235e-01 -1.944452e+00
385 3.700676e-01 5.543335e+00 -1.258199e+00
386 2.260689e+00 5.506258e+00 -5.037616e+00
387 7.003001e-01 4.589938e+00 -5.335900e+00
388 4.090617e+00 5.534950e+00 -3.547931e+00
389 4.154458e-01 5.019968e-01 -3.556598e+00
390 6.657613e-01 1.674871e+00 -5.321250e+00
391 1.273294e+00 6.720638e-01 -5.305525e+00
392 1.317803e+00 5.516532e+00 -5.786634e-01
393 2.471667e+00 5.468610e-01 -4.852350e+00
394 6.078607e-01 5.326689e+00 -3.744403e+00
395 3.591878e+00 5.056316e-01 -4.228222e+00
396 4.494441e+00 3.758272e-01 -3.530572e+00
397 2.825359e-01 1.949055e+00 -1.152013e+00
398 5.714960e+00 2.440825e-01 -5.746586e-01
399 5.153862e-01 5.557766e+00 -5.225164e-01
400 2.953218e-01 1.274834e+00 -1.920315e+00
401 4.531422e+00 5.276616e-01 -2.915416e+00
402 5.578590e+00 5.106870e+00 -4.603429e-01
403 2.833106e+00 5.554411e+00 -4.687893e+00
404 1.278145e+00 3.015060e-01 -1.840208e+00
405 4.672189e-01 2.455850e+00 -5.503590e+00
406 1.255251e+00 1.902959e+00 -2.635995e-01
407 6.469474e-01 4.948943e-01 -4.783776e+00
408 5.575538e+00 1.312350e+00 -4.949870e-01
409 3.114288e-01 2.493397e+00 -3.143104e-01
410 1.498809e-01 2.236508e+00 -5.633823e-01
411 5.472350e+00 5.540615e+00 -1.035093e+00
412 4.591573e+00 5.528816e+00 -2.916676e+00
413 1.876257e+00 2.172907e-01 -1.148275e+00
414 5.365479e-01 3.684183e+00 -5.431172e+00
415 3.640526e+00 5.507105e+00 -5.487535e-01
416 1.584335e+00 5.199766e+00 -5.126481e+00
417 5.649765e-01 5.401919e+00 -2.305917e+00
418 5.712818e-01 1.638873e+00 -1.748505e+00
419 2.230994e+00 5.585187e-01 -3.332533e-01
420 6.360235e-01 5.403260e+00 -5.274707e+00
421 3.530630e+00 5.410870e+00 -4.148428e+00
422 5.551927e+00 2.921191e-01 -1.530113e+00
423 2.823219e+00 5.453967e+00 -4.001534e-01
424 5.223358e-01 1.029026e+00 -5.196207e+00
425 9.352406e-01 2.037105e+00 -3.899370e-01
426 1.850863e+00 3.470563e-01 -1.654452e+00
427 5.407698e-01 3.041860e+00 -5.234782e+00
428 5.412220e+00 4.777491e-01 -1.023751e+00
429 5.203578e+00 5.554345e+00 -4.294338e-01
430 4.291725e+00 4.127233e+00 -2.993320e+00
431 4.030722e-01 2.184775e+00 -6.965347e-01
432 9.000943e-01 5.067892e-01 -2.076497e+00
433 3.986539e+00 5.616430e-01 -3.605768e+00
1 102 1 9 
2 102 9 10 
3 102 10 11 
4 102 11 2 
5 102 3 12 
6 102 12 13 
7 102 13 14 
8 102 14 3 
9 102 1 15 
10 102 15 16 
11 102 16 17 
12 102 17 3 
13 102 2 18 
14 102 18 19 
15 102 19 20 
16 102 20 3 
17 102 4 21 
18 102 21 22 
19 102 22 23 
20 102 23 24 
21 102 24 25 
22 102 25 26 
23 102 26 27 
24 102 27 28 
25 102 28 29 
26 102 29 5 
27 102 4 30 
28 102 30 31 
29 102 31 32 
30 102 32 33 
31 102 33 34 
32 102 34 6 
33 102 5 35 
34 102 35 36 
35 102 36 37 
36 102 37 38 
37 102 38 39 
38 102 39 6 
39 102 7 40 
40 102 40 41 
41 102 41 42 
42 102 42 43 
43 102 43 44 
44 102 44 45 
45 102 45 46 
46 102 46 47 
47 102 47 48 
48 102 48 8 
49 102 7 49 
50 102 49 50 
51 102 50 51 
52 102 51 52 
53 102 52 53 
54 102 53 4 
55 102 8 54 
56 102 54 55 
57 102 55 56 
58 102 56 57 
59 102 57 58 
60 102 58 5 
61 102 1 59 
62 102 59 60 
63 102 60 61 
64 102 61 7 
65 102 2 62 
66 102 62 63 
67 102 63 64 
68 102 64 8 
69 102 6 65 
70 102 65 66 
71 102 66 67 
72 102 67 3 
73 203 3 71 78 
74 203 3 78 70 
75 203 79 3 70 
76 203 72 3 79 
77 203 17 3 72 
78 203 81 18 2 
79 203 69 18 80 
80 203 73 80 81 
81 203 2 11 81 
82 203 73 81 11 
83 203 18 81 80 
84 203 19 18 69 
85 203 83 82 74 
86 203 83 15 82 
87 203 82 15 68 
88 203 15 83 1 
89 203 10 9 74 
90 203 74 9 83 
91 203 9 1 83 
92 203 73 10 84 
93 203 85 74 82 
94 203 10 73 11 
95 203 84 10 74 
96 203 86 82 68 
97 203 75 85 86 
98 203 82 86 85 
99 203 80 73 87 
100 203 88 87 75 
101 203 69 80 88 
102 203 87 88 80 
103 203 85 75 87 
104 203 84 87 73 
105 203 74 85 84 
106 203 87 84 85 
107 203 89 68 16 
108 203 76 89 90 
109 203 15 16 68 
110 203 89 16 90 
111 203 92 76 91 
112 203 79 91 72 
113 203 70 92 79 
114 203 91 79 92 
115 203 90 91 76 
116 203 16 17 90 
117 203 91 17 72 
118 203 91 90 17 
119 203 94 93 77 
120 203 96 77 95 
121 203 93 19 69 
122 203 20 19 94 
123 203 94 19 93 
124 203 78 95 70 
125 203 71 96 78 
126 203 95 78 96 
127 203 3 20 71 
128 203 96 20 94 
129 203 71 20 96 
130 203 77 96 94 
131 203 92 70 95 
132 203 97 95 77 
133 203 76 92 97 
134 203 95 97 92 
135 203 98 77 93 
136 203 88 93 69 
137 203 75 98 88 
138 203 93 88 98 
139 203 89 76 99 
140 203 86 99 75 
141 203 68 89 86 
142 203 99 86 89 
143 203 98 75 99 
144 203 97 99 76 
145 203 77 98 97 
146 203 99 97 98 
147 203 107 22 101 
148 203 108 107 101 
149 203 102 109 108 
150 203 107 108 109 
151 203 30 109 102 
152 203 102 31 30 
153 203 109 30 4 
154 203 21 109 4 
155 203 23 101 22 
156 203 107 109 21 
157 203 107 21 22 
158 203 110 37 100 
159 203 110 120 36 
160 203 110 36 37 
161 203 38 100 37 
162 203 112 111 100 
163 203 113 103 111 
164 203 112 39 113 
165 203 111 112 113 
166 203 114 103 33 
167 203 113 39 6 
168 203 6 34 113 
169 203 34 33 103 
170 203 103 113 34 
171 203 112 38 39 
172 203 112 100 38 
173 203 33 32 114 
174 203 114 32 31 
175 203 115 111 103 
176 203 31 102 114 
177 203 116 100 111 
178 203 104 116 115 
179 203 111 115 116 
180 203 108 117 102 
181 203 118 104 117 
182 203 101 118 108 
183 203 117 108 118 
184 203 115 117 104 
185 203 114 102 117 
186 203 103 114 115 
187 203 117 115 114 
188 203 119 110 100 
189 203 105 120 119 
190 203 110 119 120 
191 203 5 35 121 
192 203 36 120 121 
193 203 121 29 5 
194 203 121 122 29 
195 203 123 122 105 
196 203 29 122 28 
197 203 122 123 28 
198 203 123 27 28 
199 203 120 105 122 
200 203 121 35 36 
201 203 122 121 120 
202 203 23 24 101 
203 203 124 24 25 
204 203 124 101 24 
205 203 106 124 25 
206 203 26 106 25 
207 203 105 125 123 
208 203 123 26 27 
209 203 125 106 26 
210 203 125 26 123 
211 203 126 124 106 
212 203 118 101 124 
213 203 104 118 126 
214 203 124 126 118 
215 203 119 127 105 
216 203 116 104 127 
217 203 100 116 119 
218 203 127 119 116 
219 203 126 127 104 
220 203 125 105 127 
221 203 106 125 126 
222 203 127 126 125 
223 203 140 139 130 
224 203 51 184 191 
225 203 173 183 140 
226 203 139 58 130 
227 203 183 199 139 
228 203 139 57 58 
229 203 5 130 58 
230 203 143 142 128 
231 203 144 146 205 
232 203 143 204 142 
233 203 146 48 131 
234 203 48 146 47 
235 203 148 45 132 
236 203 145 131 48 
237 203 8 145 48 
238 203 147 132 45 
239 203 144 147 47 
240 203 147 45 46 
241 203 144 204 147 
242 203 146 144 47 
243 203 131 205 146 
244 203 46 47 147 
245 203 131 145 54 
246 203 145 8 54 
247 203 142 205 149 
248 203 141 128 142 
249 203 142 149 141 
250 203 163 186 200 
251 203 141 149 56 
252 203 149 55 56 
253 203 131 54 149 
254 203 149 54 55 
255 203 21 4 133 
256 203 144 205 204 
257 203 150 196 151 
258 203 131 149 205 
259 203 143 164 204 
260 203 53 133 4 
261 203 129 190 174 
262 203 187 151 191 
263 203 161 178 188 
264 203 142 204 205 
265 203 195 137 166 
266 203 167 201 203 
267 203 194 165 202 
268 203 151 53 52 
269 203 193 164 202 
270 203 153 182 192 
271 203 167 196 201 
272 203 174 182 129 
273 203 189 166 201 
274 203 151 133 53 
275 203 162 193 200 
276 203 180 192 154 
277 203 176 180 135 
278 203 162 178 193 
279 203 157 43 134 
280 203 186 153 200 
281 203 56 57 199 
282 203 40 158 159 
283 203 188 134 156 
284 203 157 42 43 
285 203 44 156 43 
286 203 183 141 199 
287 203 173 140 198 
288 203 168 197 198 
289 203 176 135 158 
290 203 168 165 197 
291 203 41 158 40 
292 203 157 155 41 
293 203 173 198 128 
294 203 163 195 186 
295 203 157 41 42 
296 203 150 201 196 
297 203 134 181 157 
298 203 155 176 41 
299 203 133 151 196 
300 203 163 172 195 
301 203 195 166 186 
302 203 137 23 203 
303 203 159 49 7 
304 203 128 197 143 
305 203 40 159 7 
306 203 136 200 193 
307 203 177 179 135 
308 203 194 202 164 
309 203 159 135 49 
310 203 180 155 192 
311 203 182 154 192 
312 203 52 51 191 
313 203 164 193 178 
314 203 162 200 175 
315 203 152 187 191 
316 203 187 152 190 
317 203 174 152 185 
318 203 154 185 177 
319 203 189 150 190 
320 203 49 179 50 
321 203 129 166 189 
322 203 166 203 201 
323 203 160 51 50 
324 203 187 190 150 
325 203 156 161 188 
326 203 148 161 44 
327 203 43 156 134 
328 203 45 148 44 
329 203 132 161 148 
330 203 156 44 161 
331 203 134 175 181 
332 203 150 151 187 
333 203 163 200 136 
334 203 150 189 201 
335 203 132 204 164 
336 203 193 202 136 
337 203 194 143 165 
338 203 172 137 195 
339 203 164 143 194 
340 203 161 132 164 
341 203 134 188 175 
342 203 160 50 179 
343 203 129 189 190 
344 203 165 143 197 
345 203 132 147 204 
346 203 165 136 202 
347 203 174 190 152 
348 203 52 191 151 
349 203 153 175 200 
350 203 133 22 21 
351 203 129 182 186 
352 203 154 174 185 
353 203 184 160 185 
354 203 51 160 184 
355 203 152 191 184 
356 203 137 170 24 
357 203 173 141 183 
358 203 139 140 183 
359 203 174 154 182 
360 203 153 186 182 
361 203 167 203 23 
362 203 137 24 23 
363 203 155 157 181 
364 203 133 196 22 
365 203 167 23 22 
366 203 175 153 181 
367 203 197 128 198 
368 203 169 138 168 
369 203 130 169 140 
370 203 168 198 169 
371 203 176 155 180 
372 203 154 177 180 
373 203 177 160 179 
374 203 138 27 26 
375 203 49 135 179 
376 203 161 164 178 
377 203 162 175 178 
378 203 135 180 177 
379 203 155 181 192 
380 203 130 5 29 
381 203 158 41 176 
382 203 135 159 158 
383 203 178 175 188 
384 203 153 192 181 
385 203 169 130 28 
386 203 130 29 28 
387 203 56 199 141 
388 203 138 169 27 
389 203 169 28 27 
390 203 184 185 152 
391 203 57 139 199 
392 203 138 26 170 
393 203 170 25 24 
394 203 171 168 138 
395 203 177 185 160 
396 203 128 141 173 
397 203 170 26 25 
398 203 140 169 198 
399 203 136 165 171 
400 203 168 171 165 
401 203 203 166 137 
402 203 163 136 172 
403 203 129 186 166 
404 203 167 22 196 
405 203 171 172 136 
406 203 170 137 172 
407 203 138 170 171 
408 203 172 171 170 
409 203 213 62 63 
410 203 228 225 63 
411 203 221 208 232 
412 203 213 206 62 
413 203 208 9 232 
414 203 214 10 11 
415 203 206 214 11 
416 203 10 232 9 
417 203 214 232 10 
418 203 208 1 9 
419 203 2 62 206 
420 203 214 221 232 
421 203 206 11 2 
422 203 223 43 207 
423 203 216 215 207 
424 203 209 233 217 
425 203 40 234 235 
426 203 59 237 236 
427 203 59 236 60 
428 203 215 216 235 
429 203 217 238 209 
430 203 216 41 40 
431 203 217 234 61 
432 203 41 216 42 
433 203 207 42 216 
434 203 221 218 208 
435 203 217 61 238 
436 203 217 235 234 
437 203 208 237 1 
438 203 220 207 215 
439 203 210 220 219 
440 203 215 219 220 
441 203 219 215 233 
442 203 222 210 221 
443 203 206 222 214 
444 203 221 214 222 
445 203 219 221 210 
446 203 237 208 218 
447 203 219 233 218 
448 203 221 219 218 
449 203 42 207 43 
450 203 211 44 223 
451 203 223 44 43 
452 203 44 211 45 
453 203 213 224 206 
454 203 225 212 224 
455 203 213 63 225 
456 203 224 213 225 
457 203 227 226 212 
458 203 60 209 238 
459 203 227 47 226 
460 203 61 60 238 
461 203 59 1 237 
462 203 218 236 237 
463 203 209 60 236 
464 203 8 48 228 
465 203 215 235 233 
466 203 218 209 236 
467 203 209 218 233 
468 203 47 227 48 
469 203 40 7 234 
470 203 228 64 8 
471 203 228 48 227 
472 203 63 64 228 
473 203 212 225 227 
474 203 228 227 225 
475 203 229 212 226 
476 203 217 233 235 
477 203 226 47 46 
478 203 216 40 235 
479 203 226 46 45 
480 203 211 229 45 
481 203 229 226 45 
482 203 7 61 234 
483 203 230 224 212 
484 203 222 206 224 
485 203 210 222 230 
486 203 224 230 222 
487 203 223 231 211 
488 203 220 210 231 
489 203 207 220 223 
490 203 231 223 220 
491 203 230 231 210 
492 203 229 211 231 
493 203 212 229 230 
494 203 231 230 229 
495 203 32 260 31 
496 203 263 33 264 
497 203 31 260 259 
498 203 259 30 31 
499 203 32 263 260 
500 203 259 258 268 
501 203 53 4 268 
502 203 246 66 67 
503 203 262 65 66 
504 203 246 67 239 
505 203 247 17 16 
506 203 239 17 247 
507 203 241 15 1 
508 203 15 241 16 
509 203 247 16 241 
510 203 3 239 67 
511 203 239 3 17 
512 203 248 240 51 
513 203 248 52 258 
514 203 240 50 51 
515 203 248 51 52 
516 203 250 240 249 
517 203 251 249 242 
518 203 250 251 49 
519 203 249 251 250 
520 203 242 59 60 
521 203 251 7 49 
522 203 60 251 242 
523 203 251 60 61 
524 203 250 49 50 
525 203 250 50 240 
526 203 7 251 61 
527 203 59 242 252 
528 203 241 59 252 
529 203 253 242 249 
530 203 59 241 1 
531 203 254 249 240 
532 203 243 253 254 
533 203 249 254 253 
534 203 247 241 255 
535 203 256 255 243 
536 203 239 247 256 
537 203 255 256 247 
538 203 253 243 255 
539 203 252 255 241 
540 203 242 253 252 
541 203 255 252 253 
542 203 257 240 248 
543 203 53 258 52 
544 203 244 257 258 
545 203 248 258 257 
546 203 34 269 264 
547 203 260 244 259 
548 203 259 268 30 
549 203 258 259 244 
550 203 65 269 6 
551 203 246 239 261 
552 203 262 261 245 
553 203 246 262 66 
554 203 261 262 246 
555 203 264 245 263 
556 203 264 269 262 
557 203 53 268 258 
558 203 34 264 33 
559 203 30 268 4 
560 203 34 6 269 
561 203 245 264 262 
562 203 65 262 269 
563 203 263 32 33 
564 203 265 263 245 
565 203 244 260 265 
566 203 263 265 260 
567 203 266 245 261 
568 203 256 261 239 
569 203 243 266 256 
570 203 261 256 266 
571 203 257 244 267 
572 203 254 267 243 
573 203 240 257 254 
574 203 267 254 257 
575 203 266 243 267 
576 203 265 267 244 
577 203 245 266 265 
578 203 267 265 266 
579 203 37 36 291 
580 203 294 295 38 
581 203 36 290 291 
582 203 290 36 35 
583 203 37 291 294 
584 203 290 299 289 
585 203 58 299 5 
586 203 277 67 66 
587 203 293 66 65 
588 203 277 270 67 
589 203 278 19 20 
590 203 270 278 20 
591 203 272 2 18 
592 203 18 19 272 
593 203 278 272 19 
594 203 3 67 270 
595 203 270 20 3 
596 203 279 56 271 
597 203 279 289 57 
598 203 271 56 55 
599 203 279 57 56 
600 203 281 280 271 
601 203 282 273 280 
602 203 281 54 282 
603 203 280 281 282 
604 203 273 63 62 
605 203 282 54 8 
606 203 63 273 282 
607 203 282 64 63 
608 203 281 55 54 
609 203 281 271 55 
610 203 8 64 282 
611 203 62 283 273 
612 203 272 283 62 
613 203 284 280 273 
614 203 62 2 272 
615 203 285 271 280 
616 203 274 285 284 
617 203 280 284 285 
618 203 278 286 272 
619 203 287 274 286 
620 203 270 287 278 
621 203 286 278 287 
622 203 284 286 274 
623 203 283 272 286 
624 203 273 283 284 
625 203 286 284 283 
626 203 288 279 271 
627 203 58 57 289 
628 203 275 289 288 
629 203 279 288 289 
630 203 39 295 300 
631 203 291 290 275 
632 203 290 35 299 
633 203 289 275 290 
634 203 65 6 300 
635 203 277 292 270 
636 203 293 276 292 
637 203 277 66 293 
638 203 292 277 293 
639 203 295 294 276 
640 203 295 293 300 
641 203 58 289 299 
642 203 39 38 295 
643 203 35 5 299 
644 203 39 300 6 
645 203 276 293 295 
646 203 65 300 293 
647 203 294 38 37 
648 203 296 276 294 
649 203 275 296 291 
650 203 294 291 296 
651 203 297 292 276 
652 203 287 270 292 
653 203 274 287 297 
654 203 292 297 287 
655 203 288 298 275 
656 203 285 274 298 
657 203 271 285 288 
658 203 298 288 285 
659 203 297 298 274 
660 203 296 275 298 
661 203 276 296 297 
662 203 298 297 296 
663 304 164 337 202 366 
664 304 105 403 352 125 
665 304 108 107 101 365 
666 304 366 175 178 332 
667 304 244 348 347 356 
668 304 275 394 351 350 
669 304 339 80 69 88 
670 304 330 219 319 210 
671 304 244 260 347 259 
672 304 402 151 367 380 
673 304 301 306 287 310 
674 304 373 8 282 64 
675 304 397 77 340 93 
676 304 317 360 368 316 
677 304 416 387 420 351 
678 304 337 165 202 361 
679 304 349 125 105 352 
680 304 339 418 400 286 
681 304 420 29 130 416 
682 304 345 315 344 343 
683 304 374 7 159 398 
684 304 366 307 319 322 
685 304 416 387 351 140 
686 304 89 86 326 99 
687 304 133 196 367 151 
688 304 417 110 394 350 
689 304 78 409 70 3 
690 304 2 375 11 81 
691 304 373 54 282 8 
692 304 28 29 416 130 
693 304 336 391 205 323 
694 304 330 322 334 335 
695 304 332 317 319 366 
696 304 322 210 319 332 
697 304 369 50 160 376 
698 304 359 249 316 240 
699 304 349 116 104 305 
700 304 303 316 364 319 
701 304 174 359 185 154 
702 304 197 337 361 165 
703 304 120 121 36 377 
704 304 140 173 183 353 
705 304 307 341 310 334 
706 304 431 409 70 78 
707 304 352 138 168 171 
708 304 60 238 371 209 
709 304 359 154 358 177 
710 304 302 334 333 313 
711 304 319 220 332 210 
712 304 113 385 39 399 
713 304 104 354 305 115 
714 304 391 205 390 131 
715 304 337 312 142 128 
716 304 195 163 360 186 
717 304 409 378 315 239 
718 304 332 401 220 331 
719 304 347 109 365 367 
720 304 251 408 49 250 
721 304 365 118 412 101 
722 304 76 89 90 326 
723 304 340 278 287 270 
724 304 336 314 224 323 
725 304 179 376 160 50 
726 304 416 198 351 352 
727 304 363 352 349 361 
728 304 249 371 358 324 
729 304 311 362 361 366 
730 304 351 321 361 353 
731 304 75 86 99 333 
732 304 9 1 83 379 
733 304 426 222 330 335 
734 304 19 418 400 69 
735 304 304 266 265 318 
736 304 311 337 336 366 
737 304 265 260 263 355 
738 304 65 66 262 309 
739 304 218 237 372 236 
740 304 275 394 350 291 
741 304 155 176 41 384 
742 304 376 249 358 359 
743 304 367 244 348 347 
744 304 150 380 367 151 
745 304 366 332 164 336 
746 304 316 369 359 240 
747 304 283 286 314 342 
748 304 316 317 319 324 
749 304 303 256 328 302 
750 304 111 116 305 115 
751 304 339 286 342 341 
752 304 380 52 370 258 
753 304 204 132 336 164 
754 304 325 329 313 333 
755 304 177 408 358 376 
756 304 224 323 225 212 
757 304 53 52 151 380 
758 304 112 385 113 309 
759 304 336 395 393 229 
760 304 330 84 338 426 
761 304 1 419 379 237 
762 304 376 177 179 160 
763 304 348 356 257 316 
764 304 322 224 222 230 
765 304 379 327 419 325 
766 304 379 327 325 338 
767 304 50 49 408 250 
768 304 282 407 373 64 
769 304 170 421 388 357 
770 304 245 355 263 320 
771 304 318 304 364 355 
772 304 317 181 175 331 
773 304 330 372 338 313 
774 304 336 393 227 212 
775 304 431 70 409 315 
776 304 293 308 277 66 
777 304 209 60 236 372 
778 304 159 40 428 398 
779 304 432 87 339 335 
780 304 105 386 123 122 
781 304 330 222 322 335 
782 304 393 204 132 336 
783 304 372 59 236 237 
784 304 411 21 4 109 
785 304 35 420 290 377 
786 304 373 424 391 407 
787 304 152 370 187 191 
788 304 107 365 22 101 
789 304 428 371 358 374 
790 304 431 70 95 78 
791 304 418 88 341 339 
792 304 325 313 255 328 
793 304 255 313 325 327 
794 304 290 420 35 299 
795 304 351 420 377 290 
796 304 302 307 364 306 
797 304 286 311 284 314 
798 304 332 317 366 175 
799 304 229 212 393 336 
800 304 274 310 321 311 
801 304 218 237 338 372 
802 304 274 310 311 341 
803 304 311 314 323 284 
804 304 417 112 309 385 
805 304 200 153 175 317 
806 304 397 77 93 94 
807 304 383 328 326 325 
808 304 62 389 342 283 
809 304 299 58 420 5 
810 304 5 121 420 35 
811 304 384 428 235 358 
812 304 19 400 18 69 
813 304 416 198 352 169 
814 304 357 365 137 346 
815 304 39 385 113 112 
816 304 328 255 247 256 
817 304 426 413 338 232 
818 304 99 343 97 345 
819 304 76 89 326 99 
820 304 244 348 356 257 
821 304 324 254 316 249 
822 304 304 306 309 308 
823 304 17 381 3 72 
824 304 30 102 382 109 
825 304 98 334 75 99 
826 304 259 30 382 429 
827 304 288 275 289 353 
828 304 333 343 345 328 
829 304 205 131 391 146 
830 304 233 371 215 235 
831 304 303 255 313 328 
832 304 76 406 425 343 
833 304 365 354 347 346 
834 304 352 198 361 168 
835 304 82 379 325 338 
836 304 333 343 328 326 
837 304 431 95 70 315 
838 304 307 341 334 322 
839 304 282 407 64 63 
840 304 384 428 358 176 
841 304 353 427 288 312 
842 304 76 406 343 326 
843 304 411 367 196 365 
844 304 108 347 102 109 
845 304 431 95 96 78 
846 304 432 87 335 404 
847 304 74 84 338 85 
848 304 374 61 251 7 
849 304 359 152 370 368 
850 304 402 429 411 4 
851 304 384 155 331 157 
852 304 340 431 270 315 
853 304 330 84 85 338 
854 304 383 328 325 255 
855 304 140 139 130 387 
856 304 376 249 359 240 
857 304 76 425 90 91 
858 304 384 157 42 41 
859 304 196 365 367 201 
860 304 166 430 346 360 
861 304 182 368 359 317 
862 304 360 182 317 368 
863 304 316 369 240 257 
864 304 355 354 117 115 
865 304 287 418 341 286 
866 304 387 130 58 139 
867 304 341 286 418 339 
868 304 86 329 75 85 
869 304 301 287 340 310 
870 304 314 286 283 284 
871 304 247 383 326 16 
872 304 397 77 94 96 
873 304 314 284 273 323 
874 304 409 239 3 67 
875 304 359 370 184 369 
876 304 282 323 63 273 
877 304 275 394 291 290 
878 304 231 223 433 211 
879 304 239 343 406 247 
880 304 339 375 272 18 
881 304 346 203 365 137 
882 304 383 328 255 247 
883 304 19 278 400 418 
884 304 82 329 85 338 
885 304 344 266 261 304 
886 304 384 207 215 216 
887 304 308 301 344 345 
888 304 76 406 326 90 
889 304 346 189 166 129 
890 304 112 385 38 39 
891 304 399 34 113 392 
892 304 105 349 352 351 
893 304 368 346 360 129 
894 304 317 181 331 192 
895 304 367 382 429 259 
896 304 320 114 355 423 
897 304 417 111 350 309 
898 304 98 99 97 345 
899 304 98 334 99 345 
900 304 274 310 341 287 
901 304 125 357 127 126 
902 304 105 403 125 123 
903 304 17 239 406 247 
904 304 402 151 380 53 
905 304 76 343 99 326 
906 304 105 349 351 119 
907 304 349 116 350 119 
908 304 347 346 348 367 
909 304 357 126 104 127 
910 304 356 355 347 244 
911 304 123 386 403 27 
912 304 139 414 387 183 
913 304 363 366 202 361 
914 304 139 414 183 199 
915 304 315 381 409 239 
916 304 144 205 204 336 
917 304 350 349 119 351 
918 304 143 197 165 337 
919 304 321 350 276 296 
920 304 187 370 348 380 
921 304 421 25 388 106 
922 304 404 73 10 11 
923 304 418 310 341 334 
924 304 331 188 175 332 
925 304 372 221 338 218 
926 304 17 406 16 247 
927 304 175 366 200 317 
928 304 417 110 350 100 
929 304 422 40 428 158 
930 304 363 165 171 361 
931 304 331 188 332 401 
932 304 6 39 399 113 
933 304 194 337 165 202 
934 304 131 54 149 390 
935 304 366 307 322 311 
936 304 253 255 327 313 
937 304 418 310 334 340 
938 304 346 189 129 190 
939 304 374 49 408 135 
940 304 420 121 5 29 
941 304 266 267 265 318 
942 304 160 359 184 369 
943 304 24 25 388 170 
944 304 357 365 346 354 
945 304 346 203 137 166 
946 304 333 343 326 99 
947 304 343 326 406 247 
948 304 150 380 151 187 
949 304 107 21 411 109 
950 304 422 384 428 216 
951 304 254 267 303 316 
952 304 426 222 335 214 
953 304 287 418 286 278 
954 304 420 58 130 5 
955 304 313 303 319 324 
956 304 352 349 361 351 
957 304 319 220 210 219 
958 304 184 359 160 185 
959 304 346 365 367 347 
960 304 150 348 346 367 
961 304 48 228 373 391 
962 304 159 40 398 7 
963 304 190 348 187 368 
964 304 287 418 278 340 
965 304 368 346 129 190 
966 304 255 253 327 252 
967 304 304 355 305 364 
968 304 150 380 187 348 
969 304 290 394 291 36 
970 304 312 337 142 336 
971 304 333 343 99 345 
972 304 53 402 133 4 
973 304 137 365 23 203 
974 304 18 69 400 339 
975 304 319 334 302 313 
976 304 303 255 253 313 
977 304 418 88 339 69 
978 304 336 391 323 227 
979 304 250 249 251 358 
980 304 353 312 361 128 
981 304 337 366 164 336 
982 304 141 312 353 128 
983 304 46 47 147 393 
984 304 311 280 323 312 
985 304 47 144 147 393 
986 304 366 360 363 163 
987 304 392 34 103 33 
988 304 245 304 308 261 
989 304 221 426 330 338 
990 304 68 15 383 325 
991 304 371 217 235 233 
992 304 409 378 239 67 
993 304 278 400 418 286 
994 304 371 209 233 372 
995 304 213 62 389 342 
996 304 213 62 342 206 
997 304 196 151 150 367 
998 304 330 329 313 338 
999 304 368 346 190 348 
1000 304 272 375 339 342 
1001 304 308 246 262 261 
1002 304 405 390 149 55 
1003 304 174 129 190 368 
1004 304 56 405 149 55 
1005 304 417 112 385 38 
1006 304 18 69 339 80 
1007 304 289 414 387 57 
1008 304 220 433 401 332 
1009 304 334 330 335 75 
1010 304 425 97 315 92 
1011 304 330 222 221 210 
1012 304 255 241 252 327 
1013 304 44 395 161 156 
1014 304 2 18 375 81 
1015 304 344 315 345 301 
1016 304 308 245 262 309 
1017 304 332 132 161 164 
1018 304 393 391 336 227 
1019 304 231 433 395 211 
1020 304 430 163 172 363 
1021 304 357 137 170 172 
1022 304 2 272 375 18 
1023 304 278 272 400 286 
1024 304 391 390 205 323 
1025 304 321 287 306 310 
1026 304 336 395 229 332 
1027 304 359 249 358 324 
1028 304 131 373 48 145 
1029 304 17 90 16 406 
1030 304 178 175 366 162 
1031 304 425 97 92 76 
1032 304 330 222 210 322 
1033 304 132 395 161 148 
1034 304 178 332 161 164 
1035 304 231 395 433 332 
1036 304 134 181 331 175 
1037 304 309 306 304 305 
1038 304 330 219 210 221 
1039 304 163 363 136 172 
1040 304 267 356 318 316 
1041 304 346 364 356 360 
1042 304 284 323 280 273 
1043 304 432 80 375 339 
1044 304 314 225 323 389 
1045 304 311 314 286 341 
1046 304 418 334 341 88 
1047 304 91 17 72 381 
1048 304 303 256 302 266 
1049 304 349 350 361 351 
1050 304 415 347 382 102 
1051 304 105 403 123 386 
1052 304 301 308 277 292 
1053 304 120 110 394 36 
1054 304 224 323 212 336 
1055 304 395 44 161 148 
1056 304 272 339 400 286 
1057 304 134 156 396 43 
1058 304 354 357 104 305 
1059 304 235 384 358 215 
1060 304 317 153 192 182 
1061 304 312 298 353 311 
1062 304 384 331 358 215 
1063 304 355 415 423 114 
1064 304 376 249 240 250 
1065 304 249 359 316 324 
1066 304 134 156 188 396 
1067 304 241 325 15 419 
1068 304 400 18 339 272 
1069 304 68 15 325 82 
1070 304 19 397 94 20 
1071 304 413 379 338 208 
1072 304 375 80 18 339 
1073 304 19 272 18 400 
1074 304 244 348 257 258 
1075 304 419 15 241 1 
1076 304 239 256 261 344 
1077 304 360 200 366 317 
1078 304 218 208 338 237 
1079 304 424 280 390 323 
1080 304 301 378 308 344 
1081 304 74 84 413 338 
1082 304 30 429 4 109 
1083 304 428 234 374 398 
1084 304 157 155 41 384 
1085 304 365 109 347 108 
1086 304 306 362 350 321 
1087 304 362 363 361 366 
1088 304 351 420 290 387 
1089 304 351 321 353 275 
1090 304 275 288 298 353 
1091 304 42 401 157 384 
1092 304 231 395 229 211 
1093 304 424 54 390 281 
1094 304 171 421 357 352 
1095 304 22 411 133 196 
1096 304 366 337 202 361 
1097 304 202 337 164 194 
1098 304 391 390 424 131 
1099 304 105 349 119 127 
1100 304 275 321 353 298 
1101 304 421 126 388 357 
1102 304 332 132 395 161 
1103 304 213 62 63 389 
1104 304 231 229 395 332 
1105 304 105 120 119 351 
1106 304 407 225 63 323 
1107 304 46 45 393 147 
1108 304 105 120 351 122 
1109 304 423 33 263 320 
1110 304 33 32 423 263 
1111 304 198 197 361 168 
1112 304 401 134 43 157 
1113 304 254 240 257 316 
1114 304 215 324 358 371 
1115 304 360 200 317 186 
1116 304 389 213 225 63 
1117 304 140 139 387 183 
1118 304 407 225 323 227 
1119 304 324 219 319 372 
1120 304 358 176 135 180 
1121 304 301 277 270 292 
1122 304 324 219 372 233 
1123 304 231 210 332 220 
1124 304 239 343 256 344 
1125 304 358 324 215 331 
1126 304 433 401 396 223 
1127 304 331 188 401 134 
1128 304 330 372 313 319 
1129 304 50 49 179 408 
1130 304 302 334 319 307 
1131 304 359 174 185 152 
1132 304 217 371 61 238 
1133 304 178 332 175 188 
1134 304 218 219 233 372 
1135 304 357 365 354 118 
1136 304 286 314 342 341 
1137 304 209 218 233 372 
1138 304 331 188 134 175 
1139 304 322 311 336 366 
1140 304 171 352 361 168 
1141 304 173 141 183 353 
1142 304 318 302 364 304 
1143 304 181 155 331 192 
1144 304 374 408 49 251 
1145 304 360 182 368 129 
1146 304 354 356 364 355 
1147 304 318 356 364 316 
1148 304 231 332 230 229 
1149 304 251 60 371 242 
1150 304 267 244 265 318 
1151 304 184 370 359 152 
1152 304 347 102 109 382 
1153 304 204 337 336 142 
1154 304 270 378 67 277 
1155 304 275 321 298 296 
1156 304 334 75 99 333 
1157 304 287 306 301 292 
1158 304 204 205 142 336 
1159 304 132 395 148 45 
1160 304 314 213 342 224 
1161 304 174 359 154 182 
1162 304 359 154 182 317 
1163 304 363 352 361 171 
1164 304 193 200 366 136 
1165 304 179 376 50 408 
1166 304 40 422 41 158 
1167 304 44 433 156 396 
1168 304 374 234 428 217 
1169 304 390 54 149 55 
1170 304 395 45 44 148 
1171 304 204 337 142 143 
1172 304 301 340 270 315 
1173 304 353 427 312 141 
1174 304 261 378 344 308 
1175 304 318 244 265 355 
1176 304 408 49 179 135 
1177 304 200 163 366 136 
1178 304 177 358 135 180 
1179 304 86 325 82 68 
1180 304 82 379 338 74 
1181 304 241 255 325 327 
1182 304 356 355 244 318 
1183 304 209 218 372 236 
1184 304 363 366 136 202 
1185 304 301 306 310 345 
1186 304 117 415 102 347 
1187 304 293 276 308 309 
1188 304 153 317 186 182 
1189 304 367 382 259 347 
1190 304 320 423 355 263 
1191 304 369 248 370 51 
1192 304 266 304 265 245 
1193 304 268 367 259 258 
1194 304 401 215 331 384 
1195 304 297 274 321 298 
1196 304 433 332 161 188 
1197 304 42 401 384 207 
1198 304 410 431 96 78 
1199 304 431 78 410 409 
1200 304 156 44 396 43 
1201 304 433 44 223 396 
1202 304 95 340 97 315 
1203 304 390 280 312 323 
1204 304 377 122 351 120 
1205 304 314 225 389 213 
1206 304 316 370 257 348 
1207 304 329 330 85 338 
1208 304 173 141 353 128 
1209 304 294 350 291 296 
1210 304 20 410 3 270 
1211 304 42 401 207 43 
1212 304 74 9 83 379 
1213 304 349 125 352 357 
1214 304 84 335 404 426 
1215 304 326 68 89 16 
1216 304 141 427 405 56 
1217 304 239 343 344 315 
1218 304 317 181 192 153 
1219 304 397 19 94 93 
1220 304 328 325 313 333 
1221 304 90 326 16 406 
1222 304 56 271 405 55 
1223 304 157 155 331 181 
1224 304 330 329 85 75 
1225 304 401 215 384 207 
1226 304 374 428 398 159 
1227 304 251 408 250 358 
1228 304 340 431 315 95 
1229 304 75 335 87 85 
1230 304 70 92 315 95 
1231 304 271 390 405 55 
1232 304 381 92 91 425 
1233 304 304 320 309 305 
1234 304 260 244 347 355 
1235 304 321 311 353 298 
1236 304 303 256 266 243 
1237 304 114 33 423 320 
1238 304 19 278 272 400 
1239 304 366 360 317 364 
1240 304 116 349 350 305 
1241 304 169 352 138 168 
1242 304 301 287 292 270 
1243 304 71 410 96 78 
1244 304 374 428 159 135 
1245 304 242 253 252 372 
1246 304 311 280 312 285 
1247 304 419 15 1 83 
1248 304 402 429 4 268 
1249 304 308 302 345 344 
1250 304 354 357 305 364 
1251 304 221 208 232 338 
1252 304 270 3 409 410 
1253 304 278 20 270 397 
1254 304 372 59 252 242 
1255 304 354 347 355 117 
1256 304 350 362 306 305 
1257 304 402 429 268 367 
1258 304 332 322 336 366 
1259 304 289 275 290 351 
1260 304 351 321 275 350 
1261 304 123 386 28 122 
1262 304 340 418 278 397 
1263 304 337 312 311 336 
1264 304 293 309 295 276 
1265 304 308 302 344 304 
1266 304 268 30 259 429 
1267 304 268 367 429 259 
1268 304 336 314 323 311 
1269 304 363 352 171 357 
1270 304 118 354 357 104 
1271 304 418 310 340 287 
1272 304 307 341 322 311 
1273 304 308 302 304 306 
1274 304 3 70 381 409 
1275 304 374 61 7 234 
1276 304 33 32 114 423 
1277 304 340 98 97 345 
1278 304 286 274 341 287 
1279 304 78 410 3 71 
1280 304 301 287 270 340 
1281 304 30 268 4 429 
1282 304 428 384 422 176 
1283 304 341 322 335 334 
1284 304 334 88 75 335 
1285 304 90 326 89 16 
1286 304 371 209 372 60 
1287 304 433 161 332 395 
1288 304 343 328 326 247 
1289 304 82 329 338 325 
1290 304 428 371 374 217 
1291 304 358 428 374 135 
1292 304 40 234 235 428 
1293 304 210 322 222 230 
1294 304 95 397 77 340 
1295 304 328 302 313 303 
1296 304 340 315 345 97 
1297 304 400 418 339 69 
1298 304 331 317 358 324 
1299 304 311 312 323 336 
1300 304 234 217 235 428 
1301 304 384 428 216 235 
1302 304 22 365 23 101 
1303 304 305 355 304 320 
1304 304 329 334 313 333 
1305 304 245 355 320 304 
1306 304 111 392 320 309 
1307 304 329 334 333 75 
1308 304 326 406 247 16 
1309 304 349 362 350 305 
1310 304 353 387 140 351 
1311 304 246 308 262 66 
1312 304 244 260 265 355 
1313 304 320 111 309 305 
1314 304 82 379 74 83 
1315 304 114 320 355 115 
1316 304 114 103 320 115 
1317 304 264 33 320 263 
1318 304 20 270 397 410 
1319 304 59 241 327 252 
1320 304 430 163 363 360 
1321 304 96 20 397 410 
1322 304 360 166 195 186 
1323 304 412 365 101 23 
1324 304 26 125 421 403 
1325 304 118 388 126 357 
1326 304 377 122 120 121 
1327 304 51 160 184 369 
1328 304 41 176 422 384 
1329 304 335 84 87 85 
1330 304 334 98 340 345 
1331 304 402 151 53 133 
1332 304 359 160 376 369 
1333 304 387 130 420 58 
1334 304 359 152 185 184 
1335 304 144 391 47 146 
1336 304 370 258 257 348 
1337 304 312 298 311 285 
1338 304 374 408 358 135 
1339 304 336 395 332 132 
1340 304 131 48 391 146 
1341 304 372 59 327 252 
1342 304 386 123 28 27 
1343 304 150 380 348 367 
1344 304 167 196 201 365 
1345 304 356 360 364 316 
1346 304 47 391 48 146 
1347 304 304 306 364 305 
1348 304 307 362 364 306 
1349 304 356 355 318 364 
1350 304 354 356 355 347 
1351 304 387 420 299 58 
1352 304 132 332 336 164 
1353 304 52 191 151 380 
1354 304 183 414 353 141 
1355 304 290 387 289 351 
1356 304 354 356 347 346 
1357 304 187 370 380 191 
1358 304 348 360 316 368 
1359 304 19 278 418 397 
1360 304 204 337 143 164 
1361 304 25 106 124 388 
1362 304 360 166 186 129 
1363 304 366 193 136 202 
1364 304 192 358 155 331 
1365 304 340 301 310 345 
1366 304 336 314 311 322 
1367 304 229 230 212 336 
1368 304 348 346 347 356 
1369 304 163 363 366 136 
1370 304 276 306 308 309 
1371 304 321 362 361 311 
1372 304 193 366 164 202 
1373 304 95 397 340 431 
1374 304 257 258 370 248 
1375 304 339 88 335 87 
1376 304 432 80 339 87 
1377 304 274 311 321 298 
1378 304 409 3 270 67 
1379 304 332 317 175 331 
1380 304 312 337 361 128 
1381 304 418 310 287 341 
1382 304 387 299 289 58 
1383 304 257 267 316 356 
1384 304 336 314 322 224 
1385 304 409 378 67 270 
1386 304 359 177 160 185 
1387 304 154 359 185 177 
1388 304 304 302 364 306 
1389 304 346 190 150 189 
1390 304 196 133 367 411 
1391 304 391 424 390 323 
1392 304 407 225 227 228 
1393 304 424 280 323 282 
1394 304 312 205 323 336 
1395 304 367 244 347 259 
1396 304 3 381 79 72 
1397 304 290 387 299 289 
1398 304 91 381 72 79 
1399 304 221 218 208 338 
1400 304 334 330 313 319 
1401 304 418 88 69 93 
1402 304 305 362 364 363 
1403 304 75 330 335 85 
1404 304 166 430 360 195 
1405 304 372 221 218 219 
1406 304 339 80 88 87 
1407 304 362 305 364 306 
1408 304 210 231 332 230 
1409 304 133 402 367 411 
1410 304 307 321 311 362 
1411 304 98 77 340 97 
1412 304 430 163 195 172 
1413 304 350 111 305 309 
1414 304 359 317 368 316 
1415 304 121 36 377 35 
1416 304 93 19 418 397 
1417 304 369 50 376 240 
1418 304 266 303 267 318 
1419 304 419 82 379 325 
1420 304 430 360 364 346 
1421 304 328 302 344 345 
1422 304 344 266 304 302 
1423 304 293 65 300 309 
1424 304 250 376 358 408 
1425 304 302 303 364 319 
1426 304 304 245 308 309 
1427 304 425 97 76 343 
1428 304 360 317 364 316 
1429 304 165 171 361 168 
1430 304 197 165 361 168 
1431 304 430 364 360 363 
1432 304 250 50 376 408 
1433 304 354 355 305 115 
1434 304 119 394 351 120 
1435 304 230 224 212 336 
1436 304 430 163 360 195 
1437 304 178 162 366 193 
1438 304 284 311 286 274 
1439 304 294 350 296 276 
1440 304 321 287 310 274 
1441 304 430 364 357 346 
1442 304 323 282 280 273 
1443 304 321 297 298 296 
1444 304 110 37 394 36 
1445 304 376 249 250 358 
1446 304 297 321 276 296 
1447 304 275 321 296 350 
1448 304 312 298 285 288 
1449 304 307 334 345 302 
1450 304 412 24 101 124 
1451 304 308 66 309 262 
1452 304 417 112 38 100 
1453 304 405 427 312 271 
1454 304 24 412 101 23 
1455 304 110 350 100 119 
1456 304 350 116 100 119 
1457 304 427 271 405 56 
1458 304 311 280 285 284 
1459 304 424 280 282 281 
1460 304 307 362 311 366 
1461 304 271 427 288 279 
1462 304 91 17 425 90 
1463 304 399 34 392 269 
1464 304 368 346 348 360 
1465 304 332 317 331 319 
1466 304 307 362 366 364 
1467 304 116 349 104 127 
1468 304 126 388 118 124 
1469 304 271 427 279 56 
1470 304 421 126 357 125 
1471 304 245 264 262 309 
1472 304 111 392 309 113 
1473 304 416 198 169 140 
1474 304 352 169 198 168 
1475 304 116 104 305 115 
1476 304 111 392 113 103 
1477 304 105 403 386 352 
1478 304 118 108 101 365 
1479 304 123 125 26 403 
1480 304 413 379 208 9 
1481 304 86 326 99 333 
1482 304 432 87 404 73 
1483 304 432 80 87 73 
1484 304 312 405 141 427 
1485 304 330 372 319 219 
1486 304 307 341 311 310 
1487 304 325 338 313 329 
1488 304 67 246 66 378 
1489 304 88 98 334 75 
1490 304 81 432 80 375 
1491 304 433 161 156 188 
1492 304 22 365 196 167 
1493 304 332 178 366 164 
1494 304 308 302 306 345 
1495 304 430 357 364 363 
1496 304 326 383 325 68 
1497 304 178 193 366 164 
1498 304 343 256 328 247 
1499 304 427 271 288 312 
1500 304 189 346 166 201 
1501 304 399 392 113 309 
1502 304 166 430 195 137 
1503 304 354 346 357 364 
1504 304 269 65 262 309 
1505 304 417 111 309 112 
1506 304 269 392 264 34 
1507 304 320 111 305 115 
1508 304 392 34 113 103 
1509 304 139 414 199 57 
1510 304 182 368 129 174 
1511 304 404 426 335 214 
1512 304 426 404 10 214 
1513 304 373 54 8 145 
1514 304 426 222 214 221 
1515 304 307 321 362 306 
1516 304 324 254 303 316 
1517 304 377 122 121 420 
1518 304 433 156 161 395 
1519 304 417 110 100 37 
1520 304 118 412 101 124 
1521 304 171 421 352 138 
1522 304 194 143 165 337 
1523 304 324 254 249 253 
1524 304 197 198 361 128 
1525 304 141 312 149 405 
1526 304 128 353 198 361 
1527 304 373 54 145 131 
1528 304 363 165 136 171 
1529 304 324 254 253 303 
1530 304 143 337 142 128 
1531 304 253 242 249 324 
1532 304 354 355 364 305 
1533 304 407 228 64 63 
1534 304 253 372 324 313 
1535 304 141 405 149 56 
1536 304 312 205 336 142 
1537 304 117 415 347 355 
1538 304 411 367 365 109 
1539 304 357 412 137 365 
1540 304 312 141 142 128 
1541 304 171 421 138 170 
1542 304 322 224 230 336 
1543 304 426 214 10 232 
1544 304 153 200 186 317 
1545 304 312 298 288 353 
1546 304 302 313 303 319 
1547 304 362 349 363 305 
1548 304 301 315 345 340 
1549 304 143 194 164 337 
1550 304 357 363 172 171 
1551 304 19 278 397 20 
1552 304 365 167 203 201 
1553 304 421 126 125 106 
1554 304 261 378 308 246 
1555 304 428 159 135 158 
1556 304 374 61 234 217 
1557 304 215 324 371 233 
1558 304 358 192 180 154 
1559 304 401 215 207 220 
1560 304 346 203 166 201 
1561 304 215 324 233 219 
1562 304 360 182 129 186 
1563 304 319 220 219 331 
1564 304 172 357 171 170 
1565 304 349 357 363 305 
1566 304 154 317 192 182 
1567 304 155 358 192 180 
1568 304 372 371 324 233 
1569 304 200 366 175 162 
1570 304 301 378 277 308 
1571 304 404 335 84 87 
1572 304 422 176 41 158 
1573 304 253 242 324 372 
1574 304 187 370 152 368 
1575 304 428 40 159 158 
1576 304 261 378 246 239 
1577 304 378 239 344 315 
1578 304 135 428 176 358 
1579 304 310 307 345 306 
1580 304 324 219 331 319 
1581 304 255 303 256 328 
1582 304 374 7 251 49 
1583 304 376 177 160 359 
1584 304 242 371 251 249 
1585 304 391 424 373 131 
1586 304 242 371 324 372 
1587 304 358 192 154 317 
1588 304 220 433 332 231 
1589 304 325 86 333 326 
1590 304 391 407 424 323 
1591 304 217 371 209 233 
1592 304 108 354 365 118 
1593 304 244 356 318 267 
1594 304 360 200 186 163 
1595 304 245 355 304 265 
1596 304 369 248 257 370 
1597 304 365 346 367 201 
1598 304 155 176 358 180 
1599 304 302 307 306 345 
1600 304 301 378 344 315 
1601 304 177 154 358 180 
1602 304 81 432 375 11 
1603 304 378 239 67 246 
1604 304 165 363 202 361 
1605 304 307 321 306 310 
1606 304 329 86 333 325 
1607 304 329 334 75 330 
1608 304 316 267 257 254 
1609 304 343 256 344 328 
1610 304 313 338 325 327 
1611 304 108 354 118 117 
1612 304 254 253 303 243 
1613 304 329 334 330 313 
1614 304 104 354 115 117 
1615 304 322 307 319 334 
1616 304 329 86 75 333 
1617 304 311 274 341 286 
1618 304 409 378 270 315 
1619 304 213 206 342 224 
1620 304 270 431 410 409 
1621 304 337 312 361 311 
1622 304 20 71 3 410 
1623 304 418 334 88 98 
1624 304 397 431 96 410 
1625 304 339 272 342 286 
1626 304 297 292 306 287 
1627 304 433 156 396 188 
1628 304 321 287 274 297 
1629 304 397 20 96 94 
1630 304 292 306 308 276 
1631 304 292 293 308 277 
1632 304 221 426 338 232 
1633 304 371 374 251 358 
1634 304 303 255 243 253 
1635 304 221 426 232 214 
1636 304 357 412 365 118 
1637 304 407 391 228 227 
1638 304 144 391 146 205 
1639 304 137 24 412 388 
1640 304 314 225 213 224 
1641 304 106 126 124 388 
1642 304 407 225 228 63 
1643 304 95 397 431 96 
1644 304 285 311 284 274 
1645 304 140 173 353 198 
1646 304 119 394 120 110 
1647 304 285 311 274 298 
1648 304 421 126 106 388 
1649 304 137 24 388 170 
1650 304 24 25 124 388 
1651 304 342 432 339 335 
1652 304 137 357 170 388 
1653 304 339 341 342 335 
1654 304 315 381 239 425 
1655 304 385 300 39 399 
1656 304 286 272 342 283 
1657 304 81 432 11 73 
1658 304 335 341 88 339 
1659 304 224 322 222 335 
1660 304 342 322 335 341 
1661 304 418 98 88 93 
1662 304 283 314 389 342 
1663 304 342 322 341 314 
1664 304 357 412 118 388 
1665 304 384 331 155 358 
1666 304 301 306 345 308 
1667 304 267 303 266 243 
1668 304 206 404 214 11 
1669 304 114 103 33 320 
1670 304 307 321 310 311 
1671 304 372 221 219 330 
1672 304 103 392 33 320 
1673 304 403 123 27 26 
1674 304 365 109 108 107 
1675 304 65 399 6 300 
1676 304 402 429 367 411 
1677 304 365 109 107 411 
1678 304 316 360 348 356 
1679 304 316 369 257 370 
1680 304 51 191 370 184 
1681 304 224 206 342 335 
1682 304 315 343 345 97 
1683 304 372 221 330 338 
1684 304 381 92 425 315 
1685 304 290 387 420 299 
1686 304 82 329 325 86 
1687 304 93 340 98 77 
1688 304 254 267 243 303 
1689 304 315 409 431 270 
1690 304 278 270 340 397 
1691 304 375 80 81 18 
1692 304 92 95 97 315 
1693 304 426 413 232 10 
1694 304 425 97 343 315 
1695 304 425 17 381 239 
1696 304 426 222 221 330 
1697 304 84 73 10 404 
1698 304 406 425 239 17 
1699 304 95 340 77 97 
1700 304 140 387 353 183 
1701 304 321 287 297 306 
1702 304 353 387 351 289 
1703 304 343 239 256 247 
1704 304 304 318 265 355 
1705 304 118 354 104 117 
1706 304 407 323 391 227 
1707 304 347 108 102 117 
1708 304 140 198 353 351 
1709 304 381 70 315 409 
1710 304 264 245 263 320 
1711 304 349 362 363 361 
1712 304 425 343 239 315 
1713 304 245 355 265 263 
1714 304 102 30 382 31 
1715 304 415 102 382 31 
1716 304 84 404 10 426 
1717 304 139 58 387 57 
1718 304 121 35 377 420 
1719 304 416 198 140 351 
1720 304 383 328 247 326 
1721 304 349 362 361 350 
1722 304 116 349 127 119 
1723 304 118 357 126 104 
1724 304 349 125 357 127 
1725 304 103 320 115 111 
1726 304 349 125 127 105 
1727 304 121 29 420 122 
1728 304 406 425 343 239 
1729 304 377 122 420 351 
1730 304 198 353 128 173 
1731 304 119 394 110 350 
1732 304 311 312 361 353 
1733 304 199 56 57 414 
1734 304 76 406 90 425 
1735 304 28 29 122 416 
1736 304 363 352 357 349 
1737 304 323 227 212 336 
1738 304 340 418 397 93 
1739 304 275 289 353 351 
1740 304 416 105 351 122 
1741 304 373 8 48 145 
1742 304 166 430 137 346 
1743 304 198 352 361 351 
1744 304 321 311 361 353 
1745 304 351 321 350 361 
1746 304 141 56 414 427 
1747 304 187 380 151 191 
1748 304 421 25 106 26 
1749 304 346 203 201 365 
1750 304 430 137 346 357 
1751 304 404 206 214 335 
1752 304 353 141 414 427 
1753 304 288 414 427 353 
1754 304 191 152 370 184 
1755 304 346 189 150 201 
1756 304 362 321 361 350 
1757 304 407 424 323 282 
1758 304 316 370 348 368 
1759 304 316 370 368 359 
1760 304 316 369 370 359 
1761 304 359 317 316 324 
1762 304 317 331 319 324 
1763 304 165 363 136 202 
1764 304 132 45 393 395 
1765 304 307 302 364 319 
1766 304 337 311 361 366 
1767 304 332 178 161 188 
1768 304 204 337 164 336 
1769 304 303 316 319 324 
1770 304 214 404 10 11 
1771 304 319 220 331 332 
1772 304 196 365 22 411 
1773 304 356 244 257 267 
1774 304 159 49 374 135 
1775 304 318 302 304 266 
1776 304 318 302 266 303 
1777 304 302 328 333 345 
1778 304 316 317 364 319 
1779 304 353 198 361 351 
1780 304 172 363 136 171 
1781 304 430 137 357 172 
1782 304 397 431 410 270 
1783 304 242 371 249 324 
1784 304 74 9 413 10 
1785 304 62 272 342 375 
1786 304 11 432 206 404 
1787 304 138 403 27 26 
1788 304 272 62 342 283 
1789 304 397 431 270 340 
1790 304 1 419 83 379 
1791 304 59 419 1 237 
1792 304 369 248 51 240 
1793 304 322 210 332 230 
1794 304 282 424 373 407 
1795 304 352 421 403 138 
1796 304 338 372 327 313 
1797 304 11 432 375 206 
1798 304 30 109 382 429 
1799 304 177 408 376 179 
1800 304 366 307 364 319 
1801 304 114 415 31 102 
1802 304 32 415 114 423 
1803 304 432 206 404 335 
1804 304 430 137 172 195 
1805 304 363 362 364 366 
1806 304 352 421 125 403 
1807 304 373 54 424 282 
1808 304 402 151 133 367 
1809 304 430 357 363 172 
1810 304 334 340 310 345 
1811 304 6 39 300 399 
1812 304 261 378 239 344 
1813 304 256 303 255 243 
1814 304 406 425 17 90 
1815 304 393 391 144 336 
1816 304 302 256 328 344 
1817 304 330 322 210 319 
1818 304 343 328 344 345 
1819 304 330 322 319 334 
1820 304 369 248 240 257 
1821 304 297 292 276 306 
1822 304 37 417 38 100 
1823 304 342 432 375 339 
1824 304 424 280 281 390 
1825 304 291 417 37 394 
1826 304 37 294 38 417 
1827 304 134 157 331 181 
1828 304 134 401 331 157 
1829 304 271 288 312 285 
1830 304 311 280 284 323 
1831 304 417 110 37 394 
1832 304 276 417 309 295 
1833 304 276 417 295 294 
1834 304 350 111 100 116 
1835 304 276 417 294 350 
1836 304 403 386 138 27 
1837 304 162 200 366 193 
1838 304 206 214 335 222 
1839 304 360 182 186 317 
1840 304 282 424 281 54 
1841 304 366 317 319 364 
1842 304 291 417 294 37 
1843 304 334 307 345 310 
1844 304 32 415 423 260 
1845 304 381 70 3 79 
1846 304 425 92 91 76 
1847 304 381 70 79 92 
1848 304 393 204 336 144 
1849 304 393 204 144 147 
1850 304 323 227 225 212 
1851 304 393 132 147 45 
1852 304 112 111 309 113 
1853 304 308 246 378 66 
1854 304 293 292 308 276 
1855 304 117 415 355 114 
1856 304 19 418 69 93 
1857 304 32 415 260 31 
1858 304 95 397 96 77 
1859 304 386 169 28 416 
1860 304 328 302 333 313 
1861 304 99 334 333 345 
1862 304 418 334 98 340 
1863 304 88 341 335 334 
1864 304 418 98 93 340 
1865 304 84 330 335 426 
1866 304 314 213 389 342 
1867 304 352 416 105 351 
1868 304 366 360 364 363 
1869 304 352 416 386 105 
1870 304 341 322 311 314 
1871 304 169 28 416 130 
1872 304 423 260 355 263 
1873 304 349 357 104 127 
1874 304 303 318 364 316 
1875 304 108 354 117 347 
1876 304 260 423 32 263 
1877 304 305 357 363 364 
1878 304 342 322 314 224 
1879 304 177 408 179 135 
1880 304 342 432 206 375 
1881 304 355 415 347 260 
1882 304 389 63 323 273 
1883 304 74 84 10 413 
1884 304 224 206 335 222 
1885 304 389 63 225 323 
1886 304 342 322 224 335 
1887 304 169 140 130 416 
1888 304 330 84 335 85 
1889 304 313 372 324 319 
1890 304 71 20 96 410 
1891 304 63 323 282 407 
1892 304 332 322 366 319 
1893 304 325 328 326 333 
1894 304 367 244 259 258 
1895 304 367 244 258 348 
1896 304 220 433 231 223 
1897 304 419 82 325 15 
1898 304 359 174 152 368 
1899 304 2 272 62 375 
1900 304 74 338 82 85 
1901 304 82 329 86 85 
1902 304 150 348 187 190 
1903 304 32 415 31 114 
1904 304 150 348 190 346 
1905 304 357 349 104 305 
1906 304 108 354 347 365 
1907 304 417 111 112 100 
1908 304 417 111 100 350 
1909 304 369 51 370 184 
1910 304 350 111 116 305 
1911 304 355 320 305 115 
1912 304 306 309 350 305 
1913 304 191 51 370 52 
1914 304 235 384 215 216 
1915 304 176 428 135 158 
1916 304 372 237 338 327 
1917 304 259 415 260 347 
1918 304 379 327 338 237 
1919 304 177 408 135 358 
1920 304 403 386 352 138 
1921 304 149 312 141 142 
1922 304 119 394 350 351 
1923 304 318 302 303 364 
1924 304 289 414 57 279 
1925 304 155 176 384 358 
1926 304 355 415 260 423 
1927 304 312 390 149 405 
1928 304 312 205 142 149 
1929 304 312 390 405 271 
1930 304 205 390 312 323 
1931 304 205 131 149 390 
1932 304 428 371 217 235 
1933 304 182 368 174 359 
1934 304 259 415 31 260 
1935 304 360 200 163 366 
1936 304 251 60 61 371 
1937 304 381 70 92 315 
1938 304 411 429 109 4 
1939 304 373 54 131 424 
1940 304 356 346 360 348 
1941 304 249 254 316 240 
1942 304 372 253 327 313 
1943 304 295 417 38 294 
1944 304 187 152 190 368 
1945 304 196 367 150 201 
1946 304 367 346 150 201 
1947 304 371 374 61 251 
1948 304 152 174 190 368 
1949 304 376 177 359 358 
1950 304 371 374 217 61 
1951 304 371 235 358 215 
1952 304 419 82 15 83 
1953 304 183 414 141 199 
1954 304 65 399 269 6 
1955 304 326 383 68 16 
1956 304 334 302 333 345 
1957 304 88 75 335 87 
1958 304 337 197 361 128 
1959 304 143 197 337 128 
1960 304 73 84 87 404 
1961 304 253 372 327 252 
1962 304 358 192 317 331 
1963 304 154 359 358 317 
1964 304 374 358 408 251 
1965 304 314 284 283 273 
1966 304 76 343 97 99 
1967 304 288 414 353 289 
1968 304 86 89 326 68 
1969 304 385 300 295 39 
1970 304 176 422 428 158 
1971 304 372 237 327 59 
1972 304 267 318 303 316 
1973 304 317 181 153 175 
1974 304 253 303 313 324 
1975 304 325 86 326 68 
1976 304 383 15 68 16 
1977 304 56 279 414 427 
1978 304 217 371 238 209 
1979 304 428 216 235 40 
1980 304 237 419 327 59 
1981 304 216 41 422 384 
1982 304 219 220 215 331 
1983 304 40 216 41 422 
1984 304 414 56 57 279 
1985 304 312 390 205 149 
1986 304 53 268 402 4 
1987 304 215 324 219 331 
1988 304 45 229 393 395 
1989 304 304 308 261 344 
1990 304 264 245 320 309 
1991 304 65 399 300 309 
1992 304 428 216 40 422 
1993 304 288 414 289 279 
1994 304 266 304 245 261 
1995 304 344 266 302 256 
1996 304 379 327 237 419 
1997 304 317 359 358 324 
1998 304 402 258 53 380 
1999 304 393 204 147 132 
2000 304 229 332 230 336 
2001 304 401 396 223 43 
2002 304 249 371 251 358 
2003 304 245 304 320 309 
2004 304 332 322 230 336 
2005 304 426 413 84 338 
2006 304 385 300 399 309 
2007 304 269 264 309 262 
2008 304 65 399 309 269 
2009 304 354 356 346 364 
2010 304 223 44 433 211 
2011 304 141 199 414 56 
2012 304 139 414 57 387 
2013 304 288 414 279 427 
2014 304 117 415 114 102 
2015 304 413 9 232 10 
2016 304 114 355 117 115 
2017 304 314 225 224 323 
2018 304 271 312 280 285 
2019 304 390 280 281 271 
2020 304 276 417 350 309 
2021 304 306 309 276 350 
2022 304 275 350 296 291 
2023 304 321 306 276 350 
2024 304 297 306 276 321 
2025 304 245 308 262 261 
2026 304 9 413 232 208 
2027 304 344 266 256 261 
2028 304 293 295 309 300 
2029 304 426 413 10 84 
2030 304 138 26 421 403 
2031 304 111 392 103 320 
2032 304 352 421 357 125 
2033 304 301 306 308 292 
2034 304 401 207 223 220 
2035 304 208 413 232 338 
2036 304 228 8 373 64 
2037 304 391 373 407 228 
2038 304 44 433 395 156 
2039 304 228 8 48 373 
2040 304 407 228 373 64 
2041 304 374 7 49 159 
2042 304 428 371 235 358 
2043 304 411 429 367 109 
2044 304 187 370 368 348 
2045 304 2 206 11 375 
2046 304 428 398 40 234 
2047 304 206 2 62 375 
2048 304 78 3 410 409 
2049 304 342 432 335 206 
2050 304 47 227 391 393 
2051 304 227 393 47 226 
2052 304 206 62 342 375 
2053 304 11 432 404 73 
2054 304 171 421 170 357 
2055 304 65 293 66 309 
2056 304 308 293 309 66 
2057 304 170 421 138 26 
2058 304 369 50 240 51 
2059 304 359 376 240 369 
2060 304 393 227 212 226 
2061 304 369 50 51 160 
2062 304 250 50 240 376 
2063 304 377 394 290 36 
2064 304 377 394 36 120 
2065 304 416 387 140 130 
2066 304 377 36 290 35 
2067 304 52 51 370 248 
2068 304 402 258 380 367 
2069 304 270 378 277 301 
2070 304 67 378 66 277 
2071 304 308 378 277 66 
2072 304 270 378 301 315 
2073 304 61 60 238 371 
2074 304 60 59 236 372 
2075 304 371 60 372 242 
2076 304 399 269 392 309 
2077 304 9 1 379 208 
2078 304 413 379 9 74 
2079 304 413 379 74 338 
2080 304 208 379 338 237 
2081 304 208 1 379 237 
2082 304 53 52 380 258 
2083 304 402 258 367 268 
2084 304 380 370 348 258 
2085 304 380 370 52 191 
2086 304 367 380 348 258 
2087 304 402 258 268 53 
2088 304 107 411 22 365 
2089 304 23 167 203 365 
2090 304 399 34 269 6 
2091 304 22 167 23 365 
2092 304 399 34 6 113 
2093 304 17 239 3 381 
2094 304 91 17 381 425 
2095 304 3 239 409 381 
2096 304 381 92 79 91 
2097 304 367 382 347 109 
2098 304 259 415 347 382 
2099 304 367 382 109 429 
2100 304 382 30 259 31 
2101 304 259 415 382 31 
2102 304 241 255 383 325 
2103 304 357 412 388 137 
2104 304 383 15 241 325 
2105 304 247 241 383 16 
2106 304 241 15 383 16 
2107 304 255 241 383 247 
2108 304 216 384 42 41 
2109 304 122 420 351 416 
2110 304 207 384 42 216 
2111 304 420 29 416 122 
2112 304 420 35 299 5 
2113 304 42 401 43 157 
2114 304 360 166 129 346 
2115 304 385 309 399 113 
2116 304 81 432 73 80 
2117 304 295 417 309 385 
2118 304 385 295 38 39 
2119 304 130 420 5 29 
2120 304 385 300 309 295 
2121 304 295 417 385 38 
2122 304 105 416 386 122 
2123 304 386 169 352 138 
2124 304 386 169 138 27 
2125 304 352 416 169 386 
2126 304 386 416 28 122 
2127 304 169 386 28 27 
2128 304 416 387 130 420 
2129 304 401 215 220 331 
2130 304 183 414 387 353 
2131 304 289 414 353 387 
2132 304 52 248 370 258 
2133 304 396 44 223 43 
2134 304 387 58 289 57 
2135 304 421 25 26 170 
2136 304 60 242 59 372 
2137 304 433 401 332 188 
2138 304 421 106 125 26 
2139 304 401 384 331 157 
2140 304 118 388 412 124 
2141 304 421 25 170 388 
2142 304 389 314 283 273 
2143 304 62 389 283 273 
2144 304 389 314 273 323 
2145 304 389 62 63 273 
2146 304 24 137 412 23 
2147 304 325 241 327 419 
2148 304 388 24 412 124 
2149 304 131 54 390 424 
2150 304 271 281 390 55 
2151 304 281 54 390 55 
2152 304 390 280 271 312 
2153 304 137 365 412 23 
2154 304 220 433 223 401 
2155 304 433 401 188 396 
2156 304 227 228 48 391 
2157 304 144 47 391 393 
2158 304 207 401 223 43 
2159 304 402 133 4 411 
2160 304 47 227 48 391 
2161 304 336 391 144 205 
2162 304 133 21 4 411 
2163 304 264 34 392 33 
2164 304 392 264 320 309 
2165 304 419 241 327 59 
2166 304 264 33 392 320 
2167 304 269 392 309 264 
2168 304 393 212 229 226 
2169 304 46 47 393 226 
2170 304 59 241 1 419 
2171 304 46 45 226 393 
2172 304 398 40 234 7 
2173 304 45 229 226 393 
2174 304 377 394 120 351 
2175 304 394 37 291 36 
2176 304 291 417 394 350 
2177 304 275 394 290 351 
2178 304 291 417 350 294 
2179 304 377 394 351 290 
2180 304 419 82 83 379 
2181 304 22 411 21 133 
2182 304 211 45 44 395 
2183 304 45 211 229 395 
2184 304 22 411 107 21 
2185 304 134 396 401 43 
2186 304 134 396 188 401 
2187 304 131 48 373 391 
2188 304 44 433 211 395 
2189 304 336 395 132 393 
2190 304 374 7 398 234 
