9 36
1 0.000000e+00 0.000000e+00 2.000000e+00
2 0.000000e+00 0.000000e+00 0.000000e+00
3 0.000000e+00 2.000000e+00 2.000000e+00
4 0.000000e+00 2.000000e+00 0.000000e+00
5 2.000000e+00 0.000000e+00 2.000000e+00
6 2.000000e+00 0.000000e+00 0.000000e+00
7 2.000000e+00 2.000000e+00 2.000000e+00
8 2.000000e+00 2.000000e+00 0.000000e+00
9 1.000000e+00 1.000000e+00 1.000000e+00
1 102 2 1 
2 102 1 3 
3 102 4 3 
4 102 2 4 
5 102 6 5 
6 102 5 7 
7 102 8 7 
8 102 6 8 
9 102 2 6 
10 102 1 5 
11 102 4 8 
12 102 3 7 
13 203 4 2 3 
14 203 3 2 1 
15 203 8 7 6 
16 203 7 5 6 
17 203 2 6 1 
18 203 1 6 5 
19 203 4 3 8 
20 203 3 7 8 
21 203 2 4 6 
22 203 6 4 8 
23 203 1 5 3 
24 203 5 7 3 
25 304 6 7 5 9 
26 304 6 8 7 9 
27 304 2 3 4 9 
28 304 2 1 3 9 
29 304 4 6 9 8 
30 304 8 3 7 9 
31 304 2 4 6 9 
32 304 6 1 2 9 
33 304 5 3 1 9 
34 304 5 7 3 9 
35 304 6 5 1 9 
36 304 3 8 4 9 
