282 1321
1 1.224647e-16 -2.999520e-32 2.000000e+00
2 1.224647e-16 -2.999520e-32 -2.000000e+00
3 1.224647e-16 -2.999520e-32 2.000000e+00
4 1.224647e-16 -2.999520e-32 2.000000e+00
5 1.224647e-16 -2.999520e-32 2.000000e+00
6 8.677675e-01 -2.125417e-16 -1.801938e+00
7 1.563663e+00 -3.829870e-16 -1.246980e+00
8 1.949856e+00 -4.775769e-16 -4.450419e-01
9 1.949856e+00 -4.775769e-16 4.450419e-01
10 1.563663e+00 -3.829870e-16 1.246980e+00
11 8.677675e-01 -2.125417e-16 1.801938e+00
12 1.224647e-16 -2.999520e-32 -2.000000e+00
13 1.224647e-16 -2.999520e-32 -2.000000e+00
14 1.224647e-16 -2.999520e-32 -2.000000e+00
15 -2.774190e-01 1.797621e+00 8.316238e-01
16 -2.782636e-01 -1.797511e+00 8.315793e-01
17 1.735224e+00 -5.231228e-01 8.457784e-01
18 7.408140e-01 -1.198066e+00 -1.419800e+00
19 -1.069612e+00 -9.153246e-01 -1.420603e+00
20 1.735246e+00 5.227924e-01 8.459376e-01
21 -1.069557e+00 9.152732e-01 -1.420677e+00
22 7.407523e-01 1.198087e+00 -1.419815e+00
23 -1.818925e+00 -3.415423e-04 8.315721e-01
24 8.071959e-01 -6.512457e-01 1.710063e+00
25 2.082655e-01 -1.028763e+00 1.702431e+00
26 9.584677e-01 -1.545621e+00 8.321023e-01
27 3.921553e-01 -1.927233e+00 -3.633011e-01
28 -9.563753e-01 -1.718516e+00 -3.633856e-01
29 -2.169268e-01 -1.385844e+00 -1.425615e+00
30 4.171086e-01 -3.045781e-01 -1.932163e+00
31 7.160810e-02 -5.026796e-01 -1.934473e+00
32 -2.630329e-01 -3.644875e-01 -1.948836e+00
33 -5.433598e-01 -1.997840e-01 -1.914379e+00
34 1.370763e+00 -4.839834e-01 -1.373597e+00
35 1.544042e+00 -1.217304e+00 -3.662046e-01
36 2.178777e-01 1.033818e+00 1.698161e+00
37 8.048148e-01 6.484714e-01 1.712238e+00
38 9.584004e-01 1.545652e+00 8.321233e-01
39 -9.563674e-01 1.718521e+00 -3.633818e-01
40 3.921685e-01 1.927232e+00 -3.632927e-01
41 -2.169227e-01 1.385381e+00 -1.426066e+00
42 -5.435939e-01 1.998497e-01 -1.914306e+00
43 -2.628768e-01 3.643011e-01 -1.948892e+00
44 7.150090e-02 5.021387e-01 -1.934617e+00
45 4.167596e-01 3.042401e-01 -1.932291e+00
46 1.370731e+00 4.840437e-01 -1.373608e+00
47 1.544078e+00 1.217332e+00 -3.659593e-01
48 -1.408235e+00 6.440344e-06 -1.420167e+00
49 -1.844549e+00 6.823600e-01 -3.633484e-01
50 -1.380865e+00 1.183655e+00 8.319682e-01
51 -1.844548e+00 -6.823669e-01 -3.633443e-01
52 -1.380935e+00 -1.183693e+00 8.317985e-01
53 -4.947595e-01 9.180135e-01 1.706594e+00
54 -5.120283e-01 -9.218886e-01 1.699396e+00
55 -9.738382e-01 -3.685863e-01 1.707566e+00
56 -9.763309e-01 3.603902e-01 1.707893e+00
57 1.361406e+00 -3.003210e-01 1.434009e+00
58 3.795175e-01 -4.683399e-01 1.906994e+00
59 2.428553e-01 -6.231761e-01 1.884854e+00
60 5.516562e-01 -9.047828e-01 1.696185e+00
61 1.291458e+00 -7.045481e-01 1.354898e+00
62 9.905697e-01 -1.111081e+00 1.335766e+00
63 1.433311e+00 -1.117901e+00 8.342155e-01
64 5.486827e-01 -1.387233e+00 1.332116e+00
65 3.440270e-02 -1.490189e+00 1.333474e+00
66 3.625661e-01 -1.783059e+00 8.302094e-01
67 9.339798e-01 -3.423918e-01 1.735065e+00
68 4.414876e-01 -2.843144e-01 1.929833e+00
69 5.170067e-01 -1.310711e-01 1.927570e+00
70 4.686434e-02 -1.984298e+00 2.456958e-01
71 -6.444502e-01 -1.877294e+00 2.458667e-01
72 -3.007546e-01 -1.943579e+00 -3.633814e-01
73 6.512070e-01 -1.642405e+00 -9.372486e-01
74 4.116410e-02 -1.765952e+00 -9.379332e-01
75 2.785305e-01 -1.380640e+00 -1.419948e+00
76 -5.738763e-01 -1.670263e+00 -9.385562e-01
77 -1.117790e+00 -1.367755e+00 -9.379714e-01
78 -6.840753e-01 -1.224761e+00 -1.425483e+00
79 6.391186e-01 -7.069755e-01 -1.758327e+00
80 3.264762e-01 -8.304566e-01 -1.789904e+00
81 2.670107e-01 -3.625048e-01 -1.948665e+00
82 -6.096840e-01 -7.217040e-01 -1.762790e+00
83 -8.329007e-01 -4.839640e-01 -1.752728e+00
84 -4.182458e-01 -3.223022e-01 -1.929039e+00
85 -6.115863e-02 -4.950484e-01 -1.936798e+00
86 -2.973368e-01 -8.193054e-01 -1.800091e+00
87 1.532518e-02 -9.460710e-01 -1.762020e+00
88 5.604836e-01 -1.664568e-01 -1.912629e+00
89 8.743642e-01 -4.692502e-01 -1.736459e+00
90 1.115741e+00 -8.800162e-01 -1.407371e+00
91 1.068214e+00 -2.348668e-01 -1.674442e+00
92 1.177974e+00 -1.318548e+00 -9.347775e-01
93 1.034642e+00 -1.672614e+00 -3.631533e-01
94 7.320222e-01 -1.844941e+00 2.456319e-01
95 1.324164e+00 -1.478774e+00 2.445769e-01
96 1.746128e+00 -9.468489e-01 2.334808e-01
97 1.947656e+00 -4.283333e-01 1.522008e-01
98 1.849566e+00 -6.562600e-01 -3.852664e-01
99 1.738623e+00 -3.979084e-01 -9.049075e-01
100 1.550168e+00 -8.598340e-01 -9.261017e-01
101 2.523692e-01 6.372228e-01 1.878898e+00
102 3.782785e-01 4.718193e-01 1.906382e+00
103 5.522993e-01 9.084100e-01 1.694036e+00
104 3.875565e-02 1.489767e+00 1.333827e+00
105 5.505347e-01 1.387473e+00 1.331102e+00
106 3.633930e-01 1.782932e+00 8.301207e-01
107 9.915561e-01 1.111352e+00 1.334808e+00
108 1.293287e+00 7.032765e-01 1.353814e+00
109 1.433833e+00 1.117341e+00 8.340700e-01
110 1.361491e+00 2.998463e-01 1.434027e+00
111 9.368940e-01 3.372882e-01 1.734493e+00
112 5.236797e-01 1.258607e-01 1.926115e+00
113 4.408528e-01 2.790395e-01 1.930747e+00
114 -6.442907e-01 1.877341e+00 2.459253e-01
115 4.707738e-02 1.984294e+00 2.456838e-01
116 -3.007192e-01 1.943587e+00 -3.633710e-01
117 -1.117729e+00 1.367760e+00 -9.380377e-01
118 -5.738440e-01 1.670251e+00 -9.385979e-01
119 -6.839149e-01 1.224577e+00 -1.425718e+00
120 4.113906e-02 1.765863e+00 -9.381017e-01
121 6.511278e-01 1.642451e+00 -9.372234e-01
122 2.783773e-01 1.380311e+00 -1.420299e+00
123 -8.316064e-01 4.845767e-01 -1.753173e+00
124 -6.110846e-01 7.232429e-01 -1.761674e+00
125 -4.183144e-01 3.224370e-01 -1.929002e+00
126 3.256279e-01 8.287606e-01 -1.790844e+00
127 6.358842e-01 7.031874e-01 -1.761016e+00
128 2.665315e-01 3.618494e-01 -1.948852e+00
129 -6.109671e-02 4.942973e-01 -1.936992e+00
130 1.615036e-02 9.455175e-01 -1.762310e+00
131 -2.976600e-01 8.199921e-01 -1.799725e+00
132 5.603453e-01 1.663546e-01 -1.912679e+00
133 1.064203e+00 2.336934e-01 -1.677158e+00
134 8.763202e-01 4.712226e-01 -1.734939e+00
135 1.115467e+00 8.803196e-01 -1.407398e+00
136 1.947838e+00 4.273890e-01 1.525356e-01
137 1.177766e+00 1.318800e+00 -9.346842e-01
138 1.034692e+00 1.672602e+00 -3.630608e-01
139 1.745681e+00 9.478115e-01 2.329200e-01
140 1.323729e+00 1.479192e+00 2.444057e-01
141 7.318708e-01 1.845010e+00 2.455670e-01
142 1.849473e+00 6.565156e-01 -3.852754e-01
143 1.550872e+00 8.579593e-01 -9.266621e-01
144 1.738581e+00 3.998511e-01 -9.041331e-01
145 -4.895511e-01 -1.726575e-07 -1.939160e+00
146 -9.503622e-01 1.694509e-01 -1.751599e+00
147 -1.325401e+00 4.894270e-01 -1.415547e+00
148 -9.531882e-01 -1.698607e-01 -1.750023e+00
149 -1.325806e+00 -4.893654e-01 -1.415189e+00
150 -1.523558e+00 8.954018e-01 -9.364972e-01
151 -1.493300e+00 1.279954e+00 -3.630053e-01
152 -1.255679e+00 1.537128e+00 2.459853e-01
153 -8.839733e-01 1.589574e+00 8.317732e-01
154 -1.711036e+00 1.005907e+00 2.459855e-01
155 -1.953771e+00 3.497285e-01 2.459007e-01
156 -1.706013e+00 6.307438e-01 8.316735e-01
157 -1.523605e+00 -8.953944e-01 -9.364283e-01
158 -1.493309e+00 -1.279948e+00 -3.629905e-01
159 -1.953750e+00 -3.498575e-01 2.458859e-01
160 -1.711018e+00 -1.005945e+00 2.459525e-01
161 -1.705875e+00 -6.312433e-01 8.315791e-01
162 -1.255738e+00 -1.537087e+00 2.459393e-01
163 -8.846172e-01 -1.589304e+00 8.316031e-01
164 -1.966714e+00 -1.349770e-05 -3.633670e-01
165 -1.739709e+00 -3.113078e-01 -9.362162e-01
166 -1.739807e+00 3.113679e-01 -9.360138e-01
167 -4.788550e-01 1.410329e+00 1.334792e+00
168 -1.432868e-01 1.038065e+00 1.703493e+00
169 4.926075e-02 5.926325e-01 1.909544e+00
170 -1.558533e-01 5.554107e-01 1.915001e+00
171 -3.503644e-01 4.701649e-01 1.912117e+00
172 -4.844859e-01 -1.409850e+00 1.333265e+00
173 -1.637295e-01 -1.040780e+00 1.699991e+00
174 -3.657351e-01 -4.829719e-01 1.906037e+00
175 -2.208241e-01 -6.351769e-01 1.883557e+00
176 8.966327e-03 -5.686007e-01 1.917450e+00
177 -4.447080e-01 -2.967662e-01 1.927217e+00
178 -7.898651e-01 -6.915034e-01 1.702333e+00
179 -9.424961e-01 -1.156135e+00 1.332311e+00
180 -1.283628e+00 -7.580939e-01 1.333264e+00
181 -1.465962e+00 -2.648397e-01 1.334472e+00
182 -4.420280e-01 2.881247e-01 1.929144e+00
183 -7.853575e-01 6.873057e-01 1.706114e+00
184 -1.466373e+00 2.610771e-01 1.334762e+00
185 -1.283723e+00 7.559216e-01 1.334406e+00
186 -9.394346e-01 1.156956e+00 1.333760e+00
187 -1.047480e+00 -5.189902e-03 1.703748e+00
188 -5.659918e-01 1.029311e-01 1.915479e+00
189 -5.631526e-01 -1.106250e-01 1.915887e+00
190 1.738439e-01 -1.488906e-01 -1.986859e+00
191 1.736916e-01 1.487529e-01 -1.986883e+00
192 1.880021e-01 -2.087493e-01 1.980171e+00
193 -1.749951e-01 -1.522579e-01 -1.986503e+00
194 1.901848e-01 2.111740e-01 1.979706e+00
195 -1.749802e-01 1.522525e-01 -1.986505e+00
196 -1.826115e-01 2.070934e-01 1.980850e+00
197 -1.855389e-01 -2.135511e-01 1.979892e+00
198 -2.616925e-01 -1.103898e-01 1.979730e+00
199 -1.258197e-01 2.596553e-01 1.979078e+00
200 -1.173396e-01 2.907855e-01 -1.975266e+00
201 1.410084e-01 3.189116e-01 1.969368e+00
202 -1.173452e-01 -2.908095e-01 -1.975262e+00
203 2.531228e-01 -1.068581e-01 1.981038e+00
204 2.301341e-01 1.104707e-01 -1.983642e+00
205 2.302398e-01 -1.105328e-01 -1.983626e+00
206 1.226859e-01 -2.901945e-01 -1.975028e+00
207 1.225154e-01 2.898151e-01 -1.975094e+00
208 1.335351e-01 -3.067128e-01 1.971825e+00
209 -2.596977e-01 -1.090275e-01 -1.980068e+00
210 2.511302e-01 1.050752e-01 1.981387e+00
211 -2.597339e-01 1.090465e-01 -1.980062e+00
212 -2.578723e-01 1.075185e-01 1.980389e+00
213 -1.273119e-01 -3.103898e-01 1.971662e+00
214 -1.170410e-01 -1.153609e-01 1.993237e+00
215 -1.132618e-01 1.097695e-01 1.993771e+00
216 -1.001998e-01 1.016292e-01 -1.994901e+00
217 1.173522e-01 1.135354e-01 1.993323e+00
218 -1.002177e-01 -1.016461e-01 -1.994900e+00
219 1.163304e-01 -1.129238e-01 1.993418e+00
220 9.824147e-02 9.954283e-02 -1.995104e+00
221 9.835206e-02 -9.965570e-02 -1.995093e+00
222 -3.150533e-03 -5.900807e-03 1.047713e+00
223 -6.588890e-02 -1.230371e+00 -5.406829e-02
224 -4.103701e-01 9.042954e-01 8.590340e-01
225 -8.645507e-01 -5.996962e-01 7.886527e-01
226 3.461594e-02 -2.319100e-01 -1.829618e-01
227 1.002157e+00 5.624761e-01 3.503872e-01
228 -1.151225e+00 -6.134126e-01 -1.560459e-01
229 4.344847e-02 5.318872e-01 7.017484e-02
230 3.193224e-01 -6.757974e-01 1.424452e+00
231 3.360183e-01 -9.678996e-01 8.133687e-01
232 1.045497e+00 -6.098955e-01 2.284085e-01
233 -1.183063e-02 3.424195e-01 -7.803659e-01
234 -1.011841e+00 5.330887e-01 1.016657e-01
235 1.481266e-02 -1.152364e-01 -1.505813e+00
236 -6.198659e-02 2.958659e-01 -1.397471e+00
237 -1.035703e-01 6.230826e-04 -1.194447e+00
238 -3.374521e-01 -2.688184e-01 -8.908979e-01
239 4.130540e-02 1.281000e+00 2.969877e-01
240 2.454426e-01 -2.282383e-01 -1.058826e+00
241 7.103951e-01 -3.374213e-01 -1.363752e+00
242 1.087688e+00 -3.428201e-02 -7.028660e-01
243 7.438139e-01 3.106758e-01 -1.307404e+00
244 6.838176e-01 3.226261e-01 1.387015e+00
245 6.633341e-01 -3.211396e-01 1.372387e+00
246 1.875182e-01 1.802949e-01 1.691050e+00
247 -6.419406e-01 3.865124e-01 -1.262267e+00
248 -1.080067e+00 3.128008e-02 -7.321159e-01
249 -7.448393e-01 -3.185039e-01 -1.313022e+00
250 -3.848792e-01 -6.732261e-02 1.541172e+00
251 8.981985e-01 7.088841e-01 -6.916396e-01
252 -1.094242e-01 7.700723e-01 -1.328786e+00
253 2.946471e-01 5.151891e-01 -1.242283e+00
254 2.345643e-01 1.162938e+00 -6.581368e-01
255 3.421999e-02 8.192832e-02 -1.695362e+00
256 2.518685e-01 4.155971e-01 -1.634678e+00
257 2.091343e-01 -2.963324e-04 -1.670468e+00
258 3.099073e-01 1.938342e-01 -1.544140e+00
259 -1.785053e-01 -8.974849e-02 -1.782869e+00
260 -3.702958e-01 3.690972e-02 -1.558450e+00
261 -2.559502e-01 -4.251974e-01 -1.534721e+00
262 -7.180257e-01 -8.591541e-01 -8.171380e-01
263 -1.146843e-02 -2.366478e-01 -1.724000e+00
264 3.239353e-01 6.955469e-01 1.308024e+00
265 -1.352541e-01 2.090245e-01 1.723197e+00
266 1.863998e-01 -1.840361e-01 1.703375e+00
267 -4.958475e-01 3.432702e-01 1.460438e+00
268 -9.629222e-01 2.819660e-01 9.982147e-01
269 -1.579293e-01 6.836001e-01 1.432842e+00
270 -1.197556e-01 -2.024862e-01 1.728448e+00
271 -2.210747e-01 -6.559000e-01 1.406132e+00
272 -5.186246e-02 2.276253e-01 -1.735112e+00
273 -5.759493e-01 1.039787e+00 -7.064936e-01
274 -2.863375e-01 3.969554e-01 -1.632460e+00
275 3.845345e-01 -8.450979e-02 -1.402106e+00
276 1.848522e-01 -8.898609e-01 -1.106030e+00
277 9.247266e-01 -7.624107e-01 -7.149083e-01
278 1.451199e-01 -1.565704e-01 -1.802596e+00
279 1.742757e-01 -4.344897e-01 -1.595934e+00
280 -4.906572e-02 5.387316e-01 -1.646821e+00
281 -2.288443e-01 1.616314e-01 -1.806009e+00
282 2.097474e-01 1.782028e-01 -1.808256e+00
1 102 1 3 
2 102 3 4 
3 102 4 5 
4 102 5 1 
5 102 2 6 
6 102 6 7 
7 102 7 8 
8 102 8 9 
9 102 9 10 
10 102 10 11 
11 102 11 1 
12 102 2 12 
13 102 12 13 
14 102 13 14 
15 102 14 2 
16 203 11 67 57 
17 203 57 17 10 
18 203 60 24 58 
19 203 25 60 59 
20 203 58 59 60 
21 203 62 61 24 
22 203 63 17 61 
23 203 26 63 62 
24 203 61 62 63 
25 203 65 64 25 
26 203 66 26 64 
27 203 16 66 65 
28 203 64 65 66 
29 203 62 64 26 
30 203 60 25 64 
31 203 24 60 62 
32 203 64 62 60 
33 203 57 61 17 
34 203 67 24 61 
35 203 57 10 11 
36 203 61 57 67 
37 203 68 58 24 
38 203 59 208 176 
39 203 192 208 58 
40 203 1 203 69 
41 203 1 69 11 
42 203 2 220 204 
43 203 24 67 68 
44 203 69 67 11 
45 203 69 68 67 
46 203 88 2 6 
47 203 71 70 16 
48 203 72 27 70 
49 203 28 72 71 
50 203 70 71 72 
51 203 74 73 27 
52 203 75 18 73 
53 203 29 75 74 
54 203 73 74 75 
55 203 77 76 28 
56 203 78 29 76 
57 203 19 78 77 
58 203 76 77 78 
59 203 74 76 29 
60 203 72 28 76 
61 203 27 72 74 
62 203 76 74 72 
63 203 80 79 18 
64 203 81 30 79 
65 203 31 206 80 
66 203 79 80 81 
67 203 2 44 207 
68 203 190 205 30 
69 203 2 206 31 
70 203 83 82 19 
71 203 84 32 82 
72 203 33 84 83 
73 203 82 83 84 
74 203 1 112 210 
75 203 84 193 32 
76 203 85 86 202 
77 203 31 85 2 
78 203 132 204 45 
79 203 86 82 32 
80 203 78 19 82 
81 203 29 78 86 
82 203 82 86 78 
83 203 80 87 31 
84 203 75 29 87 
85 203 18 75 80 
86 203 87 80 75 
87 203 86 87 29 
88 203 85 31 87 
89 203 32 202 86 
90 203 87 86 85 
91 203 89 79 30 
92 203 90 18 79 
93 203 34 90 89 
94 203 79 89 90 
95 203 91 6 7 
96 203 7 34 91 
97 203 89 91 34 
98 203 6 91 88 
99 203 30 88 89 
100 203 91 89 88 
101 203 92 73 18 
102 203 93 27 73 
103 203 35 93 92 
104 203 73 92 93 
105 203 94 70 27 
106 203 66 16 70 
107 203 26 66 94 
108 203 70 94 66 
109 203 96 95 35 
110 203 63 26 95 
111 203 17 63 96 
112 203 95 96 63 
113 203 94 95 26 
114 203 93 35 95 
115 203 27 93 94 
116 203 95 94 93 
117 203 97 9 17 
118 203 10 17 9 
119 203 96 97 17 
120 203 98 8 97 
121 203 35 98 96 
122 203 97 96 98 
123 203 92 100 35 
124 203 8 99 7 
125 203 99 34 7 
126 203 90 34 100 
127 203 18 90 92 
128 203 100 92 90 
129 203 99 100 34 
130 203 98 35 100 
131 203 100 99 98 
132 203 9 97 8 
133 203 98 99 8 
134 203 113 210 112 
135 203 103 36 101 
136 203 37 103 102 
137 203 101 102 103 
138 203 105 104 36 
139 203 106 15 104 
140 203 38 106 105 
141 203 104 105 106 
142 203 108 107 37 
143 203 109 38 107 
144 203 20 109 108 
145 203 107 108 109 
146 203 105 107 38 
147 203 103 37 107 
148 203 36 103 105 
149 203 107 105 103 
150 203 110 10 20 
151 203 9 20 10 
152 203 108 110 20 
153 203 11 10 110 
154 203 37 111 108 
155 203 110 108 111 
156 203 102 113 37 
157 203 11 112 1 
158 203 1 201 169 
159 203 111 37 113 
160 203 113 112 111 
161 203 110 111 11 
162 203 111 112 11 
163 203 115 114 15 
164 203 116 39 114 
165 203 40 116 115 
166 203 114 115 116 
167 203 118 117 39 
168 203 119 21 117 
169 203 41 119 118 
170 203 117 118 119 
171 203 121 120 40 
172 203 122 41 120 
173 203 22 122 121 
174 203 120 121 122 
175 203 118 120 41 
176 203 116 40 120 
177 203 39 116 118 
178 203 120 118 116 
179 203 124 123 21 
180 203 125 42 123 
181 203 43 125 124 
182 203 123 124 125 
183 203 195 211 125 
184 203 2 200 129 
185 203 127 126 22 
186 203 128 207 126 
187 203 45 128 127 
188 203 126 127 128 
189 203 44 126 207 
190 203 1 217 201 
191 203 129 44 2 
192 203 130 126 44 
193 203 122 22 126 
194 203 41 122 130 
195 203 126 130 122 
196 203 124 131 43 
197 203 119 41 131 
198 203 21 119 124 
199 203 131 124 119 
200 203 130 131 41 
201 203 129 200 131 
202 203 44 129 130 
203 203 131 130 129 
204 203 2 88 205 
205 203 45 191 128 
206 203 6 2 132 
207 203 7 6 133 
208 203 127 134 45 
209 203 135 46 134 
210 203 22 135 127 
211 203 134 127 135 
212 203 133 134 46 
213 203 132 45 134 
214 203 132 133 6 
215 203 134 133 132 
216 203 8 136 9 
217 203 136 20 9 
218 203 121 137 22 
219 203 138 47 137 
220 203 40 138 121 
221 203 137 121 138 
222 203 140 139 47 
223 203 109 20 139 
224 203 38 109 140 
225 203 139 140 109 
226 203 115 141 40 
227 203 106 38 141 
228 203 15 106 115 
229 203 141 115 106 
230 203 140 141 38 
231 203 138 40 141 
232 203 47 138 140 
233 203 141 140 138 
234 203 136 139 20 
235 203 142 47 139 
236 203 139 136 142 
237 203 143 137 47 
238 203 135 22 137 
239 203 46 135 143 
240 203 137 143 135 
241 203 144 7 46 
242 203 143 144 46 
243 203 133 46 7 
244 203 47 142 143 
245 203 142 136 8 
246 203 7 144 8 
247 203 144 142 8 
248 203 144 143 142 
249 203 2 209 145 
250 203 146 123 42 
251 203 42 211 145 
252 203 147 21 123 
253 203 48 147 146 
254 203 123 146 147 
255 203 83 148 33 
256 203 149 48 148 
257 203 19 149 83 
258 203 148 83 149 
259 203 146 148 48 
260 203 145 33 148 
261 203 42 145 146 
262 203 148 146 145 
263 203 150 117 21 
264 203 151 39 117 
265 203 49 151 150 
266 203 117 150 151 
267 203 152 114 39 
268 203 153 15 114 
269 203 50 153 152 
270 203 114 152 153 
271 203 155 154 49 
272 203 156 50 154 
273 203 23 156 155 
274 203 154 155 156 
275 203 152 154 50 
276 203 151 49 154 
277 203 39 151 152 
278 203 154 152 151 
279 203 77 157 19 
280 203 158 51 157 
281 203 28 158 77 
282 203 157 77 158 
283 203 160 159 51 
284 203 161 23 159 
285 203 52 161 160 
286 203 159 160 161 
287 203 71 162 28 
288 203 163 52 162 
289 203 16 163 71 
290 203 162 71 163 
291 203 160 162 52 
292 203 158 28 162 
293 203 51 158 160 
294 203 162 160 158 
295 203 155 159 23 
296 203 164 51 159 
297 203 49 164 155 
298 203 159 155 164 
299 203 165 157 51 
300 203 149 19 157 
301 203 48 149 165 
302 203 157 165 149 
303 203 150 166 49 
304 203 147 48 166 
305 203 21 147 150 
306 203 166 150 147 
307 203 165 166 48 
308 203 164 49 166 
309 203 51 164 165 
310 203 166 165 164 
311 203 167 104 15 
312 203 168 36 104 
313 203 53 168 167 
314 203 104 167 168 
315 203 169 101 36 
316 203 102 194 113 
317 203 2 85 202 
318 203 169 170 1 
319 203 171 170 53 
320 203 168 53 170 
321 203 36 168 169 
322 203 170 169 168 
323 203 65 172 16 
324 203 173 54 172 
325 203 25 173 65 
326 203 172 65 173 
327 203 175 174 54 
328 203 189 55 198 
329 203 174 197 177 
330 203 59 176 25 
331 203 1 189 198 
332 203 1 213 176 
333 203 173 25 176 
334 203 54 173 175 
335 203 176 175 173 
336 203 190 81 221 
337 203 2 205 221 
338 203 191 204 220 
339 203 2 207 220 
340 203 192 68 219 
341 203 1 208 219 
342 203 193 209 218 
343 203 2 202 218 
344 203 194 201 217 
345 203 1 210 217 
346 203 195 43 216 
347 203 2 211 216 
348 203 196 182 215 
349 203 1 199 215 
350 203 197 213 214 
351 203 1 198 214 
352 203 175 176 213 
353 203 197 174 213 
354 203 182 56 212 
355 203 212 215 182 
356 203 195 216 211 
357 203 42 125 211 
358 203 210 113 217 
359 203 194 217 113 
360 203 33 145 209 
361 203 193 84 209 
362 203 192 219 208 
363 203 59 58 208 
364 203 207 128 220 
365 203 191 220 128 
366 203 81 80 206 
367 203 206 221 81 
368 203 190 221 205 
369 203 88 30 205 
370 203 132 2 204 
371 203 191 45 204 
372 203 68 69 203 
373 203 203 219 68 
374 203 202 32 218 
375 203 193 218 32 
376 203 101 169 201 
377 203 194 102 201 
378 203 43 131 200 
379 203 200 216 43 
380 203 196 215 199 
381 203 170 171 199 
382 203 198 177 214 
383 203 197 214 177 
384 203 175 213 174 
385 203 1 170 199 
386 203 171 182 196 
387 203 2 216 200 
388 203 125 43 195 
389 203 1 215 212 
390 203 101 201 102 
391 203 2 145 211 
392 203 33 209 84 
393 203 1 219 203 
394 203 58 68 192 
395 203 2 218 209 
396 203 178 54 174 
397 203 55 178 177 
398 203 174 177 178 
399 203 179 172 54 
400 203 163 16 172 
401 203 52 163 179 
402 203 172 179 163 
403 203 181 180 55 
404 203 161 52 180 
405 203 23 161 181 
406 203 180 181 161 
407 203 179 180 52 
408 203 178 55 180 
409 203 54 178 179 
410 203 180 179 178 
411 203 1 212 188 
412 203 183 56 182 
413 203 53 183 171 
414 203 182 171 183 
415 203 185 184 56 
416 203 156 23 184 
417 203 50 156 185 
418 203 184 185 156 
419 203 167 186 53 
420 203 153 50 186 
421 203 15 153 167 
422 203 186 167 153 
423 203 185 186 50 
424 203 183 53 186 
425 203 56 183 185 
426 203 186 185 183 
427 203 181 184 23 
428 203 187 56 184 
429 203 55 187 181 
430 203 184 181 187 
431 203 188 212 56 
432 203 196 199 171 
433 203 1 214 213 
434 203 177 198 55 
435 203 1 176 208 
436 203 30 81 190 
437 203 187 55 189 
438 203 188 189 1 
439 203 2 221 206 
440 203 56 187 188 
441 203 189 188 187 
442 304 170 53 171 269 
443 304 227 9 8 232 
444 304 8 232 97 98 
445 304 246 245 222 266 
446 304 249 78 19 262 
447 304 223 232 277 93 
448 304 254 229 233 273 
449 304 224 186 167 269 
450 304 232 8 97 9 
451 304 261 85 279 263 
452 304 281 200 272 274 
453 304 137 251 121 138 
454 304 99 277 34 242 
455 304 259 33 209 145 
456 304 281 43 274 125 
457 304 267 224 222 269 
458 304 243 240 275 253 
459 304 229 251 254 233 
460 304 164 248 165 228 
461 304 28 223 76 72 
462 304 20 139 109 227 
463 304 43 125 281 195 
464 304 1 266 11 246 
465 304 267 224 269 186 
466 304 248 48 247 147 
467 304 150 117 273 151 
468 304 261 260 237 249 
469 304 278 2 257 255 
470 304 134 127 135 243 
471 304 28 77 76 262 
472 304 225 234 268 23 
473 304 243 22 135 251 
474 304 195 125 281 211 
475 304 10 244 11 245 
476 304 255 282 220 257 
477 304 264 101 103 102 
478 304 56 268 267 185 
479 304 77 78 76 262 
480 304 242 142 227 251 
481 304 259 84 209 33 
482 304 242 46 251 243 
483 304 131 119 252 124 
484 304 94 231 66 223 
485 304 242 142 251 144 
486 304 87 279 276 261 
487 304 246 245 266 11 
488 304 96 232 17 63 
489 304 264 229 227 239 
490 304 276 18 73 277 
491 304 41 254 252 273 
492 304 249 19 82 83 
493 304 33 260 148 145 
494 304 139 227 142 47 
495 304 1 69 266 203 
496 304 267 53 186 269 
497 304 84 261 33 259 
498 304 246 169 1 265 
499 304 114 153 239 152 
500 304 262 238 261 276 
501 304 149 249 148 83 
502 304 170 53 269 168 
503 304 276 279 87 80 
504 304 85 87 261 279 
505 304 78 77 19 262 
506 304 174 271 270 250 
507 304 92 35 93 277 
508 304 246 101 169 264 
509 304 246 101 264 102 
510 304 223 225 162 228 
511 304 128 126 127 256 
512 304 222 232 223 231 
513 304 262 223 228 226 
514 304 248 226 234 233 
515 304 227 264 38 107 
516 304 242 142 144 8 
517 304 265 212 250 267 
518 304 224 167 153 15 
519 304 256 134 45 132 
520 304 142 251 144 143 
521 304 67 245 11 69 
522 304 264 244 102 37 
523 304 246 264 244 102 
524 304 8 99 7 242 
525 304 268 181 250 225 
526 304 127 253 243 256 
527 304 48 146 247 147 
528 304 227 8 242 232 
529 304 40 115 141 239 
530 304 253 237 233 240 
531 304 28 223 72 71 
532 304 254 229 273 239 
533 304 224 50 268 234 
534 304 18 241 277 276 
535 304 227 108 20 244 
536 304 227 108 244 107 
537 304 222 224 234 229 
538 304 271 270 250 222 
539 304 242 98 277 232 
540 304 119 247 21 273 
541 304 274 129 272 280 
542 304 59 58 230 60 
543 304 39 234 151 152 
544 304 164 248 228 234 
545 304 223 70 72 71 
546 304 226 227 251 242 
547 304 30 241 279 275 
548 304 222 234 224 268 
549 304 30 241 275 88 
550 304 260 146 148 145 
551 304 233 234 273 229 
552 304 67 68 245 69 
553 304 58 60 24 230 
554 304 225 226 234 228 
555 304 154 49 234 151 
556 304 28 162 158 228 
557 304 264 229 239 224 
558 304 257 30 279 275 
559 304 247 123 124 21 
560 304 39 234 273 151 
561 304 272 255 259 260 
562 304 223 162 28 228 
563 304 257 279 30 278 
564 304 218 32 259 202 
565 304 238 240 261 276 
566 304 2 85 202 263 
567 304 207 126 128 256 
568 304 94 232 223 93 
569 304 106 115 239 141 
570 304 8 7 144 242 
571 304 171 265 269 267 
572 304 246 101 102 201 
573 304 259 193 84 32 
574 304 18 241 276 79 
575 304 245 227 244 222 
576 304 230 176 271 266 
577 304 112 244 11 111 
578 304 229 251 233 226 
579 304 60 230 64 62 
580 304 240 226 238 233 
581 304 73 92 93 277 
582 304 92 90 100 277 
583 304 244 110 11 111 
584 304 245 67 11 57 
585 304 149 248 249 262 
586 304 238 249 262 261 
587 304 222 234 226 229 
588 304 127 253 256 126 
589 304 158 157 262 228 
590 304 44 272 129 280 
591 304 259 209 193 218 
592 304 44 126 256 130 
593 304 225 234 222 268 
594 304 137 47 251 138 
595 304 280 236 272 274 
596 304 256 126 44 207 
597 304 157 158 51 228 
598 304 280 236 274 252 
599 304 92 18 90 277 
600 304 242 98 232 8 
601 304 223 71 163 16 
602 304 225 226 228 223 
603 304 47 227 251 138 
604 304 230 176 266 59 
605 304 172 225 231 271 
606 304 22 254 121 251 
607 304 116 115 239 114 
608 304 263 2 278 255 
609 304 234 224 153 239 
610 304 272 44 256 280 
611 304 259 209 2 145 
612 304 38 141 239 140 
613 304 256 44 272 207 
614 304 248 233 234 273 
615 304 268 156 185 184 
616 304 186 183 267 185 
617 304 37 244 113 111 
618 304 36 269 169 264 
619 304 273 234 239 229 
620 304 166 248 48 165 
621 304 276 79 241 279 
622 304 2 129 272 200 
623 304 200 131 129 274 
624 304 125 123 274 42 
625 304 183 56 267 185 
626 304 174 197 270 213 
627 304 91 241 7 34 
628 304 27 70 223 94 
629 304 281 200 274 43 
630 304 117 39 273 151 
631 304 246 245 11 244 
632 304 16 66 231 223 
633 304 223 70 16 66 
634 304 227 226 222 232 
635 304 47 137 251 143 
636 304 248 262 226 238 
637 304 227 38 239 140 
638 304 137 143 135 251 
639 304 48 146 148 249 
640 304 91 241 34 89 
641 304 276 76 29 262 
642 304 91 241 89 88 
643 304 139 227 47 140 
644 304 49 155 154 234 
645 304 271 65 25 230 
646 304 259 209 218 2 
647 304 176 271 173 25 
648 304 231 163 16 223 
649 304 182 265 171 267 
650 304 91 241 88 6 
651 304 77 157 19 262 
652 304 271 176 173 175 
653 304 274 272 129 200 
654 304 259 235 263 261 
655 304 220 257 204 2 
656 304 233 247 252 273 
657 304 268 23 156 184 
658 304 207 272 2 44 
659 304 222 226 227 229 
660 304 211 2 259 216 
661 304 267 224 186 268 
662 304 268 181 225 23 
663 304 54 174 178 271 
664 304 163 225 179 52 
665 304 267 224 268 222 
666 304 156 268 185 50 
667 304 156 268 50 234 
668 304 244 246 113 112 
669 304 224 50 234 153 
670 304 222 230 271 266 
671 304 58 245 68 266 
672 304 267 53 269 171 
673 304 270 222 246 265 
674 304 280 236 252 256 
675 304 53 167 186 269 
676 304 63 61 62 231 
677 304 149 48 148 249 
678 304 107 264 37 244 
679 304 231 163 223 225 
680 304 264 103 37 102 
681 304 225 180 179 52 
682 304 107 227 109 38 
683 304 270 246 222 266 
684 304 40 254 239 138 
685 304 222 230 266 245 
686 304 61 232 245 231 
687 304 256 134 132 243 
688 304 140 227 138 239 
689 304 41 131 119 252 
690 304 279 235 261 263 
691 304 234 159 228 164 
692 304 82 261 249 83 
693 304 234 159 225 228 
694 304 265 196 199 215 
695 304 270 246 1 265 
696 304 274 42 247 260 
697 304 164 155 49 234 
698 304 73 223 74 276 
699 304 56 268 185 184 
700 304 49 248 164 234 
701 304 270 1 246 266 
702 304 155 156 234 23 
703 304 261 87 85 86 
704 304 223 232 222 226 
705 304 27 70 72 223 
706 304 268 23 234 156 
707 304 35 96 232 98 
708 304 160 162 228 158 
709 304 271 172 65 231 
710 304 245 227 222 232 
711 304 222 230 245 231 
712 304 245 227 232 10 
713 304 245 68 266 69 
714 304 192 58 68 266 
715 304 232 61 63 231 
716 304 62 63 231 26 
717 304 59 266 230 58 
718 304 240 226 233 242 
719 304 2 129 44 272 
720 304 282 257 258 132 
721 304 230 65 64 231 
722 304 65 271 231 230 
723 304 58 245 266 230 
724 304 267 53 171 183 
725 304 157 248 262 228 
726 304 103 264 37 107 
727 304 226 262 248 228 
728 304 222 230 231 271 
729 304 232 96 97 98 
730 304 251 242 243 233 
731 304 266 11 245 69 
732 304 199 265 215 1 
733 304 199 265 1 170 
734 304 199 265 170 171 
735 304 253 237 240 275 
736 304 244 112 11 246 
737 304 30 190 278 81 
738 304 18 241 79 90 
739 304 237 240 261 238 
740 304 271 225 179 172 
741 304 276 18 80 75 
742 304 245 232 222 231 
743 304 242 98 8 99 
744 304 55 198 189 250 
745 304 177 250 270 198 
746 304 1 169 170 265 
747 304 247 150 21 273 
748 304 116 39 114 239 
749 304 254 229 239 227 
750 304 177 250 198 55 
751 304 157 228 51 165 
752 304 11 266 1 69 
753 304 225 271 222 231 
754 304 138 254 251 121 
755 304 112 1 11 246 
756 304 227 139 109 140 
757 304 270 175 176 271 
758 304 253 22 251 254 
759 304 246 101 201 169 
760 304 250 1 265 270 
761 304 263 85 31 2 
762 304 2 257 88 205 
763 304 255 282 258 256 
764 304 126 130 122 252 
765 304 279 235 263 278 
766 304 20 139 227 136 
767 304 224 167 15 104 
768 304 263 31 85 279 
769 304 258 6 275 243 
770 304 277 98 99 100 
771 304 270 176 213 1 
772 304 20 227 9 136 
773 304 240 238 226 276 
774 304 157 149 19 262 
775 304 250 198 1 270 
776 304 275 6 257 88 
777 304 268 181 23 184 
778 304 223 162 163 71 
779 304 277 240 226 276 
780 304 277 240 276 241 
781 304 281 211 145 259 
782 304 159 225 228 160 
783 304 223 28 76 262 
784 304 223 262 276 226 
785 304 182 265 267 212 
786 304 187 188 250 189 
787 304 162 225 223 163 
788 304 1 169 246 201 
789 304 54 271 179 172 
790 304 10 244 227 20 
791 304 178 225 180 179 
792 304 181 225 161 180 
793 304 162 223 28 71 
794 304 238 262 226 276 
795 304 128 282 256 45 
796 304 176 266 59 208 
797 304 246 201 217 1 
798 304 6 2 257 88 
799 304 258 6 243 132 
800 304 79 30 279 81 
801 304 214 270 197 213 
802 304 214 270 213 1 
803 304 181 225 23 161 
804 304 219 68 203 266 
805 304 265 270 222 250 
806 304 272 255 2 259 
807 304 45 204 191 282 
808 304 214 270 198 177 
809 304 234 150 273 151 
810 304 279 240 275 241 
811 304 18 241 90 277 
812 304 18 92 73 277 
813 304 214 270 177 197 
814 304 281 42 145 211 
815 304 64 62 231 26 
816 304 77 157 262 158 
817 304 202 259 2 263 
818 304 276 79 279 80 
819 304 94 232 93 95 
820 304 48 146 249 247 
821 304 259 2 211 145 
822 304 37 244 111 108 
823 304 46 134 135 243 
824 304 1 176 266 270 
825 304 94 232 95 26 
826 304 227 264 107 244 
827 304 227 108 107 109 
828 304 237 240 238 233 
829 304 250 177 178 55 
830 304 243 22 251 253 
831 304 259 2 263 255 
832 304 2 259 202 218 
833 304 240 261 235 237 
834 304 8 227 142 136 
835 304 198 270 214 1 
836 304 238 248 262 249 
837 304 249 33 148 83 
838 304 260 261 33 249 
839 304 157 248 228 165 
840 304 78 86 29 261 
841 304 198 189 250 1 
842 304 263 31 206 2 
843 304 268 225 250 222 
844 304 222 267 269 265 
845 304 260 281 259 272 
846 304 118 117 39 273 
847 304 260 281 145 259 
848 304 188 250 189 1 
849 304 262 78 76 29 
850 304 264 222 224 269 
851 304 231 163 225 172 
852 304 282 207 128 256 
853 304 193 84 209 259 
854 304 257 279 235 275 
855 304 116 40 239 115 
856 304 258 235 275 257 
857 304 255 282 257 258 
858 304 281 125 42 211 
859 304 87 276 80 75 
860 304 271 222 266 270 
861 304 242 98 99 277 
862 304 230 62 231 64 
863 304 231 66 16 65 
864 304 226 248 234 228 
865 304 231 163 172 16 
866 304 232 61 17 63 
867 304 27 223 93 94 
868 304 280 130 129 44 
869 304 279 240 241 276 
870 304 202 261 32 259 
871 304 257 235 279 278 
872 304 258 6 132 257 
873 304 275 279 235 240 
874 304 42 123 247 146 
875 304 41 254 273 120 
876 304 35 232 93 277 
877 304 232 35 93 95 
878 304 225 162 52 163 
879 304 257 132 204 2 
880 304 280 130 44 256 
881 304 276 79 80 18 
882 304 238 237 249 261 
883 304 258 235 236 275 
884 304 263 206 31 279 
885 304 210 246 217 1 
886 304 278 2 263 206 
887 304 177 250 174 270 
888 304 282 207 256 255 
889 304 210 246 1 112 
890 304 210 246 112 113 
891 304 178 177 250 174 
892 304 31 279 87 85 
893 304 146 260 148 249 
894 304 256 282 132 45 
895 304 149 249 19 262 
896 304 258 243 275 253 
897 304 143 46 135 251 
898 304 226 223 277 276 
899 304 247 150 273 248 
900 304 243 240 253 233 
901 304 128 282 45 191 
902 304 210 246 113 217 
903 304 233 252 254 273 
904 304 115 106 239 15 
905 304 268 50 186 185 
906 304 43 124 131 274 
907 304 125 274 124 43 
908 304 194 246 201 217 
909 304 259 235 261 260 
910 304 225 55 181 250 
911 304 105 239 104 264 
912 304 46 134 243 133 
913 304 253 122 254 252 
914 304 137 22 121 251 
915 304 153 15 114 239 
916 304 194 246 217 113 
917 304 260 33 148 249 
918 304 194 246 113 102 
919 304 205 278 2 257 
920 304 251 46 135 243 
921 304 2 132 6 257 
922 304 227 226 232 242 
923 304 99 277 100 34 
924 304 202 261 259 263 
925 304 247 150 248 147 
926 304 146 123 247 147 
927 304 2 278 205 221 
928 304 266 176 1 208 
929 304 188 212 250 1 
930 304 264 229 224 222 
931 304 277 90 100 34 
932 304 248 150 273 234 
933 304 90 277 241 34 
934 304 49 248 234 150 
935 304 257 255 235 278 
936 304 172 225 179 163 
937 304 128 282 191 220 
938 304 41 254 120 122 
939 304 277 98 100 35 
940 304 194 246 102 201 
941 304 255 278 263 235 
942 304 103 264 107 105 
943 304 268 187 56 250 
944 304 232 17 9 97 
945 304 232 96 17 97 
946 304 119 41 273 118 
947 304 218 32 193 259 
948 304 41 120 273 118 
949 304 243 7 241 242 
950 304 82 32 86 261 
951 304 128 256 127 45 
952 304 222 267 265 250 
953 304 261 85 263 202 
954 304 222 267 250 268 
955 304 10 244 20 110 
956 304 99 34 7 242 
957 304 84 32 261 259 
958 304 172 271 65 173 
959 304 261 32 84 82 
960 304 277 240 241 242 
961 304 65 271 25 173 
962 304 276 18 75 73 
963 304 167 53 168 269 
964 304 274 123 124 247 
965 304 269 246 265 169 
966 304 119 117 118 273 
967 304 227 139 142 136 
968 304 253 22 126 127 
969 304 243 22 253 127 
970 304 272 236 256 255 
971 304 203 1 219 266 
972 304 116 254 239 40 
973 304 154 234 50 152 
974 304 274 236 247 252 
975 304 105 239 264 38 
976 304 106 15 104 239 
977 304 149 249 83 19 
978 304 157 248 165 149 
979 304 264 229 222 227 
980 304 264 239 227 38 
981 304 224 264 269 104 
982 304 246 264 222 244 
983 304 159 225 160 161 
984 304 117 150 273 21 
985 304 248 247 233 273 
986 304 164 248 166 165 
987 304 58 245 230 24 
988 304 264 227 222 244 
989 304 84 261 82 83 
990 304 40 254 138 121 
991 304 84 261 83 33 
992 304 215 182 212 265 
993 304 273 116 118 120 
994 304 67 61 57 245 
995 304 17 245 10 57 
996 304 271 54 175 173 
997 304 270 175 271 174 
998 304 62 61 245 231 
999 304 54 271 172 173 
1000 304 174 54 175 271 
1001 304 200 2 216 272 
1002 304 265 196 215 182 
1003 304 132 282 256 258 
1004 304 141 140 138 239 
1005 304 233 226 234 229 
1006 304 94 231 223 232 
1007 304 35 92 100 277 
1008 304 265 196 182 171 
1009 304 265 196 171 199 
1010 304 7 241 91 6 
1011 304 29 276 262 261 
1012 304 272 2 216 259 
1013 304 157 248 149 262 
1014 304 261 33 249 83 
1015 304 206 278 81 279 
1016 304 225 55 250 178 
1017 304 252 247 233 236 
1018 304 268 187 250 181 
1019 304 30 241 88 89 
1020 304 281 216 259 272 
1021 304 115 15 239 114 
1022 304 8 9 227 136 
1023 304 207 220 2 255 
1024 304 225 55 178 180 
1025 304 278 2 206 221 
1026 304 142 251 143 47 
1027 304 15 224 104 239 
1028 304 107 264 38 105 
1029 304 223 73 93 277 
1030 304 125 274 123 124 
1031 304 268 187 181 184 
1032 304 101 264 36 169 
1033 304 37 244 102 113 
1034 304 233 252 236 253 
1035 304 265 1 250 212 
1036 304 189 187 55 250 
1037 304 274 131 252 124 
1038 304 242 142 8 227 
1039 304 47 227 138 140 
1040 304 119 117 273 21 
1041 304 42 146 247 260 
1042 304 7 6 243 241 
1043 304 243 7 242 46 
1044 304 242 46 7 144 
1045 304 260 281 272 274 
1046 304 143 46 251 144 
1047 304 119 247 273 252 
1048 304 146 42 145 260 
1049 304 122 120 121 254 
1050 304 88 6 241 275 
1051 304 41 119 273 252 
1052 304 224 264 104 239 
1053 304 17 61 245 57 
1054 304 253 122 252 126 
1055 304 280 256 252 130 
1056 304 154 156 50 234 
1057 304 137 22 251 135 
1058 304 15 224 239 153 
1059 304 256 134 243 127 
1060 304 234 153 50 152 
1061 304 40 254 121 120 
1062 304 49 150 234 151 
1063 304 223 226 277 232 
1064 304 116 254 40 120 
1065 304 116 254 120 273 
1066 304 70 223 16 71 
1067 304 261 85 202 86 
1068 304 94 231 232 26 
1069 304 105 264 104 36 
1070 304 101 264 103 36 
1071 304 265 170 171 269 
1072 304 281 211 216 195 
1073 304 268 186 267 185 
1074 304 225 162 228 160 
1075 304 174 197 177 270 
1076 304 183 182 171 267 
1077 304 225 162 160 52 
1078 304 73 276 74 75 
1079 304 56 212 182 267 
1080 304 94 231 26 66 
1081 304 133 132 134 243 
1082 304 49 248 150 166 
1083 304 159 225 161 23 
1084 304 119 247 252 124 
1085 304 105 239 38 106 
1086 304 160 158 228 51 
1087 304 229 251 226 227 
1088 304 270 175 174 213 
1089 304 242 46 144 251 
1090 304 270 175 213 176 
1091 304 225 161 52 160 
1092 304 273 116 39 118 
1093 304 90 34 241 89 
1094 304 259 235 260 255 
1095 304 30 88 275 257 
1096 304 247 150 147 21 
1097 304 56 212 250 188 
1098 304 141 40 239 138 
1099 304 200 131 274 43 
1100 304 277 242 241 34 
1101 304 258 6 257 275 
1102 304 119 247 124 21 
1103 304 142 251 47 227 
1104 304 6 243 132 133 
1105 304 232 226 277 242 
1106 304 282 257 132 204 
1107 304 240 243 241 242 
1108 304 243 240 241 275 
1109 304 277 240 242 226 
1110 304 271 225 178 179 
1111 304 192 58 266 208 
1112 304 63 232 231 26 
1113 304 62 230 245 24 
1114 304 49 248 166 164 
1115 304 225 55 180 181 
1116 304 56 250 212 267 
1117 304 244 110 111 108 
1118 304 56 268 250 267 
1119 304 208 192 219 266 
1120 304 1 266 208 219 
1121 304 251 253 254 233 
1122 304 166 248 147 48 
1123 304 251 253 233 243 
1124 304 22 254 122 121 
1125 304 243 22 127 135 
1126 304 56 250 187 188 
1127 304 138 254 239 227 
1128 304 271 225 250 178 
1129 304 20 244 108 110 
1130 304 67 68 24 245 
1131 304 61 67 24 245 
1132 304 10 11 57 245 
1133 304 10 11 244 110 
1134 304 230 65 25 64 
1135 304 60 230 25 64 
1136 304 58 245 24 68 
1137 304 245 227 10 244 
1138 304 223 225 222 231 
1139 304 219 68 266 192 
1140 304 36 269 264 104 
1141 304 234 154 151 152 
1142 304 36 269 104 168 
1143 304 225 226 223 222 
1144 304 161 225 52 180 
1145 304 249 78 262 261 
1146 304 259 235 255 263 
1147 304 225 226 222 234 
1148 304 230 62 245 231 
1149 304 30 278 279 81 
1150 304 59 266 58 208 
1151 304 138 254 227 251 
1152 304 65 66 64 231 
1153 304 248 150 166 147 
1154 304 243 6 7 133 
1155 304 87 276 75 29 
1156 304 234 39 273 239 
1157 304 80 79 279 81 
1158 304 253 126 252 256 
1159 304 73 223 276 277 
1160 304 30 241 79 279 
1161 304 77 28 158 262 
1162 304 223 70 66 94 
1163 304 66 64 231 26 
1164 304 96 232 63 95 
1165 304 96 35 232 95 
1166 304 158 28 228 262 
1167 304 54 271 178 179 
1168 304 246 244 113 102 
1169 304 60 230 62 24 
1170 304 225 271 250 222 
1171 304 6 243 241 275 
1172 304 232 17 245 10 
1173 304 113 244 112 111 
1174 304 28 223 228 262 
1175 304 149 248 165 48 
1176 304 253 236 256 252 
1177 304 247 123 21 147 
1178 304 233 252 253 254 
1179 304 149 248 48 249 
1180 304 206 278 221 81 
1181 304 181 187 250 55 
1182 304 42 281 274 125 
1183 304 238 247 249 237 
1184 304 261 260 33 259 
1185 304 282 207 255 220 
1186 304 205 278 30 190 
1187 304 238 247 237 233 
1188 304 258 243 253 256 
1189 304 258 243 256 132 
1190 304 220 257 2 255 
1191 304 79 241 30 89 
1192 304 38 227 109 140 
1193 304 240 243 242 233 
1194 304 41 254 122 252 
1195 304 220 204 282 191 
1196 304 280 236 256 272 
1197 304 274 247 124 252 
1198 304 80 31 279 87 
1199 304 234 159 164 155 
1200 304 131 41 130 252 
1201 304 253 122 126 22 
1202 304 130 41 122 252 
1203 304 167 269 168 104 
1204 304 78 262 261 29 
1205 304 224 167 104 269 
1206 304 238 247 233 248 
1207 304 103 264 105 36 
1208 304 56 182 183 267 
1209 304 279 31 80 206 
1210 304 206 81 80 279 
1211 304 238 247 248 249 
1212 304 225 159 234 23 
1213 304 282 207 220 128 
1214 304 68 203 266 69 
1215 304 236 237 247 233 
1216 304 249 78 261 82 
1217 304 256 134 127 45 
1218 304 78 82 86 261 
1219 304 224 50 153 186 
1220 304 224 50 186 268 
1221 304 27 223 74 73 
1222 304 267 53 183 186 
1223 304 228 164 51 165 
1224 304 234 159 155 23 
1225 304 249 78 82 19 
1226 304 260 274 236 247 
1227 304 229 251 227 254 
1228 304 248 226 233 238 
1229 304 156 155 234 154 
1230 304 236 237 260 247 
1231 304 226 242 251 233 
1232 304 260 237 249 247 
1233 304 237 260 261 235 
1234 304 153 234 239 152 
1235 304 236 235 255 260 
1236 304 272 236 255 260 
1237 304 269 246 169 264 
1238 304 236 235 260 237 
1239 304 272 236 260 274 
1240 304 277 98 35 232 
1241 304 123 42 247 274 
1242 304 280 252 131 130 
1243 304 260 146 247 249 
1244 304 205 278 257 30 
1245 304 282 204 132 45 
1246 304 260 281 274 42 
1247 304 282 257 204 220 
1248 304 242 7 241 34 
1249 304 253 258 256 236 
1250 304 232 61 245 17 
1251 304 271 174 178 250 
1252 304 43 281 216 195 
1253 304 170 265 169 269 
1254 304 212 265 1 215 
1255 304 273 116 239 39 
1256 304 260 281 42 145 
1257 304 246 245 244 222 
1258 304 106 38 141 239 
1259 304 281 200 43 216 
1260 304 248 48 249 247 
1261 304 260 33 259 145 
1262 304 269 246 264 222 
1263 304 269 246 222 265 
1264 304 279 235 240 261 
1265 304 240 279 261 276 
1266 304 224 186 153 167 
1267 304 86 87 29 261 
1268 304 86 202 261 32 
1269 304 60 59 25 230 
1270 304 206 278 279 263 
1271 304 105 239 106 104 
1272 304 61 62 245 24 
1273 304 39 114 239 152 
1274 304 230 176 59 25 
1275 304 230 176 25 271 
1276 304 216 211 281 259 
1277 304 281 200 216 272 
1278 304 176 266 270 271 
1279 304 234 224 239 229 
1280 304 160 228 159 51 
1281 304 243 7 46 133 
1282 304 87 276 29 261 
1283 304 236 253 258 275 
1284 304 253 237 275 236 
1285 304 207 2 272 255 
1286 304 280 131 252 274 
1287 304 253 237 236 233 
1288 304 236 235 237 275 
1289 304 235 237 275 240 
1290 304 258 235 257 255 
1291 304 258 235 255 236 
1292 304 205 30 257 88 
1293 304 258 255 256 236 
1294 304 17 232 9 10 
1295 304 276 76 262 223 
1296 304 276 76 223 74 
1297 304 227 232 10 9 
1298 304 280 131 129 130 
1299 304 256 272 255 207 
1300 304 27 223 73 93 
1301 304 20 227 10 9 
1302 304 65 172 16 231 
1303 304 232 63 95 26 
1304 304 29 276 75 74 
1305 304 268 187 184 56 
1306 304 36 269 168 169 
1307 304 276 76 74 29 
1308 304 221 190 81 278 
1309 304 205 278 190 221 
1310 304 227 108 109 20 
1311 304 234 39 239 152 
1312 304 116 254 273 239 
1313 304 107 244 37 108 
1314 304 256 126 252 130 
1315 304 253 122 22 254 
1316 304 228 164 159 51 
1317 304 269 170 168 169 
1318 304 223 27 74 72 
1319 304 72 223 76 74 
1320 304 241 79 90 89 
1321 304 280 129 131 274 
