415 2035
1 1.224647e-16 -2.999520e-32 2.000000e+00
2 1.224647e-16 -2.999520e-32 -2.000000e+00
3 1.224647e-16 -2.999520e-32 2.000000e+00
4 1.224647e-16 -2.999520e-32 2.000000e+00
5 1.224647e-16 -2.999520e-32 2.000000e+00
6 6.180340e-01 -1.513747e-16 -1.902113e+00
7 1.175571e+00 -2.879317e-16 -1.618034e+00
8 1.618034e+00 -3.963040e-16 -1.175571e+00
9 1.902113e+00 -4.658833e-16 -6.180340e-01
10 2.000000e+00 -4.898587e-16 -4.898587e-16
11 1.902113e+00 -4.658833e-16 6.180340e-01
12 1.618034e+00 -3.963040e-16 1.175571e+00
13 1.175571e+00 -2.879317e-16 1.618034e+00
14 6.180340e-01 -1.513747e-16 1.902113e+00
15 1.224647e-16 -2.999520e-32 -2.000000e+00
16 1.224647e-16 -2.999520e-32 -2.000000e+00
17 1.224647e-16 -2.999520e-32 -2.000000e+00
18 -3.653869e-01 1.744237e+00 9.078165e-01
19 6.977288e-01 1.354966e+00 -1.295083e+00
20 1.622477e+00 7.365704e-01 9.083128e-01
21 -3.661527e-01 -1.743668e+00 9.086000e-01
22 6.973335e-01 -1.355154e+00 -1.295100e+00
23 1.622357e+00 -7.366248e-01 9.084828e-01
24 -1.188685e+00 -9.554649e-01 -1.293876e+00
25 -1.168503e+00 9.437134e-01 -1.320608e+00
26 -1.781446e+00 7.672489e-05 9.090927e-01
27 9.557159e-01 -1.787755e-01 1.747755e+00
28 7.210609e-01 -6.891687e-01 1.733527e+00
29 1.135676e-01 -9.854361e-01 1.736669e+00
30 8.146952e-01 -1.584260e+00 9.090603e-01
31 4.797389e-01 -1.115846e-01 -1.938401e+00
32 2.658523e-01 -1.968439e+00 -2.336025e-01
33 -1.034661e+00 -1.695567e+00 -2.335112e-01
34 -3.200826e-01 -1.487841e+00 -1.297643e+00
35 4.286248e-01 -3.986692e-01 -1.912418e+00
36 5.259977e-02 -5.841606e-01 -1.912064e+00
37 -3.302271e-01 -5.210486e-01 -1.902487e+00
38 -5.906248e-01 -2.511202e-01 -1.894228e+00
39 1.374421e+00 -6.225925e-01 -1.312762e+00
40 1.445496e+00 -1.361955e+00 -2.358385e-01
41 1.951650e+00 -3.412598e-01 -2.731387e-01
42 1.132466e-01 1.006035e+00 1.724839e+00
43 7.217495e-01 6.971042e-01 1.730065e+00
44 8.146733e-01 1.584454e+00 9.087417e-01
45 9.583804e-01 1.780627e-01 1.746368e+00
46 -1.034154e+00 1.695417e+00 -2.368250e-01
47 2.660278e-01 1.968381e+00 -2.338878e-01
48 -3.050728e-01 1.483181e+00 -1.306562e+00
49 -6.619530e-01 2.686393e-01 -1.868061e+00
50 -3.795832e-01 5.824779e-01 -1.875270e+00
51 5.444950e-02 5.865075e-01 -1.911294e+00
52 4.286999e-01 3.986823e-01 -1.912399e+00
53 4.797779e-01 1.115888e-01 -1.938391e+00
54 1.374470e+00 6.225498e-01 -1.312732e+00
55 1.951646e+00 3.412762e-01 -2.731446e-01
56 1.445504e+00 1.361937e+00 -2.358897e-01
57 -1.514062e+00 -1.365827e-02 -1.306686e+00
58 -1.871706e+00 6.637545e-01 -2.369542e-01
59 -1.382201e+00 1.123718e+00 9.092736e-01
60 -1.871821e+00 -6.644377e-01 -2.341127e-01
61 -1.382621e+00 -1.123349e+00 9.090904e-01
62 -4.851184e-01 8.573767e-01 1.740565e+00
63 -5.265369e-01 -8.731784e-01 1.720558e+00
64 -8.544825e-01 -3.208596e-01 1.779581e+00
65 -9.329274e-01 3.440304e-01 1.735307e+00
66 1.389738e+00 -3.561001e-01 1.393492e+00
67 1.754807e+00 -3.096001e-01 9.081852e-01
68 3.585675e-01 -4.544793e-01 1.914387e+00
69 1.135984e-01 -4.719793e-01 1.940188e+00
70 4.152565e-01 -8.281223e-01 1.772505e+00
71 1.199798e+00 -8.025842e-01 1.384321e+00
72 8.627874e-01 -1.151974e+00 1.388724e+00
73 1.295133e+00 -1.223358e+00 9.088594e-01
74 4.264195e-01 -1.373973e+00 1.389376e+00
75 -5.777083e-02 -1.443742e+00 1.382849e+00
76 2.369991e-01 -1.765652e+00 9.090128e-01
77 9.052033e-01 -4.299012e-01 1.730836e+00
78 4.357200e-01 -3.123114e-01 1.926813e+00
79 5.625310e-01 -1.823291e-01 1.910580e+00
80 -7.152397e-02 -1.967295e+00 3.530364e-01
81 -7.252352e-01 -1.830136e+00 3.530384e-01
82 -4.079779e-01 -1.943963e+00 -2.335888e-01
83 5.498882e-01 -1.748720e+00 -7.997513e-01
84 -6.778821e-02 -1.831802e+00 -7.999416e-01
85 2.016991e-01 -1.510627e+00 -1.295116e+00
86 -6.774855e-01 -1.703419e+00 -7.996107e-01
87 -1.208263e+00 -1.378934e+00 -7.991514e-01
88 -8.034763e-01 -1.297552e+00 -1.292588e+00
89 6.590763e-01 -8.736251e-01 -1.674036e+00
90 3.209635e-01 -1.046534e+00 -1.673842e+00
91 2.647612e-01 -5.481782e-01 -1.905099e+00
92 -7.607979e-01 -8.430843e-01 -1.646328e+00
93 -9.444659e-01 -5.049618e-01 -1.689082e+00
94 -5.304236e-01 -4.417619e-01 -1.877098e+00
95 -1.588889e-01 -6.286908e-01 -1.891957e+00
96 -4.354369e-01 -9.843956e-01 -1.685633e+00
97 -5.668622e-02 -1.096100e+00 -1.671931e+00
98 6.414111e-01 -3.001899e-01 -1.870422e+00
99 9.152594e-01 -6.070067e-01 -1.671479e+00
100 1.108273e+00 -1.044474e+00 -1.296459e+00
101 1.006524e+00 -2.623027e-01 -1.708247e+00
102 1.448849e+00 -2.562115e-01 -1.354692e+00
103 1.102611e+00 -1.464031e+00 -8.005391e-01
104 9.086455e-01 -1.766260e+00 -2.338561e-01
105 5.904843e-01 -1.877952e+00 3.530200e-01
106 1.184046e+00 -1.572823e+00 3.525067e-01
107 1.640068e+00 -1.089892e+00 3.497308e-01
108 1.910541e+00 -4.863860e-01 3.365446e-01
109 1.806046e+00 -8.227858e-01 -2.474283e-01
110 1.756751e+00 -4.477763e-01 -8.445840e-01
111 1.522000e+00 -1.013912e+00 -8.096282e-01
112 1.291620e-01 5.295828e-01 1.924281e+00
113 2.864965e-01 4.362299e-01 1.930705e+00
114 4.435110e-01 9.060342e-01 1.726963e+00
115 -5.623561e-02 1.449409e+00 1.376971e+00
116 4.274844e-01 1.383705e+00 1.379354e+00
117 2.372026e-01 1.766764e+00 9.067966e-01
118 8.655756e-01 1.159581e+00 1.380634e+00
119 1.201216e+00 8.033538e-01 1.382644e+00
120 1.295442e+00 1.223976e+00 9.075867e-01
121 1.390698e+00 3.561161e-01 1.392530e+00
122 1.754909e+00 3.095815e-01 9.079951e-01
123 9.111385e-01 4.303002e-01 1.727619e+00
124 5.672536e-01 1.815420e-01 1.909258e+00
125 4.415029e-01 3.163215e-01 1.924842e+00
126 -7.250028e-01 1.830343e+00 3.524440e-01
127 -7.136264e-02 1.967406e+00 3.524475e-01
128 -4.075290e-01 1.943824e+00 -2.355141e-01
129 -1.201842e+00 1.374140e+00 -8.168934e-01
130 -6.721541e-01 1.698597e+00 -8.142331e-01
131 -7.601901e-01 1.245334e+00 -1.367938e+00
132 -6.530656e-02 1.830538e+00 -8.030359e-01
133 5.503071e-01 1.748422e+00 -8.001135e-01
134 2.049777e-01 1.509338e+00 -1.296103e+00
135 -9.311221e-01 5.428625e-01 -1.684729e+00
136 -7.389611e-01 7.920813e-01 -1.681233e+00
137 -5.385482e-01 4.051383e-01 -1.883037e+00
138 3.229249e-01 1.046201e+00 -1.673673e+00
139 6.592181e-01 8.740652e-01 -1.673751e+00
140 2.652062e-01 5.484190e-01 -1.904968e+00
141 -1.563666e-01 6.434667e-01 -1.887194e+00
142 -4.414222e-02 1.097706e+00 -1.671255e+00
143 -3.811716e-01 1.021872e+00 -1.676450e+00
144 6.415530e-01 3.002091e-01 -1.870370e+00
145 1.006139e+00 2.616702e-01 -1.708571e+00
146 1.448812e+00 2.561113e-01 -1.354751e+00
147 9.146283e-01 6.078901e-01 -1.671504e+00
148 1.108166e+00 1.044561e+00 -1.296480e+00
149 1.910605e+00 4.860997e-01 3.365964e-01
150 1.102650e+00 1.463943e+00 -8.006467e-01
151 9.087283e-01 1.766207e+00 -2.339380e-01
152 1.639371e+00 1.091078e+00 3.493021e-01
153 1.183706e+00 1.573152e+00 3.521861e-01
154 5.904168e-01 1.878061e+00 3.525550e-01
155 1.805981e+00 8.228973e-01 -2.475317e-01
156 1.523119e+00 1.012900e+00 -8.087897e-01
157 1.756523e+00 4.480893e-01 -8.448927e-01
158 -6.535545e-01 7.361440e-02 -1.888769e+00
159 -1.139417e+00 1.308846e-01 -1.638474e+00
160 -1.380799e+00 4.724709e-01 -1.367540e+00
161 -1.032757e+00 -1.674575e-01 -1.704515e+00
162 -1.429943e+00 -5.032150e-01 -1.304621e+00
163 -1.592722e+00 8.903537e-01 -8.188449e-01
164 -1.541788e+00 1.251365e+00 -2.386926e-01
165 -1.295426e+00 1.482519e+00 3.521454e-01
166 -9.267243e-01 1.521724e+00 9.085916e-01
167 -1.716716e+00 9.637897e-01 3.521286e-01
168 -1.940147e+00 3.340210e-01 3.525028e-01
169 -1.678777e+00 5.962703e-01 9.089385e-01
170 -1.598841e+00 -8.956949e-01 -8.008975e-01
171 -1.542243e+00 -1.251764e+00 -2.336099e-01
172 -1.940066e+00 -3.341168e-01 3.528580e-01
173 -1.716581e+00 -9.636952e-01 3.530458e-01
174 -1.678753e+00 -5.961138e-01 9.090856e-01
175 -1.295482e+00 -1.482249e+00 3.530788e-01
176 -9.277654e-01 -1.521022e+00 9.087039e-01
177 -1.986057e+00 -4.789990e-04 -2.357478e-01
178 -1.804421e+00 -3.123576e-01 -8.040514e-01
179 -1.800196e+00 3.048690e-01 -8.163027e-01
180 -5.278928e-01 1.348248e+00 1.379695e+00
181 -2.171705e-01 1.019795e+00 1.706709e+00
182 -8.541276e-02 5.350100e-01 1.925219e+00
183 -2.439533e-01 5.553583e-01 1.905797e+00
184 -3.588257e-01 4.562889e-01 1.913908e+00
185 -5.344299e-01 -1.345456e+00 1.379903e+00
186 -2.217886e-01 -9.911430e-01 1.722918e+00
187 -3.666380e-01 -4.685338e-01 1.909464e+00
188 -2.518453e-01 -6.113783e-01 1.887536e+00
189 -7.033279e-02 -5.120150e-01 1.932070e+00
190 -4.279439e-01 -3.043135e-01 1.929833e+00
191 -7.640870e-01 -6.493354e-01 1.730472e+00
192 -9.492098e-01 -1.092960e+00 1.380014e+00
193 -1.251328e+00 -7.104319e-01 1.389052e+00
194 -1.415424e+00 -2.467558e-01 1.391289e+00
195 -4.214353e-01 2.814569e-01 1.934728e+00
196 -7.665182e-01 6.500349e-01 1.729134e+00
197 -1.421733e+00 2.471195e-01 1.384777e+00
198 -1.257028e+00 7.127507e-01 1.382702e+00
199 -9.426477e-01 1.094963e+00 1.382921e+00
200 -9.837947e-01 3.369763e-03 1.741303e+00
201 -4.757098e-01 9.719167e-02 1.940169e+00
202 -4.719637e-01 -6.900104e-02 1.942290e+00
203 1.882632e-01 -2.052547e-01 -1.980512e+00
204 -5.210580e-01 -7.063840e-01 -1.797087e+00
205 -7.778588e-01 -2.472974e-01 -1.825864e+00
206 -9.649837e-01 2.931690e-01 -1.727095e+00
207 -5.656356e-01 9.127341e-01 -1.687297e+00
208 1.882836e-01 2.052689e-01 -1.980509e+00
209 1.804342e-01 -2.132495e-01 1.980396e+00
210 1.877908e-01 -3.584174e-01 1.958640e+00
211 2.736815e-01 -1.318830e-01 1.976792e+00
212 1.234064e-01 -2.795631e-01 -1.976516e+00
213 -2.277116e-01 -2.074118e-01 -1.976140e+00
214 3.124961e-01 -1.566101e-01 -1.969218e+00
215 1.791092e-01 1.965948e-01 1.982239e+00
216 2.796597e-01 1.339524e-01 1.975816e+00
217 -2.359861e-01 2.088692e-01 -1.975015e+00
218 1.234879e-01 2.796589e-01 -1.976497e+00
219 3.125241e-01 1.566187e-01 -1.969213e+00
220 -2.489567e-01 7.453959e-01 1.839132e+00
221 -1.689334e-01 2.101059e-01 1.981746e+00
222 -1.869478e-01 -2.169447e-01 1.979390e+00
223 -1.705840e-01 -3.547135e-01 1.960887e+00
224 -3.153463e-01 -1.337523e-01 1.970448e+00
225 -2.267739e-01 1.064317e-01 1.984249e+00
226 -1.966950e-01 5.022791e-02 1.989670e+00
227 -2.095034e-01 -5.037648e-02 1.988359e+00
228 -6.825393e-02 -6.697387e-02 1.997713e+00
229 -1.616263e-01 3.324239e-01 1.965546e+00
230 8.155308e-02 3.041053e-01 -1.975062e+00
231 -3.526878e-01 1.403813e-01 -1.963646e+00
232 2.657802e-01 6.328827e-02 1.981251e+00
233 8.817826e-02 2.634086e-01 1.980616e+00
234 -1.423422e-01 -2.693928e-01 -1.976655e+00
235 8.126964e-02 -3.036608e-01 -1.975142e+00
236 2.635793e-01 -6.312958e-02 1.981550e+00
237 6.548119e-02 -6.546969e-02 1.997855e+00
238 1.563291e-01 1.244568e-01 -1.989993e+00
239 1.563159e-01 -1.244495e-01 -1.989994e+00
240 -1.477889e-01 2.787285e-01 -1.974960e+00
241 -3.496176e-01 -1.723211e-01 -1.961651e+00
242 -4.737973e-01 -9.563734e-02 -1.940714e+00
243 1.221750e-01 -5.190314e-02 1.995590e+00
244 6.458475e-02 -1.548596e-01 -1.992949e+00
245 -7.434874e-02 -7.706125e-02 -1.997131e+00
246 1.843770e-01 -5.925906e-02 -1.990601e+00
247 6.517538e-02 6.438678e-02 1.997901e+00
248 1.244462e-01 5.264147e-02 1.995430e+00
249 -7.619122e-02 7.870843e-02 -1.996998e+00
250 6.463264e-02 1.549370e-01 -1.992942e+00
251 1.843871e-01 5.926156e-02 -1.990600e+00
252 -9.047602e-02 8.435872e-02 1.996171e+00
253 -1.331522e-01 -5.570501e-02 1.994785e+00
254 -1.160803e-01 4.515719e-02 1.996118e+00
255 -8.620627e-02 -1.984503e-01 1.988262e+00
256 8.610847e-02 1.714745e-01 1.990774e+00
257 -6.447268e-02 -3.200188e-01 -1.973178e+00
258 8.727235e-02 -1.899386e-01 1.989047e+00
259 1.442702e-02 1.439398e-02 -1.999896e+00
260 4.165923e-02 -4.215104e-02 -1.999122e+00
261 -6.051770e-02 3.221183e-01 -1.972962e+00
262 7.309631e-02 -3.170243e-02 -1.998412e+00
263 7.097309e-02 3.074594e-02 -1.998504e+00
264 -5.643093e-02 1.321856e-01 1.994829e+00
265 -1.298143e-01 5.722449e-02 -1.994962e+00
266 1.141759e-01 2.522703e-02 1.996579e+00
267 2.068590e-01 1.483503e-01 1.983734e+00
268 -1.419794e-01 -6.085433e-02 -1.994026e+00
269 1.129175e-01 -2.504175e-02 1.996653e+00
270 -4.987007e-02 1.177940e-01 -1.995905e+00
271 1.973513e-01 -1.434354e-01 1.985064e+00
272 -4.952794e-02 -1.167422e-01 -1.995976e+00
273 -2.052763e-01 -1.349907e-01 1.984852e+00
274 1.880672e-01 2.928750e-01 -1.969481e+00
275 1.889429e-01 -2.945069e-01 -1.969154e+00
276 1.083673e+00 -4.412669e-01 6.976772e-01
277 1.088536e-01 5.040698e-01 6.796402e-01
278 9.343939e-01 5.468501e-01 8.582298e-01
279 -1.096336e-01 -5.048817e-01 9.269674e-01
280 -1.097351e+00 6.105621e-01 1.342010e-01
281 -1.508742e-02 1.178712e+00 -1.071792e-01
282 -8.919232e-02 6.236330e-01 1.266463e-01
283 1.643648e-02 5.018808e-01 -5.727808e-01
284 1.032622e+00 6.120229e-01 -1.017018e-01
285 -1.118225e+00 -6.694558e-01 1.753519e-01
286 -9.654684e-01 -5.877024e-01 -7.095146e-01
287 1.516809e-01 -8.102187e-02 1.404898e+00
288 4.184505e-02 -5.245326e-01 2.573061e-01
289 1.054086e+00 -4.197384e-01 -1.300680e-01
290 9.948018e-02 -1.354868e+00 -2.338089e-02
291 9.429695e-02 -4.907676e-01 -4.796371e-01
292 -6.243713e-02 -5.049882e-01 1.526154e+00
293 -9.759936e-01 4.830185e-01 -7.566363e-01
294 -1.341463e-01 4.788656e-02 1.502677e+00
295 -1.908842e-01 -2.322057e-01 -1.535640e+00
296 -2.173151e-01 -6.593806e-01 -1.425089e+00
297 2.003497e-02 -1.578591e-01 -1.128616e+00
298 5.102817e-01 -2.912692e-02 -1.548694e+00
299 3.842583e-01 -2.895598e-01 -1.168438e+00
300 -2.215763e-01 3.228986e-01 -1.566168e+00
301 2.168072e-01 3.382570e-01 -1.224999e+00
302 6.479527e-01 3.824525e-01 -1.267305e+00
303 2.135926e-01 1.816179e-01 -8.998614e-01
304 -6.702079e-01 -2.440824e-01 -1.316481e+00
305 -5.781843e-01 1.934747e-01 -1.356797e+00
306 -1.198755e-01 1.980095e-02 -1.748889e+00
307 -1.142222e-01 2.663475e-01 -1.215274e+00
308 1.279493e-01 -2.484169e-02 -1.620713e+00
309 -5.026291e-01 -6.101886e-01 -1.315668e+00
310 2.958933e-01 3.193735e-01 1.550153e+00
311 -1.902502e-01 5.666930e-01 1.494685e+00
312 6.488017e-01 -1.841746e-01 1.436367e+00
313 -1.242921e-01 -1.175161e-01 1.751478e+00
314 -6.383253e-02 1.056136e-01 1.849081e+00
315 -1.240269e-01 1.105568e+00 9.227036e-01
316 -9.655041e-01 8.707920e-01 8.971729e-01
317 -5.419343e-01 -2.505033e-01 1.532504e+00
318 -8.025763e-01 -4.169343e-01 9.223194e-01
319 -5.700624e-01 3.944878e-01 1.461991e+00
320 4.750349e-02 -2.323572e-01 -1.592162e+00
321 -6.140908e-01 6.168313e-01 -1.420819e+00
322 -3.127864e-01 1.165332e+00 -8.439956e-01
323 -1.432831e-01 6.046214e-01 -1.449023e+00
324 2.192245e-01 6.669276e-01 -1.466814e+00
325 -3.164490e-01 5.522445e-01 -8.592198e-01
326 5.522935e-02 1.462287e-01 -1.804970e+00
327 -5.804681e-01 2.267029e-01 -9.276463e-01
328 -2.378658e-01 1.700031e-01 -1.693281e+00
329 1.028504e+00 3.616059e-01 -8.173499e-01
330 3.770252e-01 2.222827e-01 -1.696921e+00
331 9.615558e-01 -1.434101e-01 -1.097408e+00
332 2.411222e-01 -1.909775e-01 -7.771508e-01
333 -8.280270e-02 -2.571526e-01 -7.409724e-01
334 4.962600e-01 -6.680056e-01 -8.287602e-01
335 3.811855e-01 -1.233083e-01 -4.847232e-01
336 4.831601e-01 -2.112407e-01 -5.261046e-02
337 3.437783e-01 1.209417e+00 -9.080600e-01
338 3.449656e-01 6.038963e-01 -7.613896e-01
339 1.832903e-01 2.044714e-01 -1.719829e+00
340 -2.253422e-02 9.410311e-02 -1.657487e+00
341 1.643540e-01 2.960903e-01 -1.534882e+00
342 -2.126332e-01 1.728503e-01 -8.668535e-01
343 4.173935e-01 2.818506e-01 -5.669109e-01
344 3.798862e-01 3.618480e-01 -1.254099e-01
345 -8.375224e-02 1.901829e-01 -1.476765e+00
346 -2.156219e-01 1.234403e-01 -4.989929e-01
347 -5.234864e-01 2.469994e-01 -6.831372e-02
348 2.145603e-01 -2.696032e-01 -1.698601e+00
349 4.652597e-02 -3.253147e-02 -1.782354e+00
350 -2.311220e-01 1.412654e-02 -1.774701e+00
351 -5.867896e-01 -2.519659e-01 -9.033891e-01
352 -8.185622e-02 -8.780078e-02 -1.490977e+00
353 -2.208561e-01 -7.097396e-01 -7.529220e-01
354 -2.437225e-01 -3.137108e-01 -5.328236e-01
355 -4.243080e-01 -3.218145e-01 -9.166269e-02
356 1.230618e-01 8.868900e-03 -1.445687e+00
357 -2.921809e-01 -2.293446e-01 -1.715006e+00
358 -3.477111e-01 -1.213722e-01 -1.516676e+00
359 2.985239e-01 -8.427930e-01 9.381388e-01
360 -2.235308e-01 1.432742e-01 1.709453e+00
361 -2.674279e-01 6.326233e-02 9.303478e-01
362 -9.201587e-01 1.807906e-01 8.899654e-01
363 6.735210e-02 2.278196e-01 1.706861e+00
364 1.556385e-01 -6.759141e-01 -1.061228e+00
365 4.652896e-01 -1.079338e+00 -1.470380e+00
366 1.728300e-01 -1.081783e+00 -1.503061e+00
367 7.013133e-01 -9.812133e-01 -1.468515e+00
368 2.279560e-01 -7.333537e-01 -1.655344e+00
369 3.618364e-01 -7.673292e-01 -1.361621e+00
370 8.807812e-01 -3.187133e-01 -1.583020e+00
371 1.136734e+00 -2.443488e-01 -1.393456e+00
372 -2.391399e-02 -4.974301e-01 -1.356905e+00
373 2.897917e-02 -2.774311e-01 -1.390215e+00
374 4.888199e-01 -2.651300e-01 -1.622316e+00
375 7.449994e-01 -1.956498e-01 -1.326306e+00
376 1.445720e-02 1.298971e-01 -1.915220e+00
377 1.533100e-01 -8.687035e-01 -1.399172e+00
378 1.076920e-02 -2.527940e-01 -1.816208e+00
379 2.168724e-02 2.205800e-02 -1.866845e+00
380 -3.249736e-01 4.620688e-02 -1.860677e+00
381 6.116657e-01 -7.216077e-01 -1.590871e+00
382 -7.393450e-01 -3.724039e-01 -1.715626e+00
383 -5.739147e-01 -3.140799e-01 -1.777963e+00
384 -5.931555e-01 -2.888884e-01 -1.655884e+00
385 -1.293481e-01 3.333362e-01 1.778713e+00
386 -5.965907e-02 2.566424e-01 1.864337e+00
387 -1.246085e-01 1.893000e-01 1.797527e+00
388 6.290295e-01 -3.092674e-01 -1.465563e+00
389 1.057947e-02 7.717097e-02 -1.928081e+00
390 5.069506e-01 -2.189684e-01 -1.379038e+00
391 2.030938e-02 6.447970e-02 -1.890309e+00
392 7.148695e-03 4.350951e-02 -1.942421e+00
393 6.764457e-01 -2.294761e-01 -1.522192e+00
394 9.535019e-03 3.402723e-02 -1.922738e+00
395 6.151576e-01 -1.984818e-01 -1.437861e+00
396 5.403249e-01 -2.100179e-01 -1.475367e+00
397 5.791839e-01 -2.133864e-01 -1.521081e+00
398 1.685840e-01 -8.731588e-02 1.775103e+00
399 -1.085712e-02 -2.263000e-02 1.730853e+00
400 8.642784e-02 6.325797e-02 1.801935e+00
401 2.205885e-01 1.453381e-01 1.840388e+00
402 1.922520e-01 2.704240e-01 1.825356e+00
403 -1.898981e-01 -1.023075e-02 1.834234e+00
404 7.061321e-02 -4.798933e-02 -1.972034e+00
405 4.509105e-02 -2.891235e-01 -1.811373e+00
406 1.586493e+00 -3.545725e-01 7.478636e-01
407 7.437953e-01 -8.364068e-02 -1.710895e+00
408 -2.939067e-01 2.600168e-01 -1.832510e+00
409 4.002490e-02 1.386733e-01 -1.953990e+00
410 -1.674261e-02 2.345705e-01 -1.933604e+00
411 1.469390e+00 -4.018593e-01 9.838311e-01
412 -2.589468e-01 1.655572e-01 -1.906375e+00
413 1.129303e-01 -3.823365e-02 -1.932427e+00
414 1.279391e-01 -1.440045e-01 -1.912674e+00
415 4.452773e-02 -2.764039e-01 -1.901305e+00
1 102 1 3 
2 102 3 4 
3 102 4 5 
4 102 5 1 
5 102 2 6 
6 102 6 7 
7 102 7 8 
8 102 8 9 
9 102 9 10 
10 102 10 11 
11 102 11 12 
12 102 12 13 
13 102 13 14 
14 102 14 1 
15 102 2 15 
16 102 15 16 
17 102 16 17 
18 102 17 2 
19 203 23 67 66 
20 203 13 66 12 
21 203 66 67 12 
22 203 14 27 13 
23 203 27 66 13 
24 203 70 28 68 
25 203 29 70 69 
26 203 68 210 70 
27 203 72 71 28 
28 203 73 23 71 
29 203 30 73 72 
30 203 71 72 73 
31 203 75 74 29 
32 203 76 30 74 
33 203 21 76 75 
34 203 74 75 76 
35 203 72 74 30 
36 203 70 29 74 
37 203 28 70 72 
38 203 74 72 70 
39 203 66 71 23 
40 203 77 28 71 
41 203 27 77 66 
42 203 71 66 77 
43 203 78 68 28 
44 203 79 27 14 
45 203 1 236 14 
46 203 210 258 69 
47 203 209 210 68 
48 203 77 27 79 
49 203 28 77 78 
50 203 79 78 77 
51 203 31 2 6 
52 203 81 80 21 
53 203 82 32 80 
54 203 33 82 81 
55 203 80 81 82 
56 203 84 83 32 
57 203 85 22 83 
58 203 34 85 84 
59 203 83 84 85 
60 203 87 86 33 
61 203 88 34 86 
62 203 24 88 87 
63 203 86 87 88 
64 203 84 86 34 
65 203 82 33 86 
66 203 32 82 84 
67 203 86 84 82 
68 203 90 89 22 
69 203 91 35 89 
70 203 36 91 90 
71 203 89 90 91 
72 203 98 214 31 
73 203 96 92 204 
74 203 95 257 36 
75 203 2 31 246 
76 203 2 249 270 
77 203 203 239 35 
78 203 93 92 24 
79 203 37 204 94 
80 203 38 94 93 
81 203 92 93 94 
82 203 94 213 37 
83 203 37 234 95 
84 203 1 237 243 
85 203 93 161 205 
86 203 88 24 92 
87 203 34 88 96 
88 203 92 96 88 
89 203 90 97 36 
90 203 85 34 97 
91 203 22 85 90 
92 203 97 90 85 
93 203 96 97 34 
94 203 95 36 97 
95 203 37 95 96 
96 203 97 96 95 
97 203 99 89 35 
98 203 100 22 89 
99 203 39 100 99 
100 203 89 99 100 
101 203 31 6 101 
102 203 102 39 101 
103 203 99 101 39 
104 203 101 6 7 
105 203 102 101 7 
106 203 98 31 101 
107 203 35 98 99 
108 203 101 99 98 
109 203 103 83 22 
110 203 104 32 83 
111 203 40 104 103 
112 203 83 103 104 
113 203 105 80 32 
114 203 76 21 80 
115 203 30 76 105 
116 203 80 105 76 
117 203 107 106 40 
118 203 73 30 106 
119 203 23 73 107 
120 203 106 107 73 
121 203 105 106 30 
122 203 104 40 106 
123 203 32 104 105 
124 203 106 105 104 
125 203 10 41 9 
126 203 41 10 108 
127 203 67 23 108 
128 203 12 67 11 
129 203 67 108 11 
130 203 11 108 10 
131 203 107 108 23 
132 203 109 41 108 
133 203 40 109 107 
134 203 108 107 109 
135 203 39 102 110 
136 203 110 8 9 
137 203 41 110 9 
138 203 102 7 8 
139 203 102 8 110 
140 203 103 111 40 
141 203 100 39 111 
142 203 22 100 103 
143 203 111 103 100 
144 203 110 111 39 
145 203 109 40 111 
146 203 41 109 110 
147 203 111 110 109 
148 203 113 215 125 
149 203 114 42 112 
150 203 43 114 113 
151 203 112 113 114 
152 203 116 115 42 
153 203 117 18 115 
154 203 44 117 116 
155 203 115 116 117 
156 203 119 118 43 
157 203 120 44 118 
158 203 20 120 119 
159 203 118 119 120 
160 203 116 118 44 
161 203 114 43 118 
162 203 42 114 116 
163 203 118 116 114 
164 203 13 45 14 
165 203 45 13 121 
166 203 122 20 121 
167 203 11 122 12 
168 203 122 121 12 
169 203 12 121 13 
170 203 119 121 20 
171 203 123 45 121 
172 203 43 123 119 
173 203 121 119 123 
174 203 124 232 14 
175 203 45 124 14 
176 203 113 125 43 
177 203 125 216 124 
178 203 123 43 125 
179 203 45 123 124 
180 203 125 124 123 
181 203 127 126 18 
182 203 128 46 126 
183 203 47 128 127 
184 203 126 127 128 
185 203 130 129 46 
186 203 131 25 129 
187 203 48 131 130 
188 203 129 130 131 
189 203 133 132 47 
190 203 134 48 132 
191 203 19 134 133 
192 203 132 133 134 
193 203 130 132 48 
194 203 128 47 132 
195 203 46 128 130 
196 203 132 130 128 
197 203 136 135 25 
198 203 137 49 135 
199 203 50 137 136 
200 203 135 136 137 
201 203 217 231 137 
202 203 49 231 158 
203 203 139 138 19 
204 203 140 51 138 
205 203 52 140 139 
206 203 138 139 140 
207 203 2 158 231 
208 203 2 251 53 
209 203 2 261 51 
210 203 1 243 269 
211 203 2 246 262 
212 203 142 138 51 
213 203 134 19 138 
214 203 48 134 142 
215 203 138 142 134 
216 203 144 219 52 
217 203 131 48 143 
218 203 25 131 136 
219 203 143 207 131 
220 203 142 143 48 
221 203 141 50 143 
222 203 51 141 142 
223 203 143 142 141 
224 203 53 145 6 
225 203 53 6 2 
226 203 208 274 52 
227 203 218 230 140 
228 203 181 62 220 
229 203 145 7 6 
230 203 54 146 145 
231 203 139 147 52 
232 203 212 244 275 
233 203 145 146 7 
234 203 146 8 7 
235 203 148 54 147 
236 203 19 148 139 
237 203 147 139 148 
238 203 145 147 54 
239 203 144 52 147 
240 203 53 144 145 
241 203 147 145 144 
242 203 91 212 275 
243 203 218 140 274 
244 203 208 259 274 
245 203 228 253 273 
246 203 222 228 190 
247 203 245 2 272 
248 203 234 245 272 
249 203 20 122 149 
250 203 78 211 271 
251 203 10 149 11 
252 203 149 122 11 
253 203 237 209 271 
254 203 240 261 270 
255 203 9 55 10 
256 203 55 149 10 
257 203 249 240 270 
258 203 236 1 269 
259 203 133 150 19 
260 203 151 56 150 
261 203 47 151 133 
262 203 150 133 151 
263 203 153 152 56 
264 203 120 20 152 
265 203 44 120 153 
266 203 152 153 120 
267 203 127 154 47 
268 203 117 44 154 
269 203 18 117 127 
270 203 154 127 117 
271 203 153 154 44 
272 203 151 47 154 
273 203 56 151 153 
274 203 154 153 151 
275 203 149 152 20 
276 203 155 56 152 
277 203 55 155 149 
278 203 152 149 155 
279 203 156 150 56 
280 203 148 19 150 
281 203 54 148 156 
282 203 150 156 148 
283 203 146 54 157 
284 203 243 236 269 
285 203 157 55 9 
286 203 241 242 268 
287 203 157 9 8 
288 203 245 213 268 
289 203 146 157 8 
290 203 247 248 267 
291 203 156 157 54 
292 203 155 55 157 
293 203 56 155 156 
294 203 157 156 155 
295 203 125 215 267 
296 203 248 1 266 
297 203 38 205 242 
298 203 136 131 207 
299 203 232 248 266 
300 203 214 246 31 
301 203 249 2 265 
302 203 160 25 135 
303 203 57 160 159 
304 203 135 206 160 
305 203 159 160 206 
306 203 162 57 161 
307 203 24 162 93 
308 203 161 93 162 
309 203 159 161 57 
310 203 158 242 161 
311 203 159 206 158 
312 203 161 159 158 
313 203 163 129 25 
314 203 164 46 129 
315 203 58 164 163 
316 203 129 163 164 
317 203 165 126 46 
318 203 166 18 126 
319 203 59 166 165 
320 203 126 165 166 
321 203 168 167 58 
322 203 169 59 167 
323 203 26 169 168 
324 203 167 168 169 
325 203 165 167 59 
326 203 164 58 167 
327 203 46 164 165 
328 203 167 165 164 
329 203 87 170 24 
330 203 171 60 170 
331 203 33 171 87 
332 203 170 87 171 
333 203 173 172 60 
334 203 174 26 172 
335 203 61 174 173 
336 203 172 173 174 
337 203 81 175 33 
338 203 176 61 175 
339 203 21 176 81 
340 203 175 81 176 
341 203 173 175 61 
342 203 171 33 175 
343 203 60 171 173 
344 203 175 173 171 
345 203 168 172 26 
346 203 177 60 172 
347 203 58 177 168 
348 203 172 168 177 
349 203 178 170 60 
350 203 162 24 170 
351 203 57 162 178 
352 203 170 178 162 
353 203 163 179 58 
354 203 160 57 179 
355 203 25 160 163 
356 203 179 163 160 
357 203 178 179 57 
358 203 177 58 179 
359 203 60 177 178 
360 203 179 178 177 
361 203 180 115 18 
362 203 181 42 115 
363 203 62 181 180 
364 203 115 180 181 
365 203 182 112 42 
366 203 1 69 258 
367 203 182 1 112 
368 203 231 217 265 
369 203 2 36 257 
370 203 252 1 264 
371 203 184 183 62 
372 203 229 221 264 
373 203 183 229 182 
374 203 251 2 263 
375 203 259 238 263 
376 203 1 227 253 
377 203 42 181 182 
378 203 181 220 182 
379 203 260 2 262 
380 203 246 214 262 
381 203 141 51 261 
382 203 240 141 261 
383 203 239 203 260 
384 203 2 259 263 
385 203 238 219 263 
386 203 2 250 259 
387 203 237 1 258 
388 203 210 209 258 
389 203 234 272 257 
390 203 95 234 257 
391 203 233 1 256 
392 203 247 215 256 
393 203 223 189 255 
394 203 228 222 255 
395 203 225 226 254 
396 203 252 225 254 
397 203 228 1 253 
398 203 224 273 253 
399 203 221 184 252 
400 203 2 231 265 
401 203 219 53 251 
402 203 251 263 219 
403 203 218 274 250 
404 203 259 250 274 
405 203 217 50 249 
406 203 1 232 266 
407 203 247 1 248 
408 203 216 267 248 
409 203 215 113 256 
410 203 260 262 239 
411 203 239 262 214 
412 203 241 268 213 
413 203 224 190 273 
414 203 212 235 244 
415 203 260 275 244 
416 203 211 236 243 
417 203 237 271 243 
418 203 2 268 242 
419 203 158 2 242 
420 203 38 242 241 
421 203 213 94 241 
422 203 50 141 240 
423 203 240 249 50 
424 203 203 275 260 
425 203 75 185 21 
426 203 186 63 185 
427 203 29 186 75 
428 203 185 75 186 
429 203 188 187 63 
430 203 1 255 189 
431 203 187 222 190 
432 203 202 64 224 
433 203 69 189 29 
434 203 208 52 238 
435 203 1 182 264 
436 203 1 247 256 
437 203 189 69 1 
438 203 78 271 209 
439 203 186 29 189 
440 203 63 186 188 
441 203 189 188 186 
442 203 79 14 236 
443 203 211 79 236 
444 203 36 2 235 
445 203 212 91 235 
446 203 234 37 245 
447 203 213 245 37 
448 203 112 1 233 
449 203 233 256 113 
450 203 216 248 232 
451 203 124 216 232 
452 203 249 265 217 
453 203 49 137 231 
454 203 218 250 230 
455 203 51 140 230 
456 203 252 264 221 
457 203 183 184 229 
458 203 223 255 222 
459 203 1 252 254 
460 203 224 253 227 
461 203 202 224 227 
462 203 201 1 226 
463 203 225 201 226 
464 203 195 65 225 
465 203 225 252 195 
466 203 140 52 274 
467 203 273 190 228 
468 203 188 189 223 
469 203 222 187 223 
470 203 188 223 187 
471 203 1 228 255 
472 203 195 252 184 
473 203 2 51 230 
474 203 183 182 220 
475 203 62 183 220 
476 203 144 53 219 
477 203 219 238 52 
478 203 238 259 208 
479 203 203 35 275 
480 203 137 50 217 
481 203 1 14 232 
482 203 2 245 268 
483 203 247 267 215 
484 203 112 233 113 
485 203 2 230 250 
486 203 214 35 239 
487 203 98 35 214 
488 203 38 241 94 
489 203 2 244 235 
490 203 36 235 91 
491 203 78 79 211 
492 203 2 257 272 
493 203 237 258 209 
494 203 69 70 210 
495 203 68 78 209 
496 203 2 260 244 
497 203 2 270 261 
498 203 50 136 207 
499 203 143 50 207 
500 203 49 158 206 
501 203 135 49 206 
502 203 38 93 205 
503 203 161 242 205 
504 203 191 63 187 
505 203 64 191 190 
506 203 187 190 191 
507 203 192 185 63 
508 203 176 21 185 
509 203 61 176 192 
510 203 185 192 176 
511 203 194 193 64 
512 203 174 61 193 
513 203 26 174 194 
514 203 193 194 174 
515 203 192 193 61 
516 203 191 64 193 
517 203 63 191 192 
518 203 193 192 191 
519 203 1 202 227 
520 203 196 65 195 
521 203 62 196 184 
522 203 195 184 196 
523 203 198 197 65 
524 203 169 26 197 
525 203 59 169 198 
526 203 197 198 169 
527 203 180 199 62 
528 203 166 59 199 
529 203 18 166 180 
530 203 199 180 166 
531 203 198 199 59 
532 203 196 62 199 
533 203 65 196 198 
534 203 199 198 196 
535 203 194 197 26 
536 203 200 65 197 
537 203 64 200 194 
538 203 197 194 200 
539 203 201 225 65 
540 203 221 229 184 
541 203 229 264 182 
542 203 1 254 226 
543 203 190 224 64 
544 203 37 96 204 
545 203 92 94 204 
546 203 91 275 35 
547 203 200 64 202 
548 203 201 202 1 
549 203 216 125 267 
550 203 211 243 271 
551 203 65 200 201 
552 203 202 201 200 
553 304 149 152 20 278 
554 304 306 234 357 320 
555 304 289 290 336 288 
556 304 331 102 110 8 
557 304 63 317 192 292 
558 304 111 109 40 289 
559 304 306 234 320 272 
560 304 78 28 77 312 
561 304 249 340 328 240 
562 304 328 321 50 300 
563 304 174 26 318 194 
564 304 337 151 150 281 
565 304 153 284 281 278 
566 304 282 347 344 283 
567 304 290 353 285 286 
568 304 103 111 289 334 
569 304 70 72 312 359 
570 304 376 259 2 389 
571 304 177 168 58 280 
572 304 376 2 270 389 
573 304 306 234 272 245 
574 304 233 1 363 112 
575 304 168 26 285 172 
576 304 255 313 228 222 
577 304 361 311 294 319 
578 304 276 72 359 312 
579 304 207 321 131 143 
580 304 292 312 398 287 
581 304 294 314 313 360 
582 304 9 329 8 157 
583 304 294 292 318 317 
584 304 347 322 280 325 
585 304 329 146 8 157 
586 304 278 116 310 315 
587 304 281 284 277 278 
588 304 311 277 316 361 
589 304 281 322 280 347 
590 304 293 177 285 286 
591 304 349 328 265 249 
592 304 171 87 286 170 
593 304 290 276 289 106 
594 304 99 299 374 388 
595 304 42 310 315 311 
596 304 349 31 214 298 
597 304 233 363 1 400 
598 304 301 307 323 325 
599 304 26 174 318 285 
600 304 309 304 351 286 
601 304 287 310 277 278 
602 304 165 46 280 281 
603 304 319 196 195 65 
604 304 99 374 370 388 
605 304 178 286 57 162 
606 304 134 322 48 132 
607 304 300 323 50 326 
608 304 102 331 110 39 
609 304 287 276 359 312 
610 304 362 318 361 347 
611 304 200 202 360 317 
612 304 349 326 339 340 
613 304 355 279 361 288 
614 304 160 293 179 163 
615 304 289 276 288 336 
616 304 168 177 285 280 
617 304 99 370 375 388 
618 304 258 210 398 313 
619 304 263 219 349 238 
620 304 279 287 294 361 
621 304 2 404 262 260 
622 304 276 108 11 289 
623 304 126 46 165 281 
624 304 282 347 361 288 
625 304 294 363 314 360 
626 304 316 197 198 362 
627 304 337 284 150 156 
628 304 276 66 312 12 
629 304 348 235 212 244 
630 304 145 330 302 6 
631 304 99 375 299 388 
632 304 311 112 310 363 
633 304 347 355 361 288 
634 304 145 302 330 144 
635 304 169 316 59 280 
636 304 63 317 292 187 
637 304 340 345 326 341 
638 304 339 340 326 341 
639 304 279 75 292 359 
640 304 299 375 298 390 
641 304 151 284 281 153 
642 304 144 219 330 53 
643 304 299 388 375 390 
644 304 322 293 129 46 
645 304 189 186 292 188 
646 304 224 313 317 190 
647 304 286 355 347 346 
648 304 191 193 317 64 
649 304 279 21 359 290 
650 304 200 360 319 317 
651 304 202 360 317 313 
652 304 224 317 313 202 
653 304 312 72 70 28 
654 304 282 347 280 361 
655 304 313 292 294 317 
656 304 26 197 318 194 
657 304 121 45 13 312 
658 304 327 293 351 57 
659 304 343 283 303 338 
660 304 387 363 314 386 
661 304 177 293 179 286 
662 304 348 235 244 320 
663 304 293 286 351 57 
664 304 348 235 320 36 
665 304 309 304 286 162 
666 304 284 337 344 338 
667 304 298 348 349 308 
668 304 349 348 320 308 
669 304 296 358 357 295 
670 304 296 95 320 357 
671 304 348 235 91 212 
672 304 353 85 296 34 
673 304 24 309 286 162 
674 304 94 382 383 384 
675 304 324 337 338 325 
676 304 313 69 292 189 
677 304 91 235 348 36 
678 304 69 29 70 292 
679 304 111 109 289 110 
680 304 126 46 281 128 
681 304 224 317 64 190 
682 304 332 334 291 335 
683 304 212 275 91 348 
684 304 59 165 167 280 
685 304 302 139 148 324 
686 304 322 134 337 132 
687 304 382 205 383 384 
688 304 306 357 350 295 
689 304 306 349 272 320 
690 304 316 166 59 165 
691 304 106 290 104 289 
692 304 257 349 320 272 
693 304 290 83 84 32 
694 304 244 2 260 349 
695 304 24 286 170 162 
696 304 95 96 296 97 
697 304 140 341 326 324 
698 304 350 213 306 268 
699 304 2 257 272 349 
700 304 330 52 219 144 
701 304 46 322 281 130 
702 304 160 293 305 57 
703 304 290 82 80 32 
704 304 316 165 280 281 
705 304 387 363 386 385 
706 304 103 290 83 334 
707 304 281 282 347 280 
708 304 340 345 328 300 
709 304 165 316 315 281 
710 304 166 316 315 165 
711 304 164 58 167 280 
712 304 278 116 315 44 
713 304 199 311 315 316 
714 304 193 318 317 194 
715 304 151 47 154 281 
716 304 126 166 315 165 
717 304 184 196 195 319 
718 304 323 141 143 50 
719 304 376 270 326 389 
720 304 352 358 297 295 
721 304 136 321 50 137 
722 304 284 152 278 153 
723 304 208 274 52 330 
724 304 381 348 100 369 
725 304 228 313 190 222 
726 304 306 231 265 328 
727 304 327 293 321 325 
728 304 82 290 33 86 
729 304 330 324 301 341 
730 304 197 200 317 194 
731 304 327 293 305 321 
732 304 174 172 173 285 
733 304 333 332 335 346 
734 304 76 290 105 30 
735 304 343 283 344 346 
736 304 286 60 285 170 
737 304 175 61 173 285 
738 304 342 333 351 346 
739 304 29 69 189 292 
740 304 389 259 2 392 
741 304 353 333 291 354 
742 304 76 30 74 359 
743 304 393 397 395 388 
744 304 304 358 309 297 
745 304 306 357 213 350 
746 304 358 158 328 305 
747 304 289 334 335 336 
748 304 293 347 325 346 
749 304 355 336 335 291 
750 304 168 26 169 280 
751 304 298 393 397 395 
752 304 295 296 320 357 
753 304 287 279 277 361 
754 304 26 362 169 280 
755 304 164 46 280 165 
756 304 164 293 163 280 
757 304 169 59 167 280 
758 304 276 106 73 107 
759 304 331 329 335 303 
760 304 282 284 277 281 
761 304 311 385 182 363 
762 304 280 362 277 361 
763 304 106 289 104 40 
764 304 345 326 341 323 
765 304 153 151 154 281 
766 304 153 152 278 120 
767 304 282 316 277 280 
768 304 95 234 257 320 
769 304 306 357 295 320 
770 304 343 283 346 303 
771 304 326 324 341 323 
772 304 281 282 283 325 
773 304 224 64 317 202 
774 304 342 327 351 305 
775 304 295 352 306 320 
776 304 138 337 324 142 
777 304 279 361 288 277 
778 304 26 168 285 280 
779 304 165 164 167 280 
780 304 106 289 40 107 
781 304 358 345 352 297 
782 304 72 276 71 312 
783 304 324 19 148 337 
784 304 141 240 326 261 
785 304 289 109 40 107 
786 304 332 299 303 297 
787 304 286 293 179 57 
788 304 307 301 341 356 
789 304 337 324 323 325 
790 304 311 42 181 315 
791 304 358 296 297 295 
792 304 330 219 349 298 
793 304 53 298 219 330 
794 304 290 353 334 291 
795 304 304 309 351 297 
796 304 323 321 325 305 
797 304 63 317 187 191 
798 304 152 155 56 284 
799 304 77 66 27 312 
800 304 122 149 278 11 
801 304 46 281 128 130 
802 304 358 296 309 297 
803 304 287 276 312 278 
804 304 63 317 191 192 
805 304 53 298 330 6 
806 304 305 161 159 57 
807 304 77 79 312 27 
808 304 322 129 130 46 
809 304 134 138 142 337 
810 304 82 290 84 32 
811 304 50 323 300 321 
812 304 294 311 361 310 
813 304 141 323 143 142 
814 304 345 307 300 323 
815 304 283 343 344 338 
816 304 161 304 162 57 
817 304 290 83 32 104 
818 304 87 24 286 170 
819 304 150 284 56 156 
820 304 294 319 362 361 
821 304 385 311 183 184 
822 304 294 362 318 361 
823 304 279 294 318 361 
824 304 318 355 361 347 
825 304 96 37 357 204 
826 304 337 150 19 148 
827 304 171 286 285 170 
828 304 296 96 34 97 
829 304 85 296 34 97 
830 304 294 363 360 311 
831 304 171 175 173 285 
832 304 279 355 361 318 
833 304 196 319 311 316 
834 304 94 304 382 384 
835 304 349 2 263 259 
836 304 2 349 404 260 
837 304 59 316 198 199 
838 304 96 357 37 95 
839 304 96 357 309 204 
840 304 319 294 362 317 
841 304 119 278 123 121 
842 304 276 30 359 72 
843 304 192 185 63 292 
844 304 389 2 270 392 
845 304 155 149 55 284 
846 304 282 316 315 277 
847 304 93 304 162 161 
848 304 2 272 245 349 
849 304 306 231 328 350 
850 304 321 327 325 305 
851 304 301 324 338 325 
852 304 286 178 57 179 
853 304 205 304 93 161 
854 304 192 193 61 318 
855 304 355 318 285 347 
856 304 361 282 288 277 
857 304 354 333 291 335 
858 304 309 95 96 296 
859 304 286 354 346 351 
860 304 321 322 143 323 
861 304 324 301 323 325 
862 304 309 353 351 297 
863 304 304 205 382 384 
864 304 348 298 356 308 
865 304 150 337 156 148 
866 304 367 100 369 381 
867 304 303 301 338 325 
868 304 388 395 396 397 
869 304 177 178 285 286 
870 304 89 367 369 381 
871 304 146 302 54 329 
872 304 183 62 184 311 
873 304 63 188 292 186 
874 304 108 10 11 289 
875 304 311 199 180 62 
876 304 276 284 277 344 
877 304 202 200 64 317 
878 304 96 309 357 95 
879 304 284 149 11 278 
880 304 284 10 289 11 
881 304 290 353 288 355 
882 304 220 62 311 181 
883 304 220 311 62 183 
884 304 296 96 309 34 
885 304 330 339 356 308 
886 304 164 163 58 280 
887 304 149 10 284 11 
888 304 311 112 363 182 
889 304 116 42 310 315 
890 304 242 357 358 350 
891 304 296 353 309 297 
892 304 111 331 110 289 
893 304 103 111 40 289 
894 304 273 313 190 228 
895 304 129 322 131 321 
896 304 303 283 325 338 
897 304 273 313 228 253 
898 304 307 358 345 300 
899 304 103 334 83 22 
900 304 124 310 312 123 
901 304 276 66 71 312 
902 304 311 112 182 42 
903 304 311 112 42 310 
904 304 276 108 289 107 
905 304 320 36 405 378 
906 304 116 310 114 118 
907 304 20 119 121 278 
908 304 72 70 74 359 
909 304 331 9 8 110 
910 304 290 334 288 291 
911 304 273 313 253 224 
912 304 122 20 121 278 
913 304 149 152 284 155 
914 304 292 29 75 186 
915 304 319 385 360 195 
916 304 29 359 292 75 
917 304 415 36 2 378 
918 304 182 385 311 183 
919 304 298 396 395 397 
920 304 281 47 127 128 
921 304 245 306 213 268 
922 304 303 342 333 297 
923 304 334 290 83 84 
924 304 45 121 123 312 
925 304 321 137 305 328 
926 304 312 292 68 70 
927 304 337 329 156 148 
928 304 100 99 348 381 
929 304 321 136 131 25 
930 304 213 94 241 357 
931 304 307 342 303 297 
932 304 307 358 300 305 
933 304 51 141 326 261 
934 304 339 330 140 274 
935 304 351 304 297 305 
936 304 329 148 54 156 
937 304 245 306 349 272 
938 304 231 49 137 328 
939 304 358 357 242 205 
940 304 136 207 50 321 
941 304 245 306 2 349 
942 304 50 321 328 137 
943 304 141 326 50 323 
944 304 326 345 300 323 
945 304 284 289 329 335 
946 304 312 124 123 45 
947 304 282 281 277 315 
948 304 290 103 104 289 
949 304 349 31 246 214 
950 304 302 139 324 52 
951 304 192 193 318 317 
952 304 342 307 325 305 
953 304 337 150 133 19 
954 304 151 284 56 150 
955 304 322 281 325 347 
956 304 367 99 100 381 
957 304 311 182 183 220 
958 304 273 313 224 190 
959 304 182 385 229 386 
960 304 358 304 158 305 
961 304 129 293 25 163 
962 304 337 134 133 132 
963 304 321 322 131 143 
964 304 207 136 131 321 
965 304 218 326 339 250 
966 304 240 300 328 50 
967 304 330 339 308 349 
968 304 311 182 220 181 
969 304 298 330 356 308 
970 304 348 35 98 214 
971 304 100 111 103 334 
972 304 257 234 272 320 
973 304 194 200 317 64 
974 304 103 100 334 22 
975 304 42 182 311 181 
976 304 349 328 249 340 
977 304 376 326 259 389 
978 304 329 302 54 148 
979 304 2 306 245 268 
980 304 138 324 139 140 
981 304 85 353 84 34 
982 304 310 287 277 361 
983 304 213 350 241 268 
984 304 89 99 367 381 
985 304 157 329 54 156 
986 304 252 387 225 314 
987 304 307 301 303 325 
988 304 327 342 351 346 
989 304 293 286 347 346 
990 304 95 234 320 357 
991 304 342 327 325 346 
992 304 358 350 306 328 
993 304 336 355 335 346 
994 304 355 336 344 346 
995 304 316 282 281 280 
996 304 340 339 356 341 
997 304 342 307 303 325 
998 304 307 345 297 356 
999 304 374 298 393 397 
1000 304 345 307 341 356 
1001 304 311 199 62 196 
1002 304 340 306 356 308 
1003 304 293 327 305 57 
1004 304 340 349 306 308 
1005 304 195 387 252 385 
1006 304 61 174 173 285 
1007 304 333 353 351 354 
1008 304 353 88 309 286 
1009 304 340 339 349 308 
1010 304 119 20 120 278 
1011 304 117 281 44 154 
1012 304 140 218 339 274 
1013 304 340 345 356 306 
1014 304 319 316 362 361 
1015 304 191 190 317 187 
1016 304 60 172 285 173 
1017 304 389 391 259 392 
1018 304 108 276 23 107 
1019 304 35 203 348 275 
1020 304 389 270 391 392 
1021 304 299 374 388 390 
1022 304 360 313 294 317 
1023 304 411 406 23 67 
1024 304 310 123 125 43 
1025 304 30 290 106 276 
1026 304 58 168 167 280 
1027 304 30 276 106 73 
1028 304 313 292 317 187 
1029 304 166 180 315 199 
1030 304 302 331 329 146 
1031 304 299 298 374 390 
1032 304 196 319 316 198 
1033 304 370 298 375 393 
1034 304 370 374 298 393 
1035 304 316 169 59 198 
1036 304 348 98 31 214 
1037 304 26 362 285 318 
1038 304 96 88 309 34 
1039 304 190 313 317 187 
1040 304 334 332 331 335 
1041 304 345 352 306 328 
1042 304 290 353 84 334 
1043 304 284 155 156 157 
1044 304 49 135 321 305 
1045 304 301 307 297 356 
1046 304 36 95 296 97 
1047 304 374 393 388 397 
1048 304 327 293 325 346 
1049 304 362 26 285 280 
1050 304 240 270 326 261 
1051 304 24 309 93 92 
1052 304 307 358 305 297 
1053 304 327 351 305 57 
1054 304 362 316 169 280 
1055 304 352 358 306 328 
1056 304 293 347 285 280 
1057 304 302 52 330 144 
1058 304 311 277 361 310 
1059 304 321 323 143 50 
1060 304 284 9 289 55 
1061 304 11 278 12 276 
1062 304 93 309 162 304 
1063 304 352 358 295 306 
1064 304 95 234 357 37 
1065 304 249 340 240 270 
1066 304 316 166 315 199 
1067 304 327 342 325 305 
1068 304 348 31 298 214 
1069 304 345 358 352 328 
1070 304 370 388 374 393 
1071 304 303 343 335 346 
1072 304 73 276 23 71 
1073 304 60 171 285 170 
1074 304 276 73 23 107 
1075 304 278 43 123 310 
1076 304 252 221 385 386 
1077 304 252 387 386 385 
1078 304 252 387 314 386 
1079 304 292 287 279 359 
1080 304 30 290 276 359 
1081 304 276 66 23 71 
1082 304 166 316 59 199 
1083 304 29 359 75 74 
1084 304 319 385 195 184 
1085 304 385 183 229 184 
1086 304 310 402 363 112 
1087 304 242 328 358 158 
1088 304 411 23 406 276 
1089 304 299 301 303 297 
1090 304 185 292 75 186 
1091 304 60 178 285 177 
1092 304 242 358 328 350 
1093 304 326 270 379 391 
1094 304 301 307 341 323 
1095 304 324 52 139 140 
1096 304 307 342 297 305 
1097 304 160 135 305 321 
1098 304 284 151 56 153 
1099 304 293 160 305 321 
1100 304 117 116 44 315 
1101 304 278 116 44 118 
1102 304 290 279 285 288 
1103 304 306 349 320 308 
1104 304 184 252 221 385 
1105 304 411 23 66 67 
1106 304 319 385 311 360 
1107 304 279 21 290 176 
1108 304 197 319 198 362 
1109 304 370 375 388 393 
1110 304 105 290 104 106 
1111 304 105 290 80 32 
1112 304 276 30 72 73 
1113 304 290 30 106 105 
1114 304 276 284 289 11 
1115 304 282 344 288 277 
1116 304 281 117 44 315 
1117 304 126 18 127 281 
1118 304 126 18 281 315 
1119 304 337 302 148 324 
1120 304 195 387 225 252 
1121 304 279 176 290 285 
1122 304 134 337 133 19 
1123 304 152 149 284 278 
1124 304 319 316 198 362 
1125 304 360 202 200 201 
1126 304 278 281 44 315 
1127 304 195 252 184 385 
1128 304 276 279 288 336 
1129 304 282 316 281 315 
1130 304 319 196 65 198 
1131 304 112 310 113 114 
1132 304 77 78 312 79 
1133 304 135 136 321 25 
1134 304 293 129 25 321 
1135 304 322 337 283 281 
1136 304 182 385 183 229 
1137 304 304 94 309 357 
1138 304 204 37 357 94 
1139 304 316 196 198 199 
1140 304 305 161 158 159 
1141 304 242 328 158 380 
1142 304 159 160 305 57 
1143 304 355 279 288 285 
1144 304 322 337 323 325 
1145 304 218 326 250 230 
1146 304 210 292 313 69 
1147 304 330 52 140 274 
1148 304 158 328 231 380 
1149 304 347 282 325 283 
1150 304 93 309 24 162 
1151 304 210 292 69 70 
1152 304 62 311 181 180 
1153 304 145 330 53 144 
1154 304 9 289 41 110 
1155 304 10 284 289 55 
1156 304 152 284 56 153 
1157 304 324 19 337 138 
1158 304 111 334 331 289 
1159 304 331 146 8 329 
1160 304 329 343 335 303 
1161 304 279 355 318 285 
1162 304 284 9 55 157 
1163 304 164 293 129 163 
1164 304 318 174 61 285 
1165 304 286 355 285 347 
1166 304 286 304 351 57 
1167 304 333 354 351 346 
1168 304 337 322 283 325 
1169 304 60 171 173 285 
1170 304 193 192 191 317 
1171 304 374 388 396 397 
1172 304 362 294 318 317 
1173 304 290 80 81 21 
1174 304 374 396 298 397 
1175 304 193 194 317 64 
1176 304 290 76 80 21 
1177 304 233 363 402 112 
1178 304 29 359 74 70 
1179 304 319 197 317 362 
1180 304 121 278 123 312 
1181 304 210 292 70 68 
1182 304 227 313 202 224 
1183 304 332 299 331 303 
1184 304 312 292 70 359 
1185 304 331 334 335 289 
1186 304 357 94 383 384 
1187 304 347 355 344 346 
1188 304 357 383 205 384 
1189 304 357 205 304 384 
1190 304 302 331 303 329 
1191 304 93 309 94 92 
1192 304 281 282 325 347 
1193 304 174 193 194 318 
1194 304 318 197 317 194 
1195 304 319 294 317 360 
1196 304 390 298 374 396 
1197 304 318 292 294 279 
1198 304 337 281 132 133 
1199 304 312 310 287 278 
1200 304 290 103 289 334 
1201 304 33 290 285 286 
1202 304 284 337 329 156 
1203 304 33 175 171 285 
1204 304 281 47 132 133 
1205 304 155 284 55 157 
1206 304 339 340 356 308 
1207 304 299 301 297 356 
1208 304 357 304 94 384 
1209 304 278 12 312 121 
1210 304 324 138 51 140 
1211 304 303 332 333 346 
1212 304 278 276 312 12 
1213 304 240 300 50 326 
1214 304 305 161 304 158 
1215 304 309 204 357 94 
1216 304 293 160 25 163 
1217 304 38 94 382 383 
1218 304 151 337 133 281 
1219 304 385 311 360 363 
1220 304 279 287 292 294 
1221 304 197 319 317 200 
1222 304 38 382 205 383 
1223 304 197 26 318 362 
1224 304 233 402 363 400 
1225 304 345 340 326 300 
1226 304 355 286 354 346 
1227 304 301 307 303 297 
1228 304 343 284 338 329 
1229 304 218 326 140 339 
1230 304 324 337 323 142 
1231 304 33 290 175 285 
1232 304 390 374 388 396 
1233 304 390 388 395 396 
1234 304 47 151 133 281 
1235 304 307 323 325 305 
1236 304 293 347 280 325 
1237 304 309 95 296 357 
1238 304 293 322 129 321 
1239 304 322 48 131 143 
1240 304 263 219 251 349 
1241 304 354 333 335 346 
1242 304 95 36 296 320 
1243 304 38 205 357 383 
1244 304 38 357 94 383 
1245 304 240 300 326 340 
1246 304 93 309 304 94 
1247 304 93 94 304 382 
1248 304 259 238 263 349 
1249 304 294 319 311 360 
1250 304 93 304 205 382 
1251 304 358 307 345 297 
1252 304 29 359 70 292 
1253 304 312 66 27 13 
1254 304 292 223 313 189 
1255 304 141 51 326 323 
1256 304 206 305 158 159 
1257 304 51 324 326 323 
1258 304 134 322 142 48 
1259 304 322 48 143 142 
1260 304 227 313 224 253 
1261 304 301 302 303 338 
1262 304 332 303 333 297 
1263 304 290 76 105 80 
1264 304 353 333 351 297 
1265 304 321 300 328 305 
1266 304 85 334 83 84 
1267 304 353 88 86 34 
1268 304 326 379 259 391 
1269 304 282 283 344 338 
1270 304 206 305 135 49 
1271 304 206 305 49 158 
1272 304 206 160 305 159 
1273 304 358 296 357 309 
1274 304 276 289 344 336 
1275 304 276 284 344 289 
1276 304 332 331 335 303 
1277 304 353 296 309 34 
1278 304 88 353 309 34 
1279 304 171 87 285 286 
1280 304 87 33 285 286 
1281 304 305 160 206 135 
1282 304 329 284 156 157 
1283 304 278 310 277 315 
1284 304 329 343 303 338 
1285 304 100 111 334 331 
1286 304 109 108 289 41 
1287 304 9 331 8 329 
1288 304 108 10 289 41 
1289 304 311 277 310 315 
1290 304 10 9 289 41 
1291 304 278 153 120 44 
1292 304 281 337 283 338 
1293 304 278 43 310 118 
1294 304 76 74 75 359 
1295 304 337 281 344 338 
1296 304 324 302 301 338 
1297 304 355 353 288 291 
1298 304 284 289 335 344 
1299 304 390 395 298 396 
1300 304 343 344 335 346 
1301 304 337 302 329 148 
1302 304 349 249 265 2 
1303 304 197 316 169 362 
1304 304 289 336 335 344 
1305 304 92 94 204 309 
1306 304 321 323 300 305 
1307 304 305 161 57 304 
1308 304 334 332 291 333 
1309 304 353 334 291 333 
1310 304 343 284 335 344 
1311 304 160 293 25 321 
1312 304 323 307 300 305 
1313 304 140 341 324 330 
1314 304 218 326 230 140 
1315 304 353 85 84 334 
1316 304 342 283 325 303 
1317 304 52 330 140 324 
1318 304 349 249 2 270 
1319 304 337 302 338 329 
1320 304 302 337 338 324 
1321 304 300 358 328 305 
1322 304 336 279 288 277 
1323 304 302 147 144 145 
1324 304 278 116 118 310 
1325 304 310 118 43 114 
1326 304 270 326 349 340 
1327 304 322 281 283 325 
1328 304 242 2 268 350 
1329 304 125 310 43 113 
1330 304 200 360 201 65 
1331 304 312 292 359 287 
1332 304 360 65 319 195 
1333 304 344 336 335 346 
1334 304 51 141 142 323 
1335 304 28 70 312 68 
1336 304 281 127 154 117 
1337 304 18 127 315 117 
1338 304 180 315 181 115 
1339 304 78 28 312 68 
1340 304 306 231 350 2 
1341 304 192 318 61 176 
1342 304 2 350 306 268 
1343 304 324 51 142 323 
1344 304 324 138 142 51 
1345 304 26 197 169 362 
1346 304 116 117 115 315 
1347 304 112 310 114 42 
1348 304 281 278 277 315 
1349 304 293 322 321 325 
1350 304 87 24 88 286 
1351 304 178 177 179 286 
1352 304 33 290 81 175 
1353 304 385 229 221 184 
1354 304 316 197 169 198 
1355 304 385 221 229 386 
1356 304 82 290 81 33 
1357 304 306 231 2 265 
1358 304 93 205 38 382 
1359 304 182 386 264 363 
1360 304 322 293 280 325 
1361 304 93 38 94 382 
1362 304 87 88 86 286 
1363 304 2 349 306 265 
1364 304 88 353 86 286 
1365 304 386 229 264 221 
1366 304 353 290 86 286 
1367 304 96 204 309 92 
1368 304 182 386 229 264 
1369 304 276 279 287 359 
1370 304 375 390 388 395 
1371 304 375 388 393 395 
1372 304 276 279 277 287 
1373 304 193 174 61 318 
1374 304 172 60 285 177 
1375 304 18 180 115 315 
1376 304 276 284 11 278 
1377 304 293 286 346 351 
1378 304 284 282 344 281 
1379 304 320 257 36 378 
1380 304 310 42 116 114 
1381 304 411 66 23 276 
1382 304 290 353 86 84 
1383 304 278 43 118 119 
1384 304 343 284 329 335 
1385 304 188 63 292 187 
1386 304 276 287 277 278 
1387 304 35 89 369 381 
1388 304 35 369 348 381 
1389 304 360 65 195 225 
1390 304 77 28 71 312 
1391 304 240 300 340 328 
1392 304 330 302 301 324 
1393 304 278 122 12 121 
1394 304 302 52 144 147 
1395 304 117 18 115 315 
1396 304 302 139 52 147 
1397 304 184 196 319 311 
1398 304 311 199 196 316 
1399 304 122 149 20 278 
1400 304 149 10 55 284 
1401 304 331 9 110 289 
1402 304 279 75 359 21 
1403 304 207 321 143 50 
1404 304 306 320 356 308 
1405 304 358 304 305 297 
1406 304 240 340 326 270 
1407 304 345 340 356 341 
1408 304 302 139 147 148 
1409 304 331 111 110 39 
1410 304 345 352 297 356 
1411 304 282 281 283 338 
1412 304 302 329 303 338 
1413 304 334 336 291 335 
1414 304 163 293 58 280 
1415 304 242 205 357 38 
1416 304 283 342 346 303 
1417 304 353 355 286 354 
1418 304 353 309 351 286 
1419 304 113 310 43 114 
1420 304 140 341 330 339 
1421 304 324 301 341 323 
1422 304 35 348 99 381 
1423 304 33 87 285 171 
1424 304 360 65 225 201 
1425 304 334 85 83 22 
1426 304 294 287 310 361 
1427 304 353 355 285 286 
1428 304 327 293 346 351 
1429 304 175 61 285 176 
1430 304 321 322 323 325 
1431 304 353 286 351 354 
1432 304 312 310 278 123 
1433 304 35 99 89 381 
1434 304 244 348 275 212 
1435 304 242 158 2 380 
1436 304 82 290 80 81 
1437 304 38 241 357 242 
1438 304 241 350 357 242 
1439 304 63 185 186 292 
1440 304 125 401 215 267 
1441 304 76 290 30 359 
1442 304 231 2 158 380 
1443 304 345 358 328 300 
1444 304 268 242 350 241 
1445 304 105 290 32 104 
1446 304 106 276 289 107 
1447 304 290 82 84 86 
1448 304 290 33 86 286 
1449 304 33 87 86 286 
1450 304 279 276 288 359 
1451 304 351 304 305 57 
1452 304 293 163 58 179 
1453 304 290 279 288 359 
1454 304 76 21 359 75 
1455 304 324 19 139 148 
1456 304 241 38 357 94 
1457 304 293 286 285 347 
1458 304 88 24 309 286 
1459 304 24 88 309 92 
1460 304 88 96 309 92 
1461 304 257 2 36 378 
1462 304 100 111 331 39 
1463 304 322 48 130 131 
1464 304 134 138 337 19 
1465 304 76 290 359 21 
1466 304 276 289 288 359 
1467 304 177 58 179 280 
1468 304 58 293 179 280 
1469 304 230 51 140 326 
1470 304 293 177 179 280 
1471 304 31 101 407 6 
1472 304 140 341 339 326 
1473 304 350 2 231 380 
1474 304 264 386 221 252 
1475 304 118 119 120 278 
1476 304 152 20 278 120 
1477 304 289 290 288 359 
1478 304 12 278 11 122 
1479 304 278 43 119 123 
1480 304 337 322 323 142 
1481 304 240 141 326 50 
1482 304 326 259 389 391 
1483 304 322 134 142 337 
1484 304 276 290 289 359 
1485 304 281 132 128 130 
1486 304 337 322 132 281 
1487 304 48 322 130 132 
1488 304 302 146 54 145 
1489 304 47 281 132 128 
1490 304 281 322 132 130 
1491 304 126 281 127 128 
1492 304 151 284 150 281 
1493 304 147 302 54 145 
1494 304 324 19 138 139 
1495 304 151 337 150 133 
1496 304 284 337 150 281 
1497 304 249 50 240 328 
1498 304 137 49 305 328 
1499 304 302 52 324 330 
1500 304 321 49 305 137 
1501 304 196 184 62 311 
1502 304 315 42 181 115 
1503 304 121 12 312 13 
1504 304 259 208 238 349 
1505 304 350 231 328 380 
1506 304 249 50 408 217 
1507 304 249 408 50 328 
1508 304 386 314 264 363 
1509 304 226 201 360 225 
1510 304 332 303 335 346 
1511 304 249 408 412 217 
1512 304 354 355 335 291 
1513 304 306 352 356 320 
1514 304 226 360 314 225 
1515 304 340 345 306 328 
1516 304 124 310 123 125 
1517 304 350 213 241 357 
1518 304 129 322 130 131 
1519 304 160 135 321 25 
1520 304 326 349 250 259 
1521 304 12 66 312 13 
1522 304 61 318 285 176 
1523 304 353 290 285 355 
1524 304 182 385 386 363 
1525 304 304 286 162 57 
1526 304 249 412 408 328 
1527 304 153 281 44 278 
1528 304 28 72 71 312 
1529 304 180 311 181 315 
1530 304 349 249 270 340 
1531 304 226 314 254 225 
1532 304 12 11 406 67 
1533 304 350 328 242 380 
1534 304 197 319 65 198 
1535 304 223 255 313 189 
1536 304 348 214 298 349 
1537 304 319 197 65 200 
1538 304 213 94 357 37 
1539 304 339 330 356 341 
1540 304 249 412 265 217 
1541 304 249 265 412 328 
1542 304 292 223 189 188 
1543 304 292 223 188 187 
1544 304 350 242 2 380 
1545 304 66 77 71 312 
1546 304 347 362 280 361 
1547 304 126 166 18 315 
1548 304 126 165 315 281 
1549 304 311 277 315 316 
1550 304 313 255 223 222 
1551 304 315 311 199 180 
1552 304 178 60 285 286 
1553 304 18 281 315 127 
1554 304 355 354 335 346 
1555 304 334 290 336 289 
1556 304 342 303 333 346 
1557 304 337 284 344 281 
1558 304 223 313 222 187 
1559 304 320 348 356 308 
1560 304 158 49 328 305 
1561 304 333 351 297 305 
1562 304 342 333 297 305 
1563 304 333 342 351 305 
1564 304 36 95 257 320 
1565 304 284 337 338 329 
1566 304 292 223 187 313 
1567 304 358 350 357 295 
1568 304 304 358 357 309 
1569 304 168 172 285 177 
1570 304 345 352 356 306 
1571 304 205 358 357 304 
1572 304 362 316 277 361 
1573 304 169 168 280 167 
1574 304 349 2 259 379 
1575 304 222 190 187 313 
1576 304 290 21 81 176 
1577 304 286 178 170 162 
1578 304 353 290 288 291 
1579 304 72 30 359 74 
1580 304 355 290 285 288 
1581 304 175 290 81 176 
1582 304 290 175 285 176 
1583 304 9 331 329 289 
1584 304 284 9 329 289 
1585 304 343 284 344 338 
1586 304 347 283 325 346 
1587 304 337 283 338 325 
1588 304 323 322 143 142 
1589 304 281 282 344 338 
1590 304 195 387 385 360 
1591 304 177 293 285 280 
1592 304 349 259 326 379 
1593 304 349 326 270 379 
1594 304 145 53 330 6 
1595 304 250 349 326 339 
1596 304 316 362 277 280 
1597 304 358 350 295 306 
1598 304 277 284 276 278 
1599 304 307 345 341 323 
1600 304 208 339 330 349 
1601 304 282 284 344 277 
1602 304 12 406 11 276 
1603 304 349 270 2 379 
1604 304 298 330 308 349 
1605 304 294 363 311 310 
1606 304 319 385 184 311 
1607 304 292 192 318 317 
1608 304 375 393 298 395 
1609 304 362 197 317 318 
1610 304 349 2 257 378 
1611 304 326 389 270 391 
1612 304 264 386 252 314 
1613 304 375 298 390 395 
1614 304 349 257 320 378 
1615 304 195 387 360 225 
1616 304 336 355 288 291 
1617 304 208 339 274 330 
1618 304 349 320 244 378 
1619 304 334 336 288 291 
1620 304 250 218 274 339 
1621 304 108 109 289 107 
1622 304 276 336 344 277 
1623 304 276 279 336 277 
1624 304 189 186 29 292 
1625 304 279 75 21 185 
1626 304 344 336 288 277 
1627 304 349 244 2 378 
1628 304 200 360 65 319 
1629 304 353 34 86 84 
1630 304 191 190 64 317 
1631 304 372 373 348 364 
1632 304 355 347 344 288 
1633 304 348 35 275 91 
1634 304 373 372 297 364 
1635 304 387 363 385 360 
1636 304 296 348 377 369 
1637 304 244 348 320 349 
1638 304 368 348 369 377 
1639 304 225 254 252 314 
1640 304 349 328 340 306 
1641 304 368 89 377 369 
1642 304 347 282 344 288 
1643 304 316 165 59 280 
1644 304 178 60 286 170 
1645 304 174 26 172 285 
1646 304 392 270 391 394 
1647 304 293 160 179 57 
1648 304 322 46 281 280 
1649 304 289 103 104 40 
1650 304 103 290 104 83 
1651 304 322 293 46 280 
1652 304 164 129 280 46 
1653 304 289 109 41 110 
1654 304 129 293 280 46 
1655 304 284 155 56 156 
1656 304 360 387 314 225 
1657 304 164 293 280 129 
1658 304 377 22 364 369 
1659 304 47 281 127 154 
1660 304 318 362 285 347 
1661 304 281 153 44 154 
1662 304 118 278 120 44 
1663 304 166 18 315 180 
1664 304 127 281 315 117 
1665 304 392 391 259 394 
1666 304 392 259 2 394 
1667 304 296 364 372 369 
1668 304 347 362 285 280 
1669 304 279 176 285 318 
1670 304 276 72 71 73 
1671 304 283 342 325 346 
1672 304 333 332 291 335 
1673 304 129 321 131 25 
1674 304 283 347 344 346 
1675 304 353 355 354 291 
1676 304 334 290 288 336 
1677 304 289 331 329 335 
1678 304 135 49 321 137 
1679 304 336 355 344 288 
1680 304 136 135 321 137 
1681 304 349 328 306 265 
1682 304 313 258 210 69 
1683 304 116 42 315 115 
1684 304 49 231 158 328 
1685 304 185 21 279 176 
1686 304 282 280 277 361 
1687 304 316 319 311 361 
1688 304 51 324 140 326 
1689 304 146 329 54 157 
1690 304 392 2 270 394 
1691 304 302 147 54 148 
1692 304 9 10 289 55 
1693 304 9 284 329 157 
1694 304 391 379 259 394 
1695 304 334 333 353 364 
1696 304 334 332 333 364 
1697 304 364 296 377 369 
1698 304 22 365 369 377 
1699 304 365 89 369 377 
1700 304 366 89 365 377 
1701 304 31 348 298 98 
1702 304 98 31 101 298 
1703 304 246 2 31 413 
1704 304 31 6 407 298 
1705 304 2 53 6 349 
1706 304 250 2 230 409 
1707 304 2 251 53 349 
1708 304 2 404 349 262 
1709 304 2 261 410 270 
1710 304 298 6 53 349 
1711 304 6 330 302 298 
1712 304 145 6 302 7 
1713 304 90 22 85 365 
1714 304 90 89 22 365 
1715 304 97 90 85 366 
1716 304 97 36 90 366 
1717 304 353 296 85 364 
1718 304 334 353 85 364 
1719 304 97 85 296 366 
1720 304 334 85 22 364 
1721 304 334 22 100 364 
1722 304 89 100 22 367 
1723 304 89 99 100 367 
1724 304 36 91 90 368 
1725 304 36 348 91 368 
1726 304 90 91 89 368 
1727 304 91 35 89 369 
1728 304 91 348 35 369 
1729 304 97 296 36 366 
1730 304 320 36 296 348 
1731 304 101 99 98 370 
1732 304 101 39 99 370 
1733 304 214 349 348 239 
1734 304 37 213 245 357 
1735 304 234 37 245 357 
1736 304 357 234 306 245 
1737 304 158 242 161 358 
1738 304 304 158 161 358 
1739 304 304 161 205 358 
1740 304 205 242 358 161 
1741 304 39 100 99 331 
1742 304 331 334 100 299 
1743 304 101 102 39 371 
1744 304 101 7 102 371 
1745 304 39 102 331 371 
1746 304 8 102 7 331 
1747 304 145 146 7 302 
1748 304 146 8 7 331 
1749 304 365 85 366 377 
1750 304 348 364 369 372 
1751 304 410 261 326 270 
1752 304 208 52 238 330 
1753 304 219 52 330 238 
1754 304 219 251 349 53 
1755 304 263 349 251 2 
1756 304 219 298 53 349 
1757 304 349 219 330 238 
1758 304 349 330 208 238 
1759 304 259 250 274 349 
1760 304 339 274 250 349 
1761 304 331 146 302 7 
1762 304 387 363 360 314 
1763 304 7 331 370 375 
1764 304 352 295 297 372 
1765 304 352 320 295 372 
1766 304 297 295 296 372 
1767 304 320 296 295 372 
1768 304 297 296 353 372 
1769 304 353 333 297 364 
1770 304 356 297 299 348 
1771 304 332 299 297 334 
1772 304 333 332 297 364 
1773 304 301 356 299 302 
1774 304 303 301 299 302 
1775 304 332 331 299 334 
1776 304 331 303 299 302 
1777 304 302 330 301 356 
1778 304 341 356 301 330 
1779 304 356 320 352 373 
1780 304 356 348 320 373 
1781 304 348 364 100 369 
1782 304 348 298 98 374 
1783 304 348 356 298 374 
1784 304 98 298 101 374 
1785 304 407 31 298 101 
1786 304 6 2 349 31 
1787 304 298 6 349 31 
1788 304 330 302 298 356 
1789 304 296 320 348 372 
1790 304 349 239 214 262 
1791 304 213 245 357 306 
1792 304 99 39 331 370 
1793 304 331 100 99 299 
1794 304 299 334 100 348 
1795 304 102 7 331 371 
1796 304 274 259 349 208 
1797 304 274 349 339 208 
1798 304 7 302 331 298 
1799 304 391 270 379 394 
1800 304 356 348 299 374 
1801 304 297 299 348 334 
1802 304 348 356 297 373 
1803 304 297 332 334 364 
1804 304 101 298 7 370 
1805 304 2 349 31 413 
1806 304 302 298 356 331 
1807 304 262 214 349 246 
1808 304 99 331 299 375 
1809 304 99 370 331 375 
1810 304 299 100 99 348 
1811 304 7 302 298 6 
1812 304 377 348 36 368 
1813 304 348 297 334 373 
1814 304 349 31 413 246 
1815 304 356 302 331 299 
1816 304 356 331 298 299 
1817 304 299 348 99 374 
1818 304 348 99 374 35 
1819 304 85 22 377 365 
1820 304 377 36 90 368 
1821 304 366 90 89 377 
1822 304 379 270 2 394 
1823 304 230 326 409 376 
1824 304 2 235 36 415 
1825 304 230 2 51 376 
1826 304 230 409 2 376 
1827 304 203 239 35 348 
1828 304 239 214 35 348 
1829 304 348 98 35 374 
1830 304 98 99 35 374 
1831 304 235 320 36 405 
1832 304 260 203 414 239 
1833 304 348 414 203 239 
1834 304 239 260 349 414 
1835 304 230 51 326 376 
1836 304 326 250 230 409 
1837 304 348 349 244 275 
1838 304 349 260 244 275 
1839 304 356 352 297 373 
1840 304 379 2 259 394 
1841 304 410 2 270 376 
1842 304 85 90 365 366 
1843 304 365 90 89 366 
1844 304 89 22 365 369 
1845 304 366 36 90 377 
1846 304 366 296 36 377 
1847 304 296 85 364 377 
1848 304 353 296 364 372 
1849 304 85 296 366 377 
1850 304 364 85 22 377 
1851 304 22 100 364 369 
1852 304 22 89 367 369 
1853 304 100 22 367 369 
1854 304 90 368 89 377 
1855 304 91 89 368 369 
1856 304 369 91 348 368 
1857 304 36 296 348 377 
1858 304 98 101 370 374 
1859 304 370 99 98 374 
1860 304 101 39 370 371 
1861 304 349 348 239 414 
1862 304 7 371 101 370 
1863 304 371 331 39 370 
1864 304 270 326 410 376 
1865 304 297 352 372 373 
1866 304 320 372 352 373 
1867 304 372 353 297 364 
1868 304 348 320 373 372 
1869 304 101 374 298 370 
1870 304 348 296 372 369 
1871 304 334 100 348 364 
1872 304 7 331 371 370 
1873 304 331 7 298 375 
1874 304 374 299 356 298 
1875 304 334 297 364 373 
1876 304 298 7 370 375 
1877 304 375 331 299 298 
1878 304 334 348 373 364 
1879 304 244 405 415 378 
1880 304 13 27 312 14 
1881 304 312 45 13 14 
1882 304 236 79 14 398 
1883 304 45 124 14 312 
1884 304 79 27 14 312 
1885 304 415 235 36 405 
1886 304 14 124 232 398 
1887 304 232 400 1 398 
1888 304 292 398 313 287 
1889 304 210 398 292 68 
1890 304 405 36 415 378 
1891 304 69 189 313 1 
1892 304 210 398 68 209 
1893 304 79 78 312 398 
1894 304 78 79 211 398 
1895 304 211 271 78 398 
1896 304 78 271 209 398 
1897 304 211 79 236 398 
1898 304 398 1 313 399 
1899 304 252 254 1 314 
1900 304 269 236 1 243 
1901 304 254 226 1 314 
1902 304 248 247 1 400 
1903 304 255 189 1 313 
1904 304 228 255 1 313 
1905 304 232 266 1 248 
1906 304 227 1 202 313 
1907 304 264 252 1 314 
1908 304 1 256 233 400 
1909 304 253 228 1 313 
1910 304 279 75 185 292 
1911 304 227 253 1 313 
1912 304 247 256 1 400 
1913 304 185 279 318 176 
1914 304 398 258 1 237 
1915 304 313 1 398 258 
1916 304 415 235 405 244 
1917 304 125 402 401 310 
1918 304 310 402 112 113 
1919 304 125 402 310 113 
1920 304 398 243 236 211 
1921 304 256 401 400 247 
1922 304 124 401 398 310 
1923 304 312 310 124 398 
1924 304 349 348 414 275 
1925 304 414 260 349 275 
1926 304 348 275 203 414 
1927 304 314 264 363 1 
1928 304 260 203 275 414 
1929 304 349 413 262 246 
1930 304 2 349 413 262 
1931 304 294 310 400 363 
1932 304 292 294 287 313 
1933 304 313 314 294 399 
1934 304 246 2 413 262 
1935 304 124 14 312 398 
1936 304 312 14 79 398 
1937 304 412 265 231 328 
1938 304 412 231 265 217 
1939 304 1 236 398 243 
1940 304 398 1 232 14 
1941 304 412 231 408 328 
1942 304 398 312 292 68 
1943 304 412 408 231 217 
1944 304 12 66 411 276 
1945 304 1 313 69 258 
1946 304 1 363 314 400 
1947 304 363 182 1 264 
1948 304 12 411 66 67 
1949 304 314 313 1 399 
1950 304 12 411 406 276 
1951 304 398 210 258 209 
1952 304 360 313 202 403 
1953 304 12 406 411 67 
1954 304 78 209 68 398 
1955 304 312 78 68 398 
1956 304 112 1 363 182 
1957 304 237 1 398 243 
1958 304 402 310 400 401 
1959 304 113 256 215 402 
1960 304 400 310 402 363 
1961 304 404 239 262 260 
1962 304 185 318 279 292 
1963 304 360 1 313 403 
1964 304 314 363 294 400 
1965 304 232 401 398 124 
1966 304 313 1 360 314 
1967 304 398 243 271 237 
1968 304 236 1 398 14 
1969 304 410 326 51 376 
1970 304 1 399 398 400 
1971 304 51 2 410 376 
1972 304 320 405 244 378 
1973 304 244 415 2 378 
1974 304 185 318 192 176 
1975 304 185 192 318 292 
1976 304 124 401 310 125 
1977 304 232 401 124 216 
1978 304 1 360 314 226 
1979 304 400 310 294 287 
1980 304 287 312 398 310 
1981 304 294 313 399 287 
1982 304 314 294 399 400 
1983 304 258 398 209 237 
1984 304 232 401 216 248 
1985 304 232 400 398 401 
1986 304 210 398 313 292 
1987 304 51 261 326 410 
1988 304 314 1 400 399 
1989 304 2 261 51 410 
1990 304 326 250 409 259 
1991 304 409 259 2 376 
1992 304 409 326 259 376 
1993 304 233 402 256 113 
1994 304 404 349 239 260 
1995 304 124 401 125 216 
1996 304 232 400 401 248 
1997 304 399 313 398 287 
1998 304 216 401 125 267 
1999 304 400 287 294 399 
2000 304 250 2 409 259 
2001 304 232 400 248 1 
2002 304 398 287 310 400 
2003 304 216 401 267 248 
2004 304 401 398 310 400 
2005 304 408 231 137 328 
2006 304 408 137 231 217 
2007 304 408 137 50 328 
2008 304 408 50 137 217 
2009 304 7 407 298 101 
2010 304 407 6 7 298 
2011 304 407 101 7 6 
2012 304 243 211 398 271 
2013 304 406 108 11 276 
2014 304 125 113 215 402 
2015 304 406 11 108 67 
2016 304 2 235 415 244 
2017 304 402 113 233 112 
2018 304 404 239 349 262 
2019 304 406 23 108 276 
2020 304 401 248 247 267 
2021 304 271 209 398 237 
2022 304 401 247 248 400 
2023 304 233 402 400 256 
2024 304 287 398 399 400 
2025 304 406 108 23 67 
2026 304 401 247 215 267 
2027 304 256 401 247 215 
2028 304 256 401 215 402 
2029 304 1 360 226 201 
2030 304 215 401 125 402 
2031 304 202 1 360 403 
2032 304 1 202 313 403 
2033 304 256 401 402 400 
2034 304 360 1 202 201 
2035 304 235 320 405 244 
