MFEM mesh v1.0
#

dimension
2

elements
520
1 2 15 168 12 
1 2 168 179 231 
1 2 179 282 58 
1 2 282 190 198 
1 2 190 100 24 
1 2 100 42 236 
1 2 42 217 51 
1 2 217 68 84 
1 2 68 141 46 
1 2 141 248 220 
1 2 12 231 3 
1 2 231 58 57 
1 2 58 198 76 
1 2 198 24 120 
1 2 24 236 153 
1 2 236 51 195 
1 2 51 84 144 
1 2 84 46 103 
1 2 46 220 158 
1 2 220 20 82 
1 2 3 57 17 
1 2 57 76 74 
1 2 76 120 127 
1 2 120 153 149 
1 2 153 195 204 
1 2 195 144 70 
1 2 144 103 83 
1 2 103 158 284 
1 2 158 82 268 
1 2 82 288 114 
1 2 17 74 14 
1 2 74 127 287 
1 2 127 149 255 
1 2 149 204 106 
1 2 204 70 259 
1 2 70 83 223 
1 2 83 284 116 
1 2 284 268 119 
1 2 268 114 21 
1 2 114 270 193 
1 2 14 287 2 
1 2 287 255 81 
1 2 255 106 29 
1 2 106 259 55 
1 2 259 223 271 
1 2 223 116 253 
1 2 116 119 203 
1 2 119 21 130 
1 2 21 193 234 
1 2 193 202 219 
1 2 2 81 16 
1 2 81 29 155 
1 2 29 55 146 
1 2 55 271 125 
1 2 271 253 107 
1 2 253 203 117 
1 2 203 130 72 
1 2 130 234 230 
1 2 234 219 252 
1 2 219 54 229 
1 2 16 155 5 
1 2 155 146 112 
1 2 146 125 102 
1 2 125 107 258 
1 2 107 117 105 
1 2 117 72 143 
1 2 72 230 25 
1 2 230 252 147 
1 2 252 229 199 
1 2 229 269 90 
1 2 5 112 1 
1 2 112 102 27 
1 2 102 258 260 
1 2 258 105 109 
1 2 105 143 207 
1 2 143 25 285 
1 2 25 147 222 
1 2 147 199 261 
1 2 199 90 52 
1 2 90 226 115 
1 2 239 244 197 
1 2 244 245 111 
1 2 245 249 256 
1 2 249 246 78 
1 2 246 242 145 
1 2 242 240 286 
1 2 240 247 87 
1 2 247 241 232 
1 2 241 243 110 
1 2 243 248 122 
1 2 197 111 26 
1 2 111 256 30 
1 2 256 78 196 
1 2 78 145 113 
1 2 145 286 272 
1 2 286 87 237 
1 2 87 232 206 
1 2 232 110 123 
1 2 110 122 238 
1 2 122 20 108 
1 2 26 30 266 
1 2 30 196 228 
1 2 196 113 50 
1 2 113 272 49 
1 2 272 237 80 
1 2 237 206 86 
1 2 206 123 53 
1 2 123 238 45 
1 2 238 108 265 
1 2 108 288 118 
1 2 266 228 235 
1 2 228 50 257 
1 2 50 49 23 
1 2 49 80 152 
1 2 80 86 194 
1 2 86 53 227 
1 2 53 45 157 
1 2 45 265 200 
1 2 265 118 28 
1 2 118 270 267 
1 2 235 257 22 
1 2 257 23 88 
1 2 23 152 221 
1 2 152 194 48 
1 2 194 227 263 
1 2 227 157 233 
1 2 157 200 131 
1 2 200 28 32 
1 2 28 267 89 
1 2 267 202 126 
1 2 22 88 262 
1 2 88 221 205 
1 2 221 48 129 
1 2 48 263 251 
1 2 263 233 85 
1 2 233 131 79 
1 2 131 32 121 
1 2 32 89 151 
1 2 89 126 44 
1 2 126 54 56 
1 2 262 205 47 
1 2 205 129 71 
1 2 129 251 148 
1 2 251 85 150 
1 2 85 79 31 
1 2 79 121 124 
1 2 121 151 156 
1 2 151 44 154 
1 2 44 56 128 
1 2 56 269 192 
1 2 47 71 19 
1 2 71 148 264 
1 2 148 150 225 
1 2 150 31 224 
1 2 31 124 201 
1 2 124 156 75 
1 2 156 154 104 
1 2 154 128 77 
1 2 128 192 254 
1 2 192 226 73 
1 2 0 159 9 
1 2 159 170 164 
1 2 170 273 175 
1 2 273 181 278 
1 2 181 91 186 
1 2 91 33 96 
1 2 33 208 38 
1 2 208 59 213 
1 2 59 132 64 
1 2 132 239 137 
1 2 9 164 10 
1 2 164 175 165 
1 2 175 278 176 
1 2 278 186 279 
1 2 186 96 187 
1 2 96 38 97 
1 2 38 213 39 
1 2 213 64 214 
1 2 64 137 65 
1 2 137 244 138 
1 2 10 165 18 
1 2 165 176 169 
1 2 176 279 180 
1 2 279 187 283 
1 2 187 97 191 
1 2 97 39 101 
1 2 39 214 43 
1 2 214 65 218 
1 2 65 138 69 
1 2 138 245 142 
1 2 18 169 11 
1 2 169 180 166 
1 2 180 283 177 
1 2 283 191 280 
1 2 191 101 188 
1 2 101 43 98 
1 2 43 218 40 
1 2 218 69 215 
1 2 69 142 66 
1 2 142 249 139 
1 2 11 166 7 
1 2 166 177 162 
1 2 177 280 173 
1 2 280 188 276 
1 2 188 98 184 
1 2 98 40 94 
1 2 40 215 36 
1 2 215 66 211 
1 2 66 139 62 
1 2 139 246 135 
1 2 7 162 4 
1 2 162 173 160 
1 2 173 276 171 
1 2 276 184 274 
1 2 184 94 182 
1 2 94 36 92 
1 2 36 211 34 
1 2 211 62 209 
1 2 62 135 60 
1 2 135 242 133 
1 2 4 160 13 
1 2 160 171 167 
1 2 171 274 178 
1 2 274 182 281 
1 2 182 92 189 
1 2 92 34 99 
1 2 34 209 41 
1 2 209 60 216 
1 2 60 133 67 
1 2 133 240 140 
1 2 13 167 6 
1 2 167 178 161 
1 2 178 281 172 
1 2 281 189 275 
1 2 189 99 183 
1 2 99 41 93 
1 2 41 216 35 
1 2 216 67 210 
1 2 67 140 61 
1 2 140 247 134 
1 2 6 161 8 
1 2 161 172 163 
1 2 172 275 174 
1 2 275 183 277 
1 2 183 93 185 
1 2 93 35 95 
1 2 35 210 37 
1 2 210 61 212 
1 2 61 134 63 
1 2 134 241 136 
1 2 8 163 15 
1 2 163 174 168 
1 2 174 277 179 
1 2 277 185 282 
1 2 185 95 190 
1 2 95 37 100 
1 2 37 212 42 
1 2 212 63 217 
1 2 63 136 68 
1 2 136 243 141 
1 2 168 231 12 
1 2 179 58 231 
1 2 282 198 58 
1 2 190 24 198 
1 2 100 236 24 
1 2 42 51 236 
1 2 217 84 51 
1 2 68 46 84 
1 2 141 220 46 
1 2 248 20 220 
1 2 231 57 3 
1 2 58 76 57 
1 2 198 120 76 
1 2 24 153 120 
1 2 236 195 153 
1 2 51 144 195 
1 2 84 103 144 
1 2 46 158 103 
1 2 220 82 158 
1 2 20 288 82 
1 2 57 74 17 
1 2 76 127 74 
1 2 120 149 127 
1 2 153 204 149 
1 2 195 70 204 
1 2 144 83 70 
1 2 103 284 83 
1 2 158 268 284 
1 2 82 114 268 
1 2 288 270 114 
1 2 74 287 14 
1 2 127 255 287 
1 2 149 106 255 
1 2 204 259 106 
1 2 70 223 259 
1 2 83 116 223 
1 2 284 119 116 
1 2 268 21 119 
1 2 114 193 21 
1 2 270 202 193 
1 2 287 81 2 
1 2 255 29 81 
1 2 106 55 29 
1 2 259 271 55 
1 2 223 253 271 
1 2 116 203 253 
1 2 119 130 203 
1 2 21 234 130 
1 2 193 219 234 
1 2 202 54 219 
1 2 81 155 16 
1 2 29 146 155 
1 2 55 125 146 
1 2 271 107 125 
1 2 253 117 107 
1 2 203 72 117 
1 2 130 230 72 
1 2 234 252 230 
1 2 219 229 252 
1 2 54 269 229 
1 2 155 112 5 
1 2 146 102 112 
1 2 125 258 102 
1 2 107 105 258 
1 2 117 143 105 
1 2 72 25 143 
1 2 230 147 25 
1 2 252 199 147 
1 2 229 90 199 
1 2 269 226 90 
1 2 112 27 1 
1 2 102 260 27 
1 2 258 109 260 
1 2 105 207 109 
1 2 143 285 207 
1 2 25 222 285 
1 2 147 261 222 
1 2 199 52 261 
1 2 90 115 52 
1 2 226 250 115 
1 2 244 111 197 
1 2 245 256 111 
1 2 249 78 256 
1 2 246 145 78 
1 2 242 286 145 
1 2 240 87 286 
1 2 247 232 87 
1 2 241 110 232 
1 2 243 122 110 
1 2 248 20 122 
1 2 111 30 26 
1 2 256 196 30 
1 2 78 113 196 
1 2 145 272 113 
1 2 286 237 272 
1 2 87 206 237 
1 2 232 123 206 
1 2 110 238 123 
1 2 122 108 238 
1 2 20 288 108 
1 2 30 228 266 
1 2 196 50 228 
1 2 113 49 50 
1 2 272 80 49 
1 2 237 86 80 
1 2 206 53 86 
1 2 123 45 53 
1 2 238 265 45 
1 2 108 118 265 
1 2 288 270 118 
1 2 228 257 235 
1 2 50 23 257 
1 2 49 152 23 
1 2 80 194 152 
1 2 86 227 194 
1 2 53 157 227 
1 2 45 200 157 
1 2 265 28 200 
1 2 118 267 28 
1 2 270 202 267 
1 2 257 88 22 
1 2 23 221 88 
1 2 152 48 221 
1 2 194 263 48 
1 2 227 233 263 
1 2 157 131 233 
1 2 200 32 131 
1 2 28 89 32 
1 2 267 126 89 
1 2 202 54 126 
1 2 88 205 262 
1 2 221 129 205 
1 2 48 251 129 
1 2 263 85 251 
1 2 233 79 85 
1 2 131 121 79 
1 2 32 151 121 
1 2 89 44 151 
1 2 126 56 44 
1 2 54 269 56 
1 2 205 71 47 
1 2 129 148 71 
1 2 251 150 148 
1 2 85 31 150 
1 2 79 124 31 
1 2 121 156 124 
1 2 151 154 156 
1 2 44 128 154 
1 2 56 192 128 
1 2 269 226 192 
1 2 71 264 19 
1 2 148 225 264 
1 2 150 224 225 
1 2 31 201 224 
1 2 124 75 201 
1 2 156 104 75 
1 2 154 77 104 
1 2 128 254 77 
1 2 192 73 254 
1 2 226 250 73 
1 2 159 164 9 
1 2 170 175 164 
1 2 273 278 175 
1 2 181 186 278 
1 2 91 96 186 
1 2 33 38 96 
1 2 208 213 38 
1 2 59 64 213 
1 2 132 137 64 
1 2 239 244 137 
1 2 164 165 10 
1 2 175 176 165 
1 2 278 279 176 
1 2 186 187 279 
1 2 96 97 187 
1 2 38 39 97 
1 2 213 214 39 
1 2 64 65 214 
1 2 137 138 65 
1 2 244 245 138 
1 2 165 169 18 
1 2 176 180 169 
1 2 279 283 180 
1 2 187 191 283 
1 2 97 101 191 
1 2 39 43 101 
1 2 214 218 43 
1 2 65 69 218 
1 2 138 142 69 
1 2 245 249 142 
1 2 169 166 11 
1 2 180 177 166 
1 2 283 280 177 
1 2 191 188 280 
1 2 101 98 188 
1 2 43 40 98 
1 2 218 215 40 
1 2 69 66 215 
1 2 142 139 66 
1 2 249 246 139 
1 2 166 162 7 
1 2 177 173 162 
1 2 280 276 173 
1 2 188 184 276 
1 2 98 94 184 
1 2 40 36 94 
1 2 215 211 36 
1 2 66 62 211 
1 2 139 135 62 
1 2 246 242 135 
1 2 162 160 4 
1 2 173 171 160 
1 2 276 274 171 
1 2 184 182 274 
1 2 94 92 182 
1 2 36 34 92 
1 2 211 209 34 
1 2 62 60 209 
1 2 135 133 60 
1 2 242 240 133 
1 2 160 167 13 
1 2 171 178 167 
1 2 274 281 178 
1 2 182 189 281 
1 2 92 99 189 
1 2 34 41 99 
1 2 209 216 41 
1 2 60 67 216 
1 2 133 140 67 
1 2 240 247 140 
1 2 167 161 6 
1 2 178 172 161 
1 2 281 275 172 
1 2 189 183 275 
1 2 99 93 183 
1 2 41 35 93 
1 2 216 210 35 
1 2 67 61 210 
1 2 140 134 61 
1 2 247 241 134 
1 2 161 163 8 
1 2 172 174 163 
1 2 275 277 174 
1 2 183 185 277 
1 2 93 95 185 
1 2 35 37 95 
1 2 210 212 37 
1 2 61 63 212 
1 2 134 136 63 
1 2 241 243 136 
1 2 163 168 15 
1 2 174 179 168 
1 2 277 282 179 
1 2 185 190 282 
1 2 95 100 190 
1 2 37 42 100 
1 2 212 217 42 
1 2 63 68 217 
1 2 136 141 68 
1 2 243 248 141 


boundary
56
1 1 0 159 
1 1 159 170 
1 1 170 273 
1 1 273 181 
1 1 181 91 
1 1 91 33 
1 1 33 208 
1 1 208 59 
1 1 59 132 
1 1 132 239 
1 1 27 1 
1 1 260 27 
1 1 109 260 
1 1 207 109 
1 1 285 207 
1 1 222 285 
1 1 261 222 
1 1 52 261 
1 1 115 52 
1 1 250 115 
1 1 264 19 
1 1 225 264 
1 1 224 225 
1 1 201 224 
1 1 75 201 
1 1 104 75 
1 1 77 104 
1 1 254 77 
1 1 73 254 
1 1 250 73 
1 1 12 15 
1 1 3 12 
1 1 17 3 
1 1 14 17 
1 1 2 14 
1 1 16 2 
1 1 5 16 
1 1 1 5 
1 1 197 239 
1 1 26 197 
1 1 266 26 
1 1 235 266 
1 1 22 235 
1 1 262 22 
1 1 47 262 
1 1 19 47 
1 1 9 0 
1 1 10 9 
1 1 18 10 
1 1 11 18 
1 1 7 11 
1 1 4 7 
1 1 13 4 
1 1 6 13 
1 1 8 6 
1 1 15 8 


vertices
289
2
0.0 0.0 
0.0 1.0 
0.0 0.833333333333 
0.0 0.666666666667 
0.0 0.333333333333 
0.0 0.944444444444 
0.0 0.444444444444 
0.0 0.277777777778 
0.0 0.5 
0.0 0.0555555555556 
0.0 0.111111111111 
0.0 0.222222222222 
0.0 0.611111111111 
0.0 0.388888888889 
0.0 0.777777777778 
0.0 0.555555555556 
0.0 0.888888888889 
0.0 0.722222222222 
0.0 0.166666666667 
1.0 0.0 
0.38799452036 0.38799452036 
0.416618694835 0.560267279584 
0.833333333333 0.0 
0.720274236356 0.111742260738 
0.176671600277 0.491268773637 
0.417181774432 0.814879276237 
0.666666666667 0.0 
0.0784590957278 0.996917333733 
0.560267279584 0.416618694835 
0.121455909193 0.782539371753 
0.633604920012 0.0478872891491 
0.872995655736 0.28408553777 
0.64770280934 0.404397659474 
0.333333333333 0.0 
0.233671863503 0.233671863503 
0.232067735216 0.315497104917 
0.240606068121 0.19402556755 
0.237240673977 0.358470216275 
0.309243414355 0.038608932129 
0.286801753278 0.0772495931148 
0.251842220167 0.154853452629 
0.230873567634 0.274047634006 
0.246483875689 0.403512629706 
0.267370954602 0.115970643292 
0.675601411387 0.494839270433 
0.533316923795 0.342845522592 
0.333920484667 0.420393955081 
0.944444444444 0.0 
0.757026798741 0.181257028859 
0.631402605964 0.153878097944 
0.660133177811 0.103076777724 
0.259879339221 0.451207563202 
0.587785252292 0.809016994375 
0.556537937973 0.298777998821 
0.542075409694 0.542075409694 
0.181257028859 0.757026798741 
0.636163451338 0.545715859231 
0.0478872891491 0.633604920012 
0.0891855042244 0.545578346672 
0.444444444444 0.0 
0.315497104917 0.232067735216 
0.307169720535 0.307169720535 
0.326230846253 0.193861278225 
0.310014535067 0.344074675999 
0.41449554722 0.0389551399192 
0.386443124433 0.0778664667214 
0.341644348023 0.155374161263 
0.30917288269 0.269880054956 
0.318641552796 0.381350178322 
0.361835291719 0.116689140851 
0.252200887058 0.580037132127 
0.930969623084 0.0721316877359 
0.383156741173 0.743740530896 
0.7604059656 0.64944804833 
0.0516810666303 0.690660763378 
0.923879532511 0.382683432365 
0.0955331908546 0.601935505344 
0.852640164354 0.522498564716 
0.516595500022 0.133269375818 
0.773137636705 0.323174525375 
0.604773829126 0.203728516687 
0.0609104885329 0.807950325121 
0.389128819277 0.441688937496 
0.298777998821 0.556537937973 
0.298509951992 0.435126702021 
0.79995817535 0.261042589597 
0.580037132127 0.252200887058 
0.451207563202 0.259879339221 
0.807950325121 0.0609104885329 
0.615732041036 0.453800249664 
0.59561545343 0.696040644495 
0.277777777778 0.0 
0.19402556755 0.240606068121 
0.193861278225 0.326230846253 
0.199487768871 0.199487768871 
0.198898807618 0.371581307191 
0.257274233419 0.0395948847235 
0.238206801297 0.0792429908996 
0.208741952003 0.159041908715 
0.192205337988 0.282721827521 
0.207294746391 0.419239116319 
0.221766948667 0.119019455786 
0.143820784802 0.915261807979 
0.318270352725 0.482332872073 
0.891006524188 0.45399049974 
0.28408553777 0.872995655736 
0.166778414536 0.692765640768 
0.261042589597 0.79995817535 
0.441688937496 0.389128819277 
0.233445363856 0.972369920398 
0.420393955081 0.333920484667 
0.577516594152 0.0446896718588 
0.0721316877359 0.930969623084 
0.572725269134 0.142670708245 
0.420843807266 0.483124720965 
0.64944804833 0.7604059656 
0.323749202774 0.614833814657 
0.323174525375 0.773137636705 
0.483124720965 0.420843807266 
0.371719916271 0.588394488508 
0.142670708245 0.572725269134 
0.743740530896 0.383156741173 
0.405821399536 0.364395172708 
0.482332872073 0.318270352725 
0.845983927303 0.351757178457 
0.197222298156 0.8245697459 
0.580662336837 0.499775038389 
0.103076777724 0.660133177811 
0.739959721778 0.539518676674 
0.847290762772 0.132159524542 
0.404397659474 0.64770280934 
0.677162595775 0.351962321043 
0.5 0.0 
0.358470216275 0.237240673977 
0.344074675999 0.310014535067 
0.371581307191 0.198898807618 
0.342971155848 0.342971155848 
0.468037921826 0.0402005207264 
0.437981946605 0.0803086528251 
0.389144290438 0.159808995617 
0.349388261074 0.274462857474 
0.349145417252 0.373952283023 
0.411372660843 0.12022097432 
0.351757178457 0.845983927303 
0.277380925685 0.502083256806 
0.491268773637 0.176671600277 
0.132159524542 0.847290762772 
0.47991135743 0.779565706425 
0.915261807979 0.143820784802 
0.153878097944 0.631402605964 
0.896038931091 0.214622004819 
0.711358466917 0.440525394736 
0.692765640768 0.166778414536 
0.18897991404 0.546493183516 
0.779565706425 0.47991135743 
0.0662814729186 0.868520656759 
0.814879276237 0.417181774432 
0.614833814657 0.323749202774 
0.355844066471 0.462712092669 
0.0555555555556 0.0 
0.038608932129 0.309243414355 
0.0389551399192 0.41449554722 
0.0395948847235 0.257274233419 
0.0402005207264 0.468037921826 
0.0513205403633 0.0513205403633 
0.0473933521873 0.102665977477 
0.0414044200987 0.205581846451 
0.0384113360547 0.361607136516 
0.0421193588301 0.522348538595 
0.0440306855306 0.154069789743 
0.111111111111 0.0 
0.0772495931148 0.286801753278 
0.0778664667214 0.386443124433 
0.0792429908996 0.238206801297 
0.0803086528251 0.437981946605 
0.102665977477 0.0473933521873 
0.0948325105516 0.0948325105516 
0.0828710533318 0.190126014984 
0.0768213119793 0.33613188204 
0.0840952516275 0.490968793636 
0.0881205401336 0.142379267448 
0.222222222222 0.0 
0.154853452629 0.251842220167 
0.155374161263 0.341644348023 
0.159041908715 0.208741952003 
0.159808995617 0.389144290438 
0.205581846451 0.0414044200987 
0.190126014984 0.0828710533318 
0.166378046787 0.166378046787 
0.153683653134 0.29601371805 
0.166923787635 0.438906438946 
0.176839766097 0.124485420596 
0.696040644495 0.59561545343 
0.457998121354 0.52957653862 
0.666280175539 0.220759119941 
0.234057368893 0.523149099902 
0.601935505344 0.0955331908546 
0.611111111111 0.0 
0.133269375818 0.516595500022 
0.539518676674 0.739959721778 
0.588394488508 0.371719916271 
0.951056516295 0.309016994375 
0.495625050827 0.495625050827 
0.351962321043 0.677162595775 
0.203728516687 0.604773829126 
0.868520656759 0.0662814729186 
0.502083256806 0.277380925685 
0.309016994375 0.951056516295 
0.388888888889 0.0 
0.274047634006 0.230873567634 
0.269880054956 0.30917288269 
0.282721827521 0.192205337988 
0.274462857474 0.349388261074 
0.361607136516 0.0384113360547 
0.33613188204 0.0768213119793 
0.29601371805 0.153683653134 
0.269796509531 0.269796509531 
0.283908080998 0.39109024208 
0.313948721659 0.115237449281 
0.499775038389 0.580662336837 
0.364395172708 0.405821399536 
0.782539371753 0.121455909193 
0.45399049974 0.891006524188 
0.273247988362 0.640513235447 
0.972369920398 0.233445363856 
0.987688340595 0.15643446504 
0.647872899583 0.647872899583 
0.640513235447 0.273247988362 
0.690660763378 0.0516810666303 
0.545715859231 0.636163451338 
0.440525394736 0.711358466917 
0.0446896718588 0.577516594152 
0.435126702021 0.298509951992 
0.7047854991 0.296968042675 
0.453800249664 0.615732041036 
0.777777777778 0.0 
0.219037066261 0.469640689892 
0.523149099902 0.234057368893 
0.462712092669 0.355844066471 
0.555555555556 0.0 
0.403512629706 0.246483875689 
0.381350178322 0.318641552796 
0.419239116319 0.207294746391 
0.373952283023 0.349145417252 
0.522348538595 0.0421193588301 
0.490968793636 0.0840952516275 
0.438906438946 0.166923787635 
0.39109024208 0.283908080998 
0.369620865473 0.369620865473 
0.462874129771 0.125764956508 
0.707106781187 0.707106781187 
0.8245697459 0.197222298156 
0.494839270433 0.675601411387 
0.296968042675 0.7047854991 
0.809016994375 0.587785252292 
0.111742260738 0.720274236356 
0.545578346672 0.0891855042244 
0.748740359413 0.0560342244822 
0.214622004819 0.896038931091 
0.220759119941 0.666280175539 
0.15643446504 0.987688340595 
0.522498564716 0.852640164354 
0.888888888889 0.0 
0.731227931197 0.239907972136 
0.996917333733 0.0784590957278 
0.509239351152 0.383730331567 
0.722222222222 0.0 
0.52957653862 0.457998121354 
0.383730331567 0.509239351152 
0.592872569541 0.592872569541 
0.453901539623 0.453901539623 
0.239907972136 0.731227931197 
0.546493183516 0.18897991404 
0.166666666667 0.0 
0.115970643292 0.267370954602 
0.116689140851 0.361835291719 
0.119019455786 0.221766948667 
0.12022097432 0.411372660843 
0.154069789743 0.0440306855306 
0.142379267448 0.0881205401336 
0.124485420596 0.176839766097 
0.115237449281 0.313948721659 
0.125764956508 0.462874129771 
0.132349899241 0.132349899241 
0.342845522592 0.533316923795 
0.382683432365 0.923879532511 
0.469640689892 0.219037066261 
0.0560342244822 0.748740359413 
0.417619165801 0.417619165801 
