676 725

1 6.661338e-16 0.000000e+00 0.000000e+00
2 2.000000e+00 5.000000e-01 0.000000e+00
3 2.000000e+00 1.000000e+00 0.000000e+00
4 6.661338e-16 1.000000e+00 0.000000e+00
5 8.000000e-02 2.000000e-02 0.000000e+00
6 1.600000e-01 4.000000e-02 0.000000e+00
7 2.400000e-01 6.000000e-02 0.000000e+00
8 3.200000e-01 8.000000e-02 0.000000e+00
9 4.000000e-01 1.000000e-01 0.000000e+00
10 4.800000e-01 1.200000e-01 0.000000e+00
11 5.600000e-01 1.400000e-01 0.000000e+00
12 6.400000e-01 1.600000e-01 0.000000e+00
13 7.200000e-01 1.800000e-01 0.000000e+00
14 8.000000e-01 2.000000e-01 0.000000e+00
15 8.800000e-01 2.200000e-01 0.000000e+00
16 9.600000e-01 2.400000e-01 0.000000e+00
17 1.040000e+00 2.600000e-01 0.000000e+00
18 1.120000e+00 2.800000e-01 0.000000e+00
19 1.200000e+00 3.000000e-01 0.000000e+00
20 1.280000e+00 3.200000e-01 0.000000e+00
21 1.360000e+00 3.400000e-01 0.000000e+00
22 1.440000e+00 3.600000e-01 0.000000e+00
23 1.520000e+00 3.800000e-01 0.000000e+00
24 1.600000e+00 4.000000e-01 0.000000e+00
25 1.680000e+00 4.200000e-01 0.000000e+00
26 1.760000e+00 4.400000e-01 0.000000e+00
27 1.840000e+00 4.600000e-01 0.000000e+00
28 1.920000e+00 4.800000e-01 0.000000e+00
29 2.000000e+00 5.200000e-01 0.000000e+00
30 2.000000e+00 5.400000e-01 0.000000e+00
31 2.000000e+00 5.600000e-01 0.000000e+00
32 2.000000e+00 5.800000e-01 0.000000e+00
33 2.000000e+00 6.000000e-01 0.000000e+00
34 2.000000e+00 6.200000e-01 0.000000e+00
35 2.000000e+00 6.400000e-01 0.000000e+00
36 2.000000e+00 6.600000e-01 0.000000e+00
37 2.000000e+00 6.800000e-01 0.000000e+00
38 2.000000e+00 7.000000e-01 0.000000e+00
39 2.000000e+00 7.200000e-01 0.000000e+00
40 2.000000e+00 7.400000e-01 0.000000e+00
41 2.000000e+00 7.600000e-01 0.000000e+00
42 2.000000e+00 7.800000e-01 0.000000e+00
43 2.000000e+00 8.000000e-01 0.000000e+00
44 2.000000e+00 8.200000e-01 0.000000e+00
45 2.000000e+00 8.400000e-01 0.000000e+00
46 2.000000e+00 8.600000e-01 0.000000e+00
47 2.000000e+00 8.800000e-01 0.000000e+00
48 2.000000e+00 9.000000e-01 0.000000e+00
49 2.000000e+00 9.200000e-01 0.000000e+00
50 2.000000e+00 9.400000e-01 0.000000e+00
51 2.000000e+00 9.600000e-01 0.000000e+00
52 2.000000e+00 9.800000e-01 0.000000e+00
53 1.920000e+00 1.000000e+00 0.000000e+00
54 1.840000e+00 1.000000e+00 0.000000e+00
55 1.760000e+00 1.000000e+00 0.000000e+00
56 1.680000e+00 1.000000e+00 0.000000e+00
57 1.600000e+00 1.000000e+00 0.000000e+00
58 1.520000e+00 1.000000e+00 0.000000e+00
59 1.440000e+00 1.000000e+00 0.000000e+00
60 1.360000e+00 1.000000e+00 0.000000e+00
61 1.280000e+00 1.000000e+00 0.000000e+00
62 1.200000e+00 1.000000e+00 0.000000e+00
63 1.120000e+00 1.000000e+00 0.000000e+00
64 1.040000e+00 1.000000e+00 0.000000e+00
65 9.600000e-01 1.000000e+00 0.000000e+00
66 8.800000e-01 1.000000e+00 0.000000e+00
67 8.000000e-01 1.000000e+00 0.000000e+00
68 7.200000e-01 1.000000e+00 0.000000e+00
69 6.400000e-01 1.000000e+00 0.000000e+00
70 5.600000e-01 1.000000e+00 0.000000e+00
71 4.800000e-01 1.000000e+00 0.000000e+00
72 4.000000e-01 1.000000e+00 0.000000e+00
73 3.200000e-01 1.000000e+00 0.000000e+00
74 2.400000e-01 1.000000e+00 0.000000e+00
75 1.600000e-01 1.000000e+00 0.000000e+00
76 8.000000e-02 1.000000e+00 0.000000e+00
77 6.661338e-16 9.600000e-01 0.000000e+00
78 6.661338e-16 9.200000e-01 0.000000e+00
79 6.661338e-16 8.800000e-01 0.000000e+00
80 6.661338e-16 8.400000e-01 0.000000e+00
81 6.661338e-16 8.000000e-01 0.000000e+00
82 6.661338e-16 7.600000e-01 0.000000e+00
83 6.661338e-16 7.200000e-01 0.000000e+00
84 6.661338e-16 6.800000e-01 0.000000e+00
85 6.661338e-16 6.400000e-01 0.000000e+00
86 6.661338e-16 6.000000e-01 0.000000e+00
87 6.661338e-16 5.600000e-01 0.000000e+00
88 6.661338e-16 5.200000e-01 0.000000e+00
89 6.661338e-16 4.800000e-01 0.000000e+00
90 6.661338e-16 4.400000e-01 0.000000e+00
91 6.661338e-16 4.000000e-01 0.000000e+00
92 6.661338e-16 3.600000e-01 0.000000e+00
93 6.661338e-16 3.200000e-01 0.000000e+00
94 6.661338e-16 2.800000e-01 0.000000e+00
95 6.661338e-16 2.400000e-01 0.000000e+00
96 6.661338e-16 2.000000e-01 0.000000e+00
97 6.661338e-16 1.600000e-01 0.000000e+00
98 6.661338e-16 1.200000e-01 0.000000e+00
99 6.661338e-16 8.000000e-02 0.000000e+00
100 6.661338e-16 4.000000e-02 0.000000e+00
101 1.920000e+00 5.008000e-01 0.000000e+00
102 1.920000e+00 5.216000e-01 0.000000e+00
103 1.920000e+00 5.424000e-01 0.000000e+00
104 1.920000e+00 5.632000e-01 0.000000e+00
105 1.920000e+00 5.840000e-01 0.000000e+00
106 1.920000e+00 6.048000e-01 0.000000e+00
107 1.920000e+00 6.256000e-01 0.000000e+00
108 1.920000e+00 6.464000e-01 0.000000e+00
109 1.920000e+00 6.672000e-01 0.000000e+00
110 1.920000e+00 6.880000e-01 0.000000e+00
111 1.920000e+00 7.088000e-01 0.000000e+00
112 1.920000e+00 7.296000e-01 0.000000e+00
113 1.920000e+00 7.504000e-01 0.000000e+00
114 1.920000e+00 7.712000e-01 0.000000e+00
115 1.920000e+00 7.920000e-01 0.000000e+00
116 1.920000e+00 8.128000e-01 0.000000e+00
117 1.920000e+00 8.336000e-01 0.000000e+00
118 1.920000e+00 8.544000e-01 0.000000e+00
119 1.920000e+00 8.752000e-01 0.000000e+00
120 1.920000e+00 8.960000e-01 0.000000e+00
121 1.920000e+00 9.168000e-01 0.000000e+00
122 1.920000e+00 9.376000e-01 0.000000e+00
123 1.920000e+00 9.584000e-01 0.000000e+00
124 1.920000e+00 9.792000e-01 0.000000e+00
125 1.840000e+00 4.816000e-01 0.000000e+00
126 1.840000e+00 5.032000e-01 0.000000e+00
127 1.840000e+00 5.248000e-01 0.000000e+00
128 1.840000e+00 5.464000e-01 0.000000e+00
129 1.840000e+00 5.680000e-01 0.000000e+00
130 1.840000e+00 5.896000e-01 0.000000e+00
131 1.840000e+00 6.112000e-01 0.000000e+00
132 1.840000e+00 6.328000e-01 0.000000e+00
133 1.840000e+00 6.544000e-01 0.000000e+00
134 1.840000e+00 6.760000e-01 0.000000e+00
135 1.840000e+00 6.976000e-01 0.000000e+00
136 1.840000e+00 7.192000e-01 0.000000e+00
137 1.840000e+00 7.408000e-01 0.000000e+00
138 1.840000e+00 7.624000e-01 0.000000e+00
139 1.840000e+00 7.840000e-01 0.000000e+00
140 1.840000e+00 8.056000e-01 0.000000e+00
141 1.840000e+00 8.272000e-01 0.000000e+00
142 1.840000e+00 8.488000e-01 0.000000e+00
143 1.840000e+00 8.704000e-01 0.000000e+00
144 1.840000e+00 8.920000e-01 0.000000e+00
145 1.840000e+00 9.136000e-01 0.000000e+00
146 1.840000e+00 9.352000e-01 0.000000e+00
147 1.840000e+00 9.568000e-01 0.000000e+00
148 1.840000e+00 9.784000e-01 0.000000e+00
149 1.760000e+00 4.624000e-01 0.000000e+00
150 1.760000e+00 4.848000e-01 0.000000e+00
151 1.760000e+00 5.072000e-01 0.000000e+00
152 1.760000e+00 5.296000e-01 0.000000e+00
153 1.760000e+00 5.520000e-01 0.000000e+00
154 1.760000e+00 5.744000e-01 0.000000e+00
155 1.760000e+00 5.968000e-01 0.000000e+00
156 1.760000e+00 6.192000e-01 0.000000e+00
157 1.760000e+00 6.416000e-01 0.000000e+00
158 1.760000e+00 6.640000e-01 0.000000e+00
159 1.760000e+00 6.864000e-01 0.000000e+00
160 1.760000e+00 7.088000e-01 0.000000e+00
161 1.760000e+00 7.312000e-01 0.000000e+00
162 1.760000e+00 7.536000e-01 0.000000e+00
163 1.760000e+00 7.760000e-01 0.000000e+00
164 1.760000e+00 7.984000e-01 0.000000e+00
165 1.760000e+00 8.208000e-01 0.000000e+00
166 1.760000e+00 8.432000e-01 0.000000e+00
167 1.760000e+00 8.656000e-01 0.000000e+00
168 1.760000e+00 8.880000e-01 0.000000e+00
169 1.760000e+00 9.104000e-01 0.000000e+00
170 1.760000e+00 9.328000e-01 0.000000e+00
171 1.760000e+00 9.552000e-01 0.000000e+00
172 1.760000e+00 9.776000e-01 0.000000e+00
173 1.680000e+00 4.432000e-01 0.000000e+00
174 1.680000e+00 4.664000e-01 0.000000e+00
175 1.680000e+00 4.896000e-01 0.000000e+00
176 1.680000e+00 5.128000e-01 0.000000e+00
177 1.680000e+00 5.360000e-01 0.000000e+00
178 1.680000e+00 5.592000e-01 0.000000e+00
179 1.680000e+00 5.824000e-01 0.000000e+00
180 1.680000e+00 6.056000e-01 0.000000e+00
181 1.680000e+00 6.288000e-01 0.000000e+00
182 1.680000e+00 6.520000e-01 0.000000e+00
183 1.680000e+00 6.752000e-01 0.000000e+00
184 1.680000e+00 6.984000e-01 0.000000e+00
185 1.680000e+00 7.216000e-01 0.000000e+00
186 1.680000e+00 7.448000e-01 0.000000e+00
187 1.680000e+00 7.680000e-01 0.000000e+00
188 1.680000e+00 7.912000e-01 0.000000e+00
189 1.680000e+00 8.144000e-01 0.000000e+00
190 1.680000e+00 8.376000e-01 0.000000e+00
191 1.680000e+00 8.608000e-01 0.000000e+00
192 1.680000e+00 8.840000e-01 0.000000e+00
193 1.680000e+00 9.072000e-01 0.000000e+00
194 1.680000e+00 9.304000e-01 0.000000e+00
195 1.680000e+00 9.536000e-01 0.000000e+00
196 1.680000e+00 9.768000e-01 0.000000e+00
197 1.600000e+00 4.240000e-01 0.000000e+00
198 1.600000e+00 4.480000e-01 0.000000e+00
199 1.600000e+00 4.720000e-01 0.000000e+00
200 1.600000e+00 4.960000e-01 0.000000e+00
201 1.600000e+00 5.200000e-01 0.000000e+00
202 1.600000e+00 5.440000e-01 0.000000e+00
203 1.600000e+00 5.680000e-01 0.000000e+00
204 1.600000e+00 5.920000e-01 0.000000e+00
205 1.600000e+00 6.160000e-01 0.000000e+00
206 1.600000e+00 6.400000e-01 0.000000e+00
207 1.600000e+00 6.640000e-01 0.000000e+00
208 1.600000e+00 6.880000e-01 0.000000e+00
209 1.600000e+00 7.120000e-01 0.000000e+00
210 1.600000e+00 7.360000e-01 0.000000e+00
211 1.600000e+00 7.600000e-01 0.000000e+00
212 1.600000e+00 7.840000e-01 0.000000e+00
213 1.600000e+00 8.080000e-01 0.000000e+00
214 1.600000e+00 8.320000e-01 0.000000e+00
215 1.600000e+00 8.560000e-01 0.000000e+00
216 1.600000e+00 8.800000e-01 0.000000e+00
217 1.600000e+00 9.040000e-01 0.000000e+00
218 1.600000e+00 9.280000e-01 0.000000e+00
219 1.600000e+00 9.520000e-01 0.000000e+00
220 1.600000e+00 9.760000e-01 0.000000e+00
221 1.520000e+00 4.048000e-01 0.000000e+00
222 1.520000e+00 4.296000e-01 0.000000e+00
223 1.520000e+00 4.544000e-01 0.000000e+00
224 1.520000e+00 4.792000e-01 0.000000e+00
225 1.520000e+00 5.040000e-01 0.000000e+00
226 1.520000e+00 5.288000e-01 0.000000e+00
227 1.520000e+00 5.536000e-01 0.000000e+00
228 1.520000e+00 5.784000e-01 0.000000e+00
229 1.520000e+00 6.032000e-01 0.000000e+00
230 1.520000e+00 6.280000e-01 0.000000e+00
231 1.520000e+00 6.528000e-01 0.000000e+00
232 1.520000e+00 6.776000e-01 0.000000e+00
233 1.520000e+00 7.024000e-01 0.000000e+00
234 1.520000e+00 7.272000e-01 0.000000e+00
235 1.520000e+00 7.520000e-01 0.000000e+00
236 1.520000e+00 7.768000e-01 0.000000e+00
237 1.520000e+00 8.016000e-01 0.000000e+00
238 1.520000e+00 8.264000e-01 0.000000e+00
239 1.520000e+00 8.512000e-01 0.000000e+00
240 1.520000e+00 8.760000e-01 0.000000e+00
241 1.520000e+00 9.008000e-01 0.000000e+00
242 1.520000e+00 9.256000e-01 0.000000e+00
243 1.520000e+00 9.504000e-01 0.000000e+00
244 1.520000e+00 9.752000e-01 0.000000e+00
245 1.440000e+00 3.856000e-01 0.000000e+00
246 1.440000e+00 4.112000e-01 0.000000e+00
247 1.440000e+00 4.368000e-01 0.000000e+00
248 1.440000e+00 4.624000e-01 0.000000e+00
249 1.440000e+00 4.880000e-01 0.000000e+00
250 1.440000e+00 5.136000e-01 0.000000e+00
251 1.440000e+00 5.392000e-01 0.000000e+00
252 1.440000e+00 5.648000e-01 0.000000e+00
253 1.440000e+00 5.904000e-01 0.000000e+00
254 1.440000e+00 6.160000e-01 0.000000e+00
255 1.440000e+00 6.416000e-01 0.000000e+00
256 1.440000e+00 6.672000e-01 0.000000e+00
257 1.440000e+00 6.928000e-01 0.000000e+00
258 1.440000e+00 7.184000e-01 0.000000e+00
259 1.440000e+00 7.440000e-01 0.000000e+00
260 1.440000e+00 7.696000e-01 0.000000e+00
261 1.440000e+00 7.952000e-01 0.000000e+00
262 1.440000e+00 8.208000e-01 0.000000e+00
263 1.440000e+00 8.464000e-01 0.000000e+00
264 1.440000e+00 8.720000e-01 0.000000e+00
265 1.440000e+00 8.976000e-01 0.000000e+00
266 1.440000e+00 9.232000e-01 0.000000e+00
267 1.440000e+00 9.488000e-01 0.000000e+00
268 1.440000e+00 9.744000e-01 0.000000e+00
269 1.360000e+00 3.664000e-01 0.000000e+00
270 1.360000e+00 3.928000e-01 0.000000e+00
271 1.360000e+00 4.192000e-01 0.000000e+00
272 1.360000e+00 4.456000e-01 0.000000e+00
273 1.360000e+00 4.720000e-01 0.000000e+00
274 1.360000e+00 4.984000e-01 0.000000e+00
275 1.360000e+00 5.248000e-01 0.000000e+00
276 1.360000e+00 5.512000e-01 0.000000e+00
277 1.360000e+00 5.776000e-01 0.000000e+00
278 1.360000e+00 6.040000e-01 0.000000e+00
279 1.360000e+00 6.304000e-01 0.000000e+00
280 1.360000e+00 6.568000e-01 0.000000e+00
281 1.360000e+00 6.832000e-01 0.000000e+00
282 1.360000e+00 7.096000e-01 0.000000e+00
283 1.360000e+00 7.360000e-01 0.000000e+00
284 1.360000e+00 7.624000e-01 0.000000e+00
285 1.360000e+00 7.888000e-01 0.000000e+00
286 1.360000e+00 8.152000e-01 0.000000e+00
287 1.360000e+00 8.416000e-01 0.000000e+00
288 1.360000e+00 8.680000e-01 0.000000e+00
289 1.360000e+00 8.944000e-01 0.000000e+00
290 1.360000e+00 9.208000e-01 0.000000e+00
291 1.360000e+00 9.472000e-01 0.000000e+00
292 1.360000e+00 9.736000e-01 0.000000e+00
293 1.280000e+00 3.472000e-01 0.000000e+00
294 1.280000e+00 3.744000e-01 0.000000e+00
295 1.280000e+00 4.016000e-01 0.000000e+00
296 1.280000e+00 4.288000e-01 0.000000e+00
297 1.280000e+00 4.560000e-01 0.000000e+00
298 1.280000e+00 4.832000e-01 0.000000e+00
299 1.280000e+00 5.104000e-01 0.000000e+00
300 1.280000e+00 5.376000e-01 0.000000e+00
301 1.280000e+00 5.648000e-01 0.000000e+00
302 1.280000e+00 5.920000e-01 0.000000e+00
303 1.280000e+00 6.192000e-01 0.000000e+00
304 1.280000e+00 6.464000e-01 0.000000e+00
305 1.280000e+00 6.736000e-01 0.000000e+00
306 1.280000e+00 7.008000e-01 0.000000e+00
307 1.280000e+00 7.280000e-01 0.000000e+00
308 1.280000e+00 7.552000e-01 0.000000e+00
309 1.280000e+00 7.824000e-01 0.000000e+00
310 1.280000e+00 8.096000e-01 0.000000e+00
311 1.280000e+00 8.368000e-01 0.000000e+00
312 1.280000e+00 8.640000e-01 0.000000e+00
313 1.280000e+00 8.912000e-01 0.000000e+00
314 1.280000e+00 9.184000e-01 0.000000e+00
315 1.280000e+00 9.456000e-01 0.000000e+00
316 1.280000e+00 9.728000e-01 0.000000e+00
317 1.200000e+00 3.280000e-01 0.000000e+00
318 1.200000e+00 3.560000e-01 0.000000e+00
319 1.200000e+00 3.840000e-01 0.000000e+00
320 1.200000e+00 4.120000e-01 0.000000e+00
321 1.200000e+00 4.400000e-01 0.000000e+00
322 1.200000e+00 4.680000e-01 0.000000e+00
323 1.200000e+00 4.960000e-01 0.000000e+00
324 1.200000e+00 5.240000e-01 0.000000e+00
325 1.200000e+00 5.520000e-01 0.000000e+00
326 1.200000e+00 5.800000e-01 0.000000e+00
327 1.200000e+00 6.080000e-01 0.000000e+00
328 1.200000e+00 6.360000e-01 0.000000e+00
329 1.200000e+00 6.640000e-01 0.000000e+00
330 1.200000e+00 6.920000e-01 0.000000e+00
331 1.200000e+00 7.200000e-01 0.000000e+00
332 1.200000e+00 7.480000e-01 0.000000e+00
333 1.200000e+00 7.760000e-01 0.000000e+00
334 1.200000e+00 8.040000e-01 0.000000e+00
335 1.200000e+00 8.320000e-01 0.000000e+00
336 1.200000e+00 8.600000e-01 0.000000e+00
337 1.200000e+00 8.880000e-01 0.000000e+00
338 1.200000e+00 9.160000e-01 0.000000e+00
339 1.200000e+00 9.440000e-01 0.000000e+00
340 1.200000e+00 9.720000e-01 0.000000e+00
341 1.120000e+00 3.088000e-01 0.000000e+00
342 1.120000e+00 3.376000e-01 0.000000e+00
343 1.120000e+00 3.664000e-01 0.000000e+00
344 1.120000e+00 3.952000e-01 0.000000e+00
345 1.120000e+00 4.240000e-01 0.000000e+00
346 1.120000e+00 4.528000e-01 0.000000e+00
347 1.120000e+00 4.816000e-01 0.000000e+00
348 1.120000e+00 5.104000e-01 0.000000e+00
349 1.120000e+00 5.392000e-01 0.000000e+00
350 1.120000e+00 5.680000e-01 0.000000e+00
351 1.120000e+00 5.968000e-01 0.000000e+00
352 1.120000e+00 6.256000e-01 0.000000e+00
353 1.120000e+00 6.544000e-01 0.000000e+00
354 1.120000e+00 6.832000e-01 0.000000e+00
355 1.120000e+00 7.120000e-01 0.000000e+00
356 1.120000e+00 7.408000e-01 0.000000e+00
357 1.120000e+00 7.696000e-01 0.000000e+00
358 1.120000e+00 7.984000e-01 0.000000e+00
359 1.120000e+00 8.272000e-01 0.000000e+00
360 1.120000e+00 8.560000e-01 0.000000e+00
361 1.120000e+00 8.848000e-01 0.000000e+00
362 1.120000e+00 9.136000e-01 0.000000e+00
363 1.120000e+00 9.424000e-01 0.000000e+00
364 1.120000e+00 9.712000e-01 0.000000e+00
365 1.040000e+00 2.896000e-01 0.000000e+00
366 1.040000e+00 3.192000e-01 0.000000e+00
367 1.040000e+00 3.488000e-01 0.000000e+00
368 1.040000e+00 3.784000e-01 0.000000e+00
369 1.040000e+00 4.080000e-01 0.000000e+00
370 1.040000e+00 4.376000e-01 0.000000e+00
371 1.040000e+00 4.672000e-01 0.000000e+00
372 1.040000e+00 4.968000e-01 0.000000e+00
373 1.040000e+00 5.264000e-01 0.000000e+00
374 1.040000e+00 5.560000e-01 0.000000e+00
375 1.040000e+00 5.856000e-01 0.000000e+00
376 1.040000e+00 6.152000e-01 0.000000e+00
377 1.040000e+00 6.448000e-01 0.000000e+00
378 1.040000e+00 6.744000e-01 0.000000e+00
379 1.040000e+00 7.040000e-01 0.000000e+00
380 1.040000e+00 7.336000e-01 0.000000e+00
381 1.040000e+00 7.632000e-01 0.000000e+00
382 1.040000e+00 7.928000e-01 0.000000e+00
383 1.040000e+00 8.224000e-01 0.000000e+00
384 1.040000e+00 8.520000e-01 0.000000e+00
385 1.040000e+00 8.816000e-01 0.000000e+00
386 1.040000e+00 9.112000e-01 0.000000e+00
387 1.040000e+00 9.408000e-01 0.000000e+00
388 1.040000e+00 9.704000e-01 0.000000e+00
389 9.600000e-01 2.704000e-01 0.000000e+00
390 9.600000e-01 3.008000e-01 0.000000e+00
391 9.600000e-01 3.312000e-01 0.000000e+00
392 9.600000e-01 3.616000e-01 0.000000e+00
393 9.600000e-01 3.920000e-01 0.000000e+00
394 9.600000e-01 4.224000e-01 0.000000e+00
395 9.600000e-01 4.528000e-01 0.000000e+00
396 9.600000e-01 4.832000e-01 0.000000e+00
397 9.600000e-01 5.136000e-01 0.000000e+00
398 9.600000e-01 5.440000e-01 0.000000e+00
399 9.600000e-01 5.744000e-01 0.000000e+00
400 9.600000e-01 6.048000e-01 0.000000e+00
401 9.600000e-01 6.352000e-01 0.000000e+00
402 9.600000e-01 6.656000e-01 0.000000e+00
403 9.600000e-01 6.960000e-01 0.000000e+00
404 9.600000e-01 7.264000e-01 0.000000e+00
405 9.600000e-01 7.568000e-01 0.000000e+00
406 9.600000e-01 7.872000e-01 0.000000e+00
407 9.600000e-01 8.176000e-01 0.000000e+00
408 9.600000e-01 8.480000e-01 0.000000e+00
409 9.600000e-01 8.784000e-01 0.000000e+00
410 9.600000e-01 9.088000e-01 0.000000e+00
411 9.600000e-01 9.392000e-01 0.000000e+00
412 9.600000e-01 9.696000e-01 0.000000e+00
413 8.800000e-01 2.512000e-01 0.000000e+00
414 8.800000e-01 2.824000e-01 0.000000e+00
415 8.800000e-01 3.136000e-01 0.000000e+00
416 8.800000e-01 3.448000e-01 0.000000e+00
417 8.800000e-01 3.760000e-01 0.000000e+00
418 8.800000e-01 4.072000e-01 0.000000e+00
419 8.800000e-01 4.384000e-01 0.000000e+00
420 8.800000e-01 4.696000e-01 0.000000e+00
421 8.800000e-01 5.008000e-01 0.000000e+00
422 8.800000e-01 5.320000e-01 0.000000e+00
423 8.800000e-01 5.632000e-01 0.000000e+00
424 8.800000e-01 5.944000e-01 0.000000e+00
425 8.800000e-01 6.256000e-01 0.000000e+00
426 8.800000e-01 6.568000e-01 0.000000e+00
427 8.800000e-01 6.880000e-01 0.000000e+00
428 8.800000e-01 7.192000e-01 0.000000e+00
429 8.800000e-01 7.504000e-01 0.000000e+00
430 8.800000e-01 7.816000e-01 0.000000e+00
431 8.800000e-01 8.128000e-01 0.000000e+00
432 8.800000e-01 8.440000e-01 0.000000e+00
433 8.800000e-01 8.752000e-01 0.000000e+00
434 8.800000e-01 9.064000e-01 0.000000e+00
435 8.800000e-01 9.376000e-01 0.000000e+00
436 8.800000e-01 9.688000e-01 0.000000e+00
437 8.000000e-01 2.320000e-01 0.000000e+00
438 8.000000e-01 2.640000e-01 0.000000e+00
439 8.000000e-01 2.960000e-01 0.000000e+00
440 8.000000e-01 3.280000e-01 0.000000e+00
441 8.000000e-01 3.600000e-01 0.000000e+00
442 8.000000e-01 3.920000e-01 0.000000e+00
443 8.000000e-01 4.240000e-01 0.000000e+00
444 8.000000e-01 4.560000e-01 0.000000e+00
445 8.000000e-01 4.880000e-01 0.000000e+00
446 8.000000e-01 5.200000e-01 0.000000e+00
447 8.000000e-01 5.520000e-01 0.000000e+00
448 8.000000e-01 5.840000e-01 0.000000e+00
449 8.000000e-01 6.160000e-01 0.000000e+00
450 8.000000e-01 6.480000e-01 0.000000e+00
451 8.000000e-01 6.800000e-01 0.000000e+00
452 8.000000e-01 7.120000e-01 0.000000e+00
453 8.000000e-01 7.440000e-01 0.000000e+00
454 8.000000e-01 7.760000e-01 0.000000e+00
455 8.000000e-01 8.080000e-01 0.000000e+00
456 8.000000e-01 8.400000e-01 0.000000e+00
457 8.000000e-01 8.720000e-01 0.000000e+00
458 8.000000e-01 9.040000e-01 0.000000e+00
459 8.000000e-01 9.360000e-01 0.000000e+00
460 8.000000e-01 9.680000e-01 0.000000e+00
461 7.200000e-01 2.128000e-01 0.000000e+00
462 7.200000e-01 2.456000e-01 0.000000e+00
463 7.200000e-01 2.784000e-01 0.000000e+00
464 7.200000e-01 3.112000e-01 0.000000e+00
465 7.200000e-01 3.440000e-01 0.000000e+00
466 7.200000e-01 3.768000e-01 0.000000e+00
467 7.200000e-01 4.096000e-01 0.000000e+00
468 7.200000e-01 4.424000e-01 0.000000e+00
469 7.200000e-01 4.752000e-01 0.000000e+00
470 7.200000e-01 5.080000e-01 0.000000e+00
471 7.200000e-01 5.408000e-01 0.000000e+00
472 7.200000e-01 5.736000e-01 0.000000e+00
473 7.200000e-01 6.064000e-01 0.000000e+00
474 7.200000e-01 6.392000e-01 0.000000e+00
475 7.200000e-01 6.720000e-01 0.000000e+00
476 7.200000e-01 7.048000e-01 0.000000e+00
477 7.200000e-01 7.376000e-01 0.000000e+00
478 7.200000e-01 7.704000e-01 0.000000e+00
479 7.200000e-01 8.032000e-01 0.000000e+00
480 7.200000e-01 8.360000e-01 0.000000e+00
481 7.200000e-01 8.688000e-01 0.000000e+00
482 7.200000e-01 9.016000e-01 0.000000e+00
483 7.200000e-01 9.344000e-01 0.000000e+00
484 7.200000e-01 9.672000e-01 0.000000e+00
485 6.400000e-01 1.936000e-01 0.000000e+00
486 6.400000e-01 2.272000e-01 0.000000e+00
487 6.400000e-01 2.608000e-01 0.000000e+00
488 6.400000e-01 2.944000e-01 0.000000e+00
489 6.400000e-01 3.280000e-01 0.000000e+00
490 6.400000e-01 3.616000e-01 0.000000e+00
491 6.400000e-01 3.952000e-01 0.000000e+00
492 6.400000e-01 4.288000e-01 0.000000e+00
493 6.400000e-01 4.624000e-01 0.000000e+00
494 6.400000e-01 4.960000e-01 0.000000e+00
495 6.400000e-01 5.296000e-01 0.000000e+00
496 6.400000e-01 5.632000e-01 0.000000e+00
497 6.400000e-01 5.968000e-01 0.000000e+00
498 6.400000e-01 6.304000e-01 0.000000e+00
499 6.400000e-01 6.640000e-01 0.000000e+00
500 6.400000e-01 6.976000e-01 0.000000e+00
501 6.400000e-01 7.312000e-01 0.000000e+00
502 6.400000e-01 7.648000e-01 0.000000e+00
503 6.400000e-01 7.984000e-01 0.000000e+00
504 6.400000e-01 8.320000e-01 0.000000e+00
505 6.400000e-01 8.656000e-01 0.000000e+00
506 6.400000e-01 8.992000e-01 0.000000e+00
507 6.400000e-01 9.328000e-01 0.000000e+00
508 6.400000e-01 9.664000e-01 0.000000e+00
509 5.600000e-01 1.744000e-01 0.000000e+00
510 5.600000e-01 2.088000e-01 0.000000e+00
511 5.600000e-01 2.432000e-01 0.000000e+00
512 5.600000e-01 2.776000e-01 0.000000e+00
513 5.600000e-01 3.120000e-01 0.000000e+00
514 5.600000e-01 3.464000e-01 0.000000e+00
515 5.600000e-01 3.808000e-01 0.000000e+00
516 5.600000e-01 4.152000e-01 0.000000e+00
517 5.600000e-01 4.496000e-01 0.000000e+00
518 5.600000e-01 4.840000e-01 0.000000e+00
519 5.600000e-01 5.184000e-01 0.000000e+00
520 5.600000e-01 5.528000e-01 0.000000e+00
521 5.600000e-01 5.872000e-01 0.000000e+00
522 5.600000e-01 6.216000e-01 0.000000e+00
523 5.600000e-01 6.560000e-01 0.000000e+00
524 5.600000e-01 6.904000e-01 0.000000e+00
525 5.600000e-01 7.248000e-01 0.000000e+00
526 5.600000e-01 7.592000e-01 0.000000e+00
527 5.600000e-01 7.936000e-01 0.000000e+00
528 5.600000e-01 8.280000e-01 0.000000e+00
529 5.600000e-01 8.624000e-01 0.000000e+00
530 5.600000e-01 8.968000e-01 0.000000e+00
531 5.600000e-01 9.312000e-01 0.000000e+00
532 5.600000e-01 9.656000e-01 0.000000e+00
533 4.800000e-01 1.552000e-01 0.000000e+00
534 4.800000e-01 1.904000e-01 0.000000e+00
535 4.800000e-01 2.256000e-01 0.000000e+00
536 4.800000e-01 2.608000e-01 0.000000e+00
537 4.800000e-01 2.960000e-01 0.000000e+00
538 4.800000e-01 3.312000e-01 0.000000e+00
539 4.800000e-01 3.664000e-01 0.000000e+00
540 4.800000e-01 4.016000e-01 0.000000e+00
541 4.800000e-01 4.368000e-01 0.000000e+00
542 4.800000e-01 4.720000e-01 0.000000e+00
543 4.800000e-01 5.072000e-01 0.000000e+00
544 4.800000e-01 5.424000e-01 0.000000e+00
545 4.800000e-01 5.776000e-01 0.000000e+00
546 4.800000e-01 6.128000e-01 0.000000e+00
547 4.800000e-01 6.480000e-01 0.000000e+00
548 4.800000e-01 6.832000e-01 0.000000e+00
549 4.800000e-01 7.184000e-01 0.000000e+00
550 4.800000e-01 7.536000e-01 0.000000e+00
551 4.800000e-01 7.888000e-01 0.000000e+00
552 4.800000e-01 8.240000e-01 0.000000e+00
553 4.800000e-01 8.592000e-01 0.000000e+00
554 4.800000e-01 8.944000e-01 0.000000e+00
555 4.800000e-01 9.296000e-01 0.000000e+00
556 4.800000e-01 9.648000e-01 0.000000e+00
557 4.000000e-01 1.360000e-01 0.000000e+00
558 4.000000e-01 1.720000e-01 0.000000e+00
559 4.000000e-01 2.080000e-01 0.000000e+00
560 4.000000e-01 2.440000e-01 0.000000e+00
561 4.000000e-01 2.800000e-01 0.000000e+00
562 4.000000e-01 3.160000e-01 0.000000e+00
563 4.000000e-01 3.520000e-01 0.000000e+00
564 4.000000e-01 3.880000e-01 0.000000e+00
565 4.000000e-01 4.240000e-01 0.000000e+00
566 4.000000e-01 4.600000e-01 0.000000e+00
567 4.000000e-01 4.960000e-01 0.000000e+00
568 4.000000e-01 5.320000e-01 0.000000e+00
569 4.000000e-01 5.680000e-01 0.000000e+00
570 4.000000e-01 6.040000e-01 0.000000e+00
571 4.000000e-01 6.400000e-01 0.000000e+00
572 4.000000e-01 6.760000e-01 0.000000e+00
573 4.000000e-01 7.120000e-01 0.000000e+00
574 4.000000e-01 7.480000e-01 0.000000e+00
575 4.000000e-01 7.840000e-01 0.000000e+00
576 4.000000e-01 8.200000e-01 0.000000e+00
577 4.000000e-01 8.560000e-01 0.000000e+00
578 4.000000e-01 8.920000e-01 0.000000e+00
579 4.000000e-01 9.280000e-01 0.000000e+00
580 4.000000e-01 9.640000e-01 0.000000e+00
581 3.200000e-01 1.168000e-01 0.000000e+00
582 3.200000e-01 1.536000e-01 0.000000e+00
583 3.200000e-01 1.904000e-01 0.000000e+00
584 3.200000e-01 2.272000e-01 0.000000e+00
585 3.200000e-01 2.640000e-01 0.000000e+00
586 3.200000e-01 3.008000e-01 0.000000e+00
587 3.200000e-01 3.376000e-01 0.000000e+00
588 3.200000e-01 3.744000e-01 0.000000e+00
589 3.200000e-01 4.112000e-01 0.000000e+00
590 3.200000e-01 4.480000e-01 0.000000e+00
591 3.200000e-01 4.848000e-01 0.000000e+00
592 3.200000e-01 5.216000e-01 0.000000e+00
593 3.200000e-01 5.584000e-01 0.000000e+00
594 3.200000e-01 5.952000e-01 0.000000e+00
595 3.200000e-01 6.320000e-01 0.000000e+00
596 3.200000e-01 6.688000e-01 0.000000e+00
597 3.200000e-01 7.056000e-01 0.000000e+00
598 3.200000e-01 7.424000e-01 0.000000e+00
599 3.200000e-01 7.792000e-01 0.000000e+00
600 3.200000e-01 8.160000e-01 0.000000e+00
601 3.200000e-01 8.528000e-01 0.000000e+00
602 3.200000e-01 8.896000e-01 0.000000e+00
603 3.200000e-01 9.264000e-01 0.000000e+00
604 3.200000e-01 9.632000e-01 0.000000e+00
605 2.400000e-01 9.760000e-02 0.000000e+00
606 2.400000e-01 1.352000e-01 0.000000e+00
607 2.400000e-01 1.728000e-01 0.000000e+00
608 2.400000e-01 2.104000e-01 0.000000e+00
609 2.400000e-01 2.480000e-01 0.000000e+00
610 2.400000e-01 2.856000e-01 0.000000e+00
611 2.400000e-01 3.232000e-01 0.000000e+00
612 2.400000e-01 3.608000e-01 0.000000e+00
613 2.400000e-01 3.984000e-01 0.000000e+00
614 2.400000e-01 4.360000e-01 0.000000e+00
615 2.400000e-01 4.736000e-01 0.000000e+00
616 2.400000e-01 5.112000e-01 0.000000e+00
617 2.400000e-01 5.488000e-01 0.000000e+00
618 2.400000e-01 5.864000e-01 0.000000e+00
619 2.400000e-01 6.240000e-01 0.000000e+00
620 2.400000e-01 6.616000e-01 0.000000e+00
621 2.400000e-01 6.992000e-01 0.000000e+00
622 2.400000e-01 7.368000e-01 0.000000e+00
623 2.400000e-01 7.744000e-01 0.000000e+00
624 2.400000e-01 8.120000e-01 0.000000e+00
625 2.400000e-01 8.496000e-01 0.000000e+00
626 2.400000e-01 8.872000e-01 0.000000e+00
627 2.400000e-01 9.248000e-01 0.000000e+00
628 2.400000e-01 9.624000e-01 0.000000e+00
629 1.600000e-01 7.840000e-02 0.000000e+00
630 1.600000e-01 1.168000e-01 0.000000e+00
631 1.600000e-01 1.552000e-01 0.000000e+00
632 1.600000e-01 1.936000e-01 0.000000e+00
633 1.600000e-01 2.320000e-01 0.000000e+00
634 1.600000e-01 2.704000e-01 0.000000e+00
635 1.600000e-01 3.088000e-01 0.000000e+00
636 1.600000e-01 3.472000e-01 0.000000e+00
637 1.600000e-01 3.856000e-01 0.000000e+00
638 1.600000e-01 4.240000e-01 0.000000e+00
639 1.600000e-01 4.624000e-01 0.000000e+00
640 1.600000e-01 5.008000e-01 0.000000e+00
641 1.600000e-01 5.392000e-01 0.000000e+00
642 1.600000e-01 5.776000e-01 0.000000e+00
643 1.600000e-01 6.160000e-01 0.000000e+00
644 1.600000e-01 6.544000e-01 0.000000e+00
645 1.600000e-01 6.928000e-01 0.000000e+00
646 1.600000e-01 7.312000e-01 0.000000e+00
647 1.600000e-01 7.696000e-01 0.000000e+00
648 1.600000e-01 8.080000e-01 0.000000e+00
649 1.600000e-01 8.464000e-01 0.000000e+00
650 1.600000e-01 8.848000e-01 0.000000e+00
651 1.600000e-01 9.232000e-01 0.000000e+00
652 1.600000e-01 9.616000e-01 0.000000e+00
653 8.000000e-02 5.920000e-02 0.000000e+00
654 8.000000e-02 9.840000e-02 0.000000e+00
655 8.000000e-02 1.376000e-01 0.000000e+00
656 8.000000e-02 1.768000e-01 0.000000e+00
657 8.000000e-02 2.160000e-01 0.000000e+00
658 8.000000e-02 2.552000e-01 0.000000e+00
659 8.000000e-02 2.944000e-01 0.000000e+00
660 8.000000e-02 3.336000e-01 0.000000e+00
661 8.000000e-02 3.728000e-01 0.000000e+00
662 8.000000e-02 4.120000e-01 0.000000e+00
663 8.000000e-02 4.512000e-01 0.000000e+00
664 8.000000e-02 4.904000e-01 0.000000e+00
665 8.000000e-02 5.296000e-01 0.000000e+00
666 8.000000e-02 5.688000e-01 0.000000e+00
667 8.000000e-02 6.080000e-01 0.000000e+00
668 8.000000e-02 6.472000e-01 0.000000e+00
669 8.000000e-02 6.864000e-01 0.000000e+00
670 8.000000e-02 7.256000e-01 0.000000e+00
671 8.000000e-02 7.648000e-01 0.000000e+00
672 8.000000e-02 8.040000e-01 0.000000e+00
673 8.000000e-02 8.432000e-01 0.000000e+00
674 8.000000e-02 8.824000e-01 0.000000e+00
675 8.000000e-02 9.216000e-01 0.000000e+00
676 8.000000e-02 9.608000e-01 0.000000e+00

1 102 1 5 
2 102 5 6 
3 102 6 7 
4 102 7 8 
5 102 8 9 
6 102 9 10 
7 102 10 11 
8 102 11 12 
9 102 12 13 
10 102 13 14 
11 102 14 15 
12 102 15 16 
13 102 16 17 
14 102 17 18 
15 102 18 19 
16 102 19 20 
17 102 20 21 
18 102 21 22 
19 102 22 23 
20 102 23 24 
21 102 24 25 
22 102 25 26 
23 102 26 27 
24 102 27 28 
25 102 28 2 
26 102 2 29 
27 102 29 30 
28 102 30 31 
29 102 31 32 
30 102 32 33 
31 102 33 34 
32 102 34 35 
33 102 35 36 
34 102 36 37 
35 102 37 38 
36 102 38 39 
37 102 39 40 
38 102 40 41 
39 102 41 42 
40 102 42 43 
41 102 43 44 
42 102 44 45 
43 102 45 46 
44 102 46 47 
45 102 47 48 
46 102 48 49 
47 102 49 50 
48 102 50 51 
49 102 51 52 
50 102 52 3 
51 102 3 53 
52 102 53 54 
53 102 54 55 
54 102 55 56 
55 102 56 57 
56 102 57 58 
57 102 58 59 
58 102 59 60 
59 102 60 61 
60 102 61 62 
61 102 62 63 
62 102 63 64 
63 102 64 65 
64 102 65 66 
65 102 66 67 
66 102 67 68 
67 102 68 69 
68 102 69 70 
69 102 70 71 
70 102 71 72 
71 102 72 73 
72 102 73 74 
73 102 74 75 
74 102 75 76 
75 102 76 4 
76 102 4 77 
77 102 77 78 
78 102 78 79 
79 102 79 80 
80 102 80 81 
81 102 81 82 
82 102 82 83 
83 102 83 84 
84 102 84 85 
85 102 85 86 
86 102 86 87 
87 102 87 88 
88 102 88 89 
89 102 89 90 
90 102 90 91 
91 102 91 92 
92 102 92 93 
93 102 93 94 
94 102 94 95 
95 102 95 96 
96 102 96 97 
97 102 97 98 
98 102 98 99 
99 102 99 100 
100 102 100 1 

101 204 2 28 101 29 
102 204 29 101 102 30 
103 204 30 102 103 31 
104 204 31 103 104 32 
105 204 32 104 105 33 
106 204 33 105 106 34 
107 204 34 106 107 35 
108 204 35 107 108 36 
109 204 36 108 109 37 
110 204 37 109 110 38 
111 204 38 110 111 39 
112 204 39 111 112 40 
113 204 40 112 113 41 
114 204 41 113 114 42 
115 204 42 114 115 43 
116 204 43 115 116 44 
117 204 44 116 117 45 
118 204 45 117 118 46 
119 204 46 118 119 47 
120 204 47 119 120 48 
121 204 48 120 121 49 
122 204 49 121 122 50 
123 204 50 122 123 51 
124 204 51 123 124 52 
125 204 52 124 53 3 
126 204 28 27 125 101 
127 204 101 125 126 102 
128 204 102 126 127 103 
129 204 103 127 128 104 
130 204 104 128 129 105 
131 204 105 129 130 106 
132 204 106 130 131 107 
133 204 107 131 132 108 
134 204 108 132 133 109 
135 204 109 133 134 110 
136 204 110 134 135 111 
137 204 111 135 136 112 
138 204 112 136 137 113 
139 204 113 137 138 114 
140 204 114 138 139 115 
141 204 115 139 140 116 
142 204 116 140 141 117 
143 204 117 141 142 118 
144 204 118 142 143 119 
145 204 119 143 144 120 
146 204 120 144 145 121 
147 204 121 145 146 122 
148 204 122 146 147 123 
149 204 123 147 148 124 
150 204 124 148 54 53 
151 204 27 26 149 125 
152 204 125 149 150 126 
153 204 126 150 151 127 
154 204 127 151 152 128 
155 204 128 152 153 129 
156 204 129 153 154 130 
157 204 130 154 155 131 
158 204 131 155 156 132 
159 204 132 156 157 133 
160 204 133 157 158 134 
161 204 134 158 159 135 
162 204 135 159 160 136 
163 204 136 160 161 137 
164 204 137 161 162 138 
165 204 138 162 163 139 
166 204 139 163 164 140 
167 204 140 164 165 141 
168 204 141 165 166 142 
169 204 142 166 167 143 
170 204 143 167 168 144 
171 204 144 168 169 145 
172 204 145 169 170 146 
173 204 146 170 171 147 
174 204 147 171 172 148 
175 204 148 172 55 54 
176 204 26 25 173 149 
177 204 149 173 174 150 
178 204 150 174 175 151 
179 204 151 175 176 152 
180 204 152 176 177 153 
181 204 153 177 178 154 
182 204 154 178 179 155 
183 204 155 179 180 156 
184 204 156 180 181 157 
185 204 157 181 182 158 
186 204 158 182 183 159 
187 204 159 183 184 160 
188 204 160 184 185 161 
189 204 161 185 186 162 
190 204 162 186 187 163 
191 204 163 187 188 164 
192 204 164 188 189 165 
193 204 165 189 190 166 
194 204 166 190 191 167 
195 204 167 191 192 168 
196 204 168 192 193 169 
197 204 169 193 194 170 
198 204 170 194 195 171 
199 204 171 195 196 172 
200 204 172 196 56 55 
201 204 25 24 197 173 
202 204 173 197 198 174 
203 204 174 198 199 175 
204 204 175 199 200 176 
205 204 176 200 201 177 
206 204 177 201 202 178 
207 204 178 202 203 179 
208 204 179 203 204 180 
209 204 180 204 205 181 
210 204 181 205 206 182 
211 204 182 206 207 183 
212 204 183 207 208 184 
213 204 184 208 209 185 
214 204 185 209 210 186 
215 204 186 210 211 187 
216 204 187 211 212 188 
217 204 188 212 213 189 
218 204 189 213 214 190 
219 204 190 214 215 191 
220 204 191 215 216 192 
221 204 192 216 217 193 
222 204 193 217 218 194 
223 204 194 218 219 195 
224 204 195 219 220 196 
225 204 196 220 57 56 
226 204 24 23 221 197 
227 204 197 221 222 198 
228 204 198 222 223 199 
229 204 199 223 224 200 
230 204 200 224 225 201 
231 204 201 225 226 202 
232 204 202 226 227 203 
233 204 203 227 228 204 
234 204 204 228 229 205 
235 204 205 229 230 206 
236 204 206 230 231 207 
237 204 207 231 232 208 
238 204 208 232 233 209 
239 204 209 233 234 210 
240 204 210 234 235 211 
241 204 211 235 236 212 
242 204 212 236 237 213 
243 204 213 237 238 214 
244 204 214 238 239 215 
245 204 215 239 240 216 
246 204 216 240 241 217 
247 204 217 241 242 218 
248 204 218 242 243 219 
249 204 219 243 244 220 
250 204 220 244 58 57 
251 204 23 22 245 221 
252 204 221 245 246 222 
253 204 222 246 247 223 
254 204 223 247 248 224 
255 204 224 248 249 225 
256 204 225 249 250 226 
257 204 226 250 251 227 
258 204 227 251 252 228 
259 204 228 252 253 229 
260 204 229 253 254 230 
261 204 230 254 255 231 
262 204 231 255 256 232 
263 204 232 256 257 233 
264 204 233 257 258 234 
265 204 234 258 259 235 
266 204 235 259 260 236 
267 204 236 260 261 237 
268 204 237 261 262 238 
269 204 238 262 263 239 
270 204 239 263 264 240 
271 204 240 264 265 241 
272 204 241 265 266 242 
273 204 242 266 267 243 
274 204 243 267 268 244 
275 204 244 268 59 58 
276 204 22 21 269 245 
277 204 245 269 270 246 
278 204 246 270 271 247 
279 204 247 271 272 248 
280 204 248 272 273 249 
281 204 249 273 274 250 
282 204 250 274 275 251 
283 204 251 275 276 252 
284 204 252 276 277 253 
285 204 253 277 278 254 
286 204 254 278 279 255 
287 204 255 279 280 256 
288 204 256 280 281 257 
289 204 257 281 282 258 
290 204 258 282 283 259 
291 204 259 283 284 260 
292 204 260 284 285 261 
293 204 261 285 286 262 
294 204 262 286 287 263 
295 204 263 287 288 264 
296 204 264 288 289 265 
297 204 265 289 290 266 
298 204 266 290 291 267 
299 204 267 291 292 268 
300 204 268 292 60 59 
301 204 21 20 293 269 
302 204 269 293 294 270 
303 204 270 294 295 271 
304 204 271 295 296 272 
305 204 272 296 297 273 
306 204 273 297 298 274 
307 204 274 298 299 275 
308 204 275 299 300 276 
309 204 276 300 301 277 
310 204 277 301 302 278 
311 204 278 302 303 279 
312 204 279 303 304 280 
313 204 280 304 305 281 
314 204 281 305 306 282 
315 204 282 306 307 283 
316 204 283 307 308 284 
317 204 284 308 309 285 
318 204 285 309 310 286 
319 204 286 310 311 287 
320 204 287 311 312 288 
321 204 288 312 313 289 
322 204 289 313 314 290 
323 204 290 314 315 291 
324 204 291 315 316 292 
325 204 292 316 61 60 
326 204 20 19 317 293 
327 204 293 317 318 294 
328 204 294 318 319 295 
329 204 295 319 320 296 
330 204 296 320 321 297 
331 204 297 321 322 298 
332 204 298 322 323 299 
333 204 299 323 324 300 
334 204 300 324 325 301 
335 204 301 325 326 302 
336 204 302 326 327 303 
337 204 303 327 328 304 
338 204 304 328 329 305 
339 204 305 329 330 306 
340 204 306 330 331 307 
341 204 307 331 332 308 
342 204 308 332 333 309 
343 204 309 333 334 310 
344 204 310 334 335 311 
345 204 311 335 336 312 
346 204 312 336 337 313 
347 204 313 337 338 314 
348 204 314 338 339 315 
349 204 315 339 340 316 
350 204 316 340 62 61 
351 204 19 18 341 317 
352 204 317 341 342 318 
353 204 318 342 343 319 
354 204 319 343 344 320 
355 204 320 344 345 321 
356 204 321 345 346 322 
357 204 322 346 347 323 
358 204 323 347 348 324 
359 204 324 348 349 325 
360 204 325 349 350 326 
361 204 326 350 351 327 
362 204 327 351 352 328 
363 204 328 352 353 329 
364 204 329 353 354 330 
365 204 330 354 355 331 
366 204 331 355 356 332 
367 204 332 356 357 333 
368 204 333 357 358 334 
369 204 334 358 359 335 
370 204 335 359 360 336 
371 204 336 360 361 337 
372 204 337 361 362 338 
373 204 338 362 363 339 
374 204 339 363 364 340 
375 204 340 364 63 62 
376 204 18 17 365 341 
377 204 341 365 366 342 
378 204 342 366 367 343 
379 204 343 367 368 344 
380 204 344 368 369 345 
381 204 345 369 370 346 
382 204 346 370 371 347 
383 204 347 371 372 348 
384 204 348 372 373 349 
385 204 349 373 374 350 
386 204 350 374 375 351 
387 204 351 375 376 352 
388 204 352 376 377 353 
389 204 353 377 378 354 
390 204 354 378 379 355 
391 204 355 379 380 356 
392 204 356 380 381 357 
393 204 357 381 382 358 
394 204 358 382 383 359 
395 204 359 383 384 360 
396 204 360 384 385 361 
397 204 361 385 386 362 
398 204 362 386 387 363 
399 204 363 387 388 364 
400 204 364 388 64 63 
401 204 17 16 389 365 
402 204 365 389 390 366 
403 204 366 390 391 367 
404 204 367 391 392 368 
405 204 368 392 393 369 
406 204 369 393 394 370 
407 204 370 394 395 371 
408 204 371 395 396 372 
409 204 372 396 397 373 
410 204 373 397 398 374 
411 204 374 398 399 375 
412 204 375 399 400 376 
413 204 376 400 401 377 
414 204 377 401 402 378 
415 204 378 402 403 379 
416 204 379 403 404 380 
417 204 380 404 405 381 
418 204 381 405 406 382 
419 204 382 406 407 383 
420 204 383 407 408 384 
421 204 384 408 409 385 
422 204 385 409 410 386 
423 204 386 410 411 387 
424 204 387 411 412 388 
425 204 388 412 65 64 
426 204 16 15 413 389 
427 204 389 413 414 390 
428 204 390 414 415 391 
429 204 391 415 416 392 
430 204 392 416 417 393 
431 204 393 417 418 394 
432 204 394 418 419 395 
433 204 395 419 420 396 
434 204 396 420 421 397 
435 204 397 421 422 398 
436 204 398 422 423 399 
437 204 399 423 424 400 
438 204 400 424 425 401 
439 204 401 425 426 402 
440 204 402 426 427 403 
441 204 403 427 428 404 
442 204 404 428 429 405 
443 204 405 429 430 406 
444 204 406 430 431 407 
445 204 407 431 432 408 
446 204 408 432 433 409 
447 204 409 433 434 410 
448 204 410 434 435 411 
449 204 411 435 436 412 
450 204 412 436 66 65 
451 204 15 14 437 413 
452 204 413 437 438 414 
453 204 414 438 439 415 
454 204 415 439 440 416 
455 204 416 440 441 417 
456 204 417 441 442 418 
457 204 418 442 443 419 
458 204 419 443 444 420 
459 204 420 444 445 421 
460 204 421 445 446 422 
461 204 422 446 447 423 
462 204 423 447 448 424 
463 204 424 448 449 425 
464 204 425 449 450 426 
465 204 426 450 451 427 
466 204 427 451 452 428 
467 204 428 452 453 429 
468 204 429 453 454 430 
469 204 430 454 455 431 
470 204 431 455 456 432 
471 204 432 456 457 433 
472 204 433 457 458 434 
473 204 434 458 459 435 
474 204 435 459 460 436 
475 204 436 460 67 66 
476 204 14 13 461 437 
477 204 437 461 462 438 
478 204 438 462 463 439 
479 204 439 463 464 440 
480 204 440 464 465 441 
481 204 441 465 466 442 
482 204 442 466 467 443 
483 204 443 467 468 444 
484 204 444 468 469 445 
485 204 445 469 470 446 
486 204 446 470 471 447 
487 204 447 471 472 448 
488 204 448 472 473 449 
489 204 449 473 474 450 
490 204 450 474 475 451 
491 204 451 475 476 452 
492 204 452 476 477 453 
493 204 453 477 478 454 
494 204 454 478 479 455 
495 204 455 479 480 456 
496 204 456 480 481 457 
497 204 457 481 482 458 
498 204 458 482 483 459 
499 204 459 483 484 460 
500 204 460 484 68 67 
501 204 13 12 485 461 
502 204 461 485 486 462 
503 204 462 486 487 463 
504 204 463 487 488 464 
505 204 464 488 489 465 
506 204 465 489 490 466 
507 204 466 490 491 467 
508 204 467 491 492 468 
509 204 468 492 493 469 
510 204 469 493 494 470 
511 204 470 494 495 471 
512 204 471 495 496 472 
513 204 472 496 497 473 
514 204 473 497 498 474 
515 204 474 498 499 475 
516 204 475 499 500 476 
517 204 476 500 501 477 
518 204 477 501 502 478 
519 204 478 502 503 479 
520 204 479 503 504 480 
521 204 480 504 505 481 
522 204 481 505 506 482 
523 204 482 506 507 483 
524 204 483 507 508 484 
525 204 484 508 69 68 
526 204 12 11 509 485 
527 204 485 509 510 486 
528 204 486 510 511 487 
529 204 487 511 512 488 
530 204 488 512 513 489 
531 204 489 513 514 490 
532 204 490 514 515 491 
533 204 491 515 516 492 
534 204 492 516 517 493 
535 204 493 517 518 494 
536 204 494 518 519 495 
537 204 495 519 520 496 
538 204 496 520 521 497 
539 204 497 521 522 498 
540 204 498 522 523 499 
541 204 499 523 524 500 
542 204 500 524 525 501 
543 204 501 525 526 502 
544 204 502 526 527 503 
545 204 503 527 528 504 
546 204 504 528 529 505 
547 204 505 529 530 506 
548 204 506 530 531 507 
549 204 507 531 532 508 
550 204 508 532 70 69 
551 204 11 10 533 509 
552 204 509 533 534 510 
553 204 510 534 535 511 
554 204 511 535 536 512 
555 204 512 536 537 513 
556 204 513 537 538 514 
557 204 514 538 539 515 
558 204 515 539 540 516 
559 204 516 540 541 517 
560 204 517 541 542 518 
561 204 518 542 543 519 
562 204 519 543 544 520 
563 204 520 544 545 521 
564 204 521 545 546 522 
565 204 522 546 547 523 
566 204 523 547 548 524 
567 204 524 548 549 525 
568 204 525 549 550 526 
569 204 526 550 551 527 
570 204 527 551 552 528 
571 204 528 552 553 529 
572 204 529 553 554 530 
573 204 530 554 555 531 
574 204 531 555 556 532 
575 204 532 556 71 70 
576 204 10 9 557 533 
577 204 533 557 558 534 
578 204 534 558 559 535 
579 204 535 559 560 536 
580 204 536 560 561 537 
581 204 537 561 562 538 
582 204 538 562 563 539 
583 204 539 563 564 540 
584 204 540 564 565 541 
585 204 541 565 566 542 
586 204 542 566 567 543 
587 204 543 567 568 544 
588 204 544 568 569 545 
589 204 545 569 570 546 
590 204 546 570 571 547 
591 204 547 571 572 548 
592 204 548 572 573 549 
593 204 549 573 574 550 
594 204 550 574 575 551 
595 204 551 575 576 552 
596 204 552 576 577 553 
597 204 553 577 578 554 
598 204 554 578 579 555 
599 204 555 579 580 556 
600 204 556 580 72 71 
601 204 9 8 581 557 
602 204 557 581 582 558 
603 204 558 582 583 559 
604 204 559 583 584 560 
605 204 560 584 585 561 
606 204 561 585 586 562 
607 204 562 586 587 563 
608 204 563 587 588 564 
609 204 564 588 589 565 
610 204 565 589 590 566 
611 204 566 590 591 567 
612 204 567 591 592 568 
613 204 568 592 593 569 
614 204 569 593 594 570 
615 204 570 594 595 571 
616 204 571 595 596 572 
617 204 572 596 597 573 
618 204 573 597 598 574 
619 204 574 598 599 575 
620 204 575 599 600 576 
621 204 576 600 601 577 
622 204 577 601 602 578 
623 204 578 602 603 579 
624 204 579 603 604 580 
625 204 580 604 73 72 
626 204 8 7 605 581 
627 204 581 605 606 582 
628 204 582 606 607 583 
629 204 583 607 608 584 
630 204 584 608 609 585 
631 204 585 609 610 586 
632 204 586 610 611 587 
633 204 587 611 612 588 
634 204 588 612 613 589 
635 204 589 613 614 590 
636 204 590 614 615 591 
637 204 591 615 616 592 
638 204 592 616 617 593 
639 204 593 617 618 594 
640 204 594 618 619 595 
641 204 595 619 620 596 
642 204 596 620 621 597 
643 204 597 621 622 598 
644 204 598 622 623 599 
645 204 599 623 624 600 
646 204 600 624 625 601 
647 204 601 625 626 602 
648 204 602 626 627 603 
649 204 603 627 628 604 
650 204 604 628 74 73 
651 204 7 6 629 605 
652 204 605 629 630 606 
653 204 606 630 631 607 
654 204 607 631 632 608 
655 204 608 632 633 609 
656 204 609 633 634 610 
657 204 610 634 635 611 
658 204 611 635 636 612 
659 204 612 636 637 613 
660 204 613 637 638 614 
661 204 614 638 639 615 
662 204 615 639 640 616 
663 204 616 640 641 617 
664 204 617 641 642 618 
665 204 618 642 643 619 
666 204 619 643 644 620 
667 204 620 644 645 621 
668 204 621 645 646 622 
669 204 622 646 647 623 
670 204 623 647 648 624 
671 204 624 648 649 625 
672 204 625 649 650 626 
673 204 626 650 651 627 
674 204 627 651 652 628 
675 204 628 652 75 74 
676 204 6 5 653 629 
677 204 629 653 654 630 
678 204 630 654 655 631 
679 204 631 655 656 632 
680 204 632 656 657 633 
681 204 633 657 658 634 
682 204 634 658 659 635 
683 204 635 659 660 636 
684 204 636 660 661 637 
685 204 637 661 662 638 
686 204 638 662 663 639 
687 204 639 663 664 640 
688 204 640 664 665 641 
689 204 641 665 666 642 
690 204 642 666 667 643 
691 204 643 667 668 644 
692 204 644 668 669 645 
693 204 645 669 670 646 
694 204 646 670 671 647 
695 204 647 671 672 648 
696 204 648 672 673 649 
697 204 649 673 674 650 
698 204 650 674 675 651 
699 204 651 675 676 652 
700 204 652 676 76 75 
701 204 5 1 100 653 
702 204 653 100 99 654 
703 204 654 99 98 655 
704 204 655 98 97 656 
705 204 656 97 96 657 
706 204 657 96 95 658 
707 204 658 95 94 659 
708 204 659 94 93 660 
709 204 660 93 92 661 
710 204 661 92 91 662 
711 204 662 91 90 663 
712 204 663 90 89 664 
713 204 664 89 88 665 
714 204 665 88 87 666 
715 204 666 87 86 667 
716 204 667 86 85 668 
717 204 668 85 84 669 
718 204 669 84 83 670 
719 204 670 83 82 671 
720 204 671 82 81 672 
721 204 672 81 80 673 
722 204 673 80 79 674 
723 204 674 79 78 675 
724 204 675 78 77 676 
725 204 676 77 4 76 
