160 322
1 -2.067766e-02 1.136809e-02 0.000000e+00
2 -2.042710e-02 8.814894e-03 0.000000e+00
3 -2.067766e-02 1.191064e-02 0.000000e+00
4 -1.940106e-02 8.297872e-03 0.000000e+00
5 -2.118830e-02 1.242128e-02 0.000000e+00
6 -1.812447e-02 8.297872e-03 0.000000e+00
7 -3.472021e-02 1.242128e-02 0.000000e+00
8 4.468085e-03 3.829787e-03 0.000000e+00
9 -3.523085e-02 1.191064e-02 0.000000e+00
10 2.591300e-02 3.829787e-03 0.000000e+00
11 -3.523085e-02 1.136809e-02 0.000000e+00
12 2.769987e-02 4.559271e-03 0.000000e+00
13 -3.523085e-02 8.814894e-03 0.000000e+00
14 3.216702e-02 6.382979e-03 0.000000e+00
15 -3.523085e-02 7.761702e-03 0.000000e+00
16 3.855000e-02 -2.796402e-14 0.000000e+00
17 -3.650745e-02 6.485106e-03 0.000000e+00
18 3.216702e-02 -6.382979e-03 0.000000e+00
19 -3.688991e-02 6.485106e-03 0.000000e+00
20 2.769987e-02 -4.559271e-03 0.000000e+00
21 -3.740055e-02 5.974468e-03 0.000000e+00
22 2.591300e-02 -3.829787e-03 0.000000e+00
23 -3.740055e-02 5.564282e-03 0.000000e+00
24 4.468085e-03 -3.829787e-03 0.000000e+00
25 -3.760954e-02 4.552594e-03 0.000000e+00
26 -1.812447e-02 -8.297872e-03 0.000000e+00
27 -3.760954e-02 -4.552594e-03 0.000000e+00
28 -1.940106e-02 -8.297872e-03 0.000000e+00
29 -3.740055e-02 -5.564282e-03 0.000000e+00
30 -2.042710e-02 -8.814894e-03 0.000000e+00
31 -3.740055e-02 -5.974468e-03 0.000000e+00
32 -2.067766e-02 -1.136809e-02 0.000000e+00
33 -3.688991e-02 -6.485106e-03 0.000000e+00
34 -2.067766e-02 -1.191064e-02 0.000000e+00
35 -3.650745e-02 -6.485106e-03 0.000000e+00
36 -2.118830e-02 -1.242128e-02 0.000000e+00
37 -3.523085e-02 -7.761702e-03 0.000000e+00
38 -3.472021e-02 -1.242128e-02 0.000000e+00
39 -3.523085e-02 -8.814894e-03 0.000000e+00
40 -3.523085e-02 -1.191064e-02 0.000000e+00
41 -3.523085e-02 -1.136809e-02 0.000000e+00
42 2.833723e-02 -1.157350e-12 0.000000e+00
43 3.216702e-02 -3.829787e-03 0.000000e+00
44 3.216702e-02 3.829787e-03 0.000000e+00
45 3.599681e-02 -8.134639e-13 0.000000e+00
46 -1.956217e-02 -1.565906e-12 0.000000e+00
47 -2.706064e-02 7.498468e-03 0.000000e+00
48 -2.706064e-02 -7.498468e-03 0.000000e+00
49 -3.455911e-02 -2.239207e-12 0.000000e+00
50 -3.020957e-02 1.242128e-02 0.000000e+00
51 -2.569894e-02 1.242128e-02 0.000000e+00
52 -1.376802e-02 6.722080e-03 0.000000e+00
53 -9.304618e-03 5.481216e-03 0.000000e+00
54 -4.759961e-03 4.582428e-03 0.000000e+00
55 -1.602285e-04 4.030893e-03 0.000000e+00
56 8.757069e-03 3.829787e-03 0.000000e+00
57 1.304605e-02 3.829787e-03 0.000000e+00
58 1.733504e-02 3.829787e-03 0.000000e+00
59 2.162402e-02 3.829787e-03 0.000000e+00
60 3.535851e-02 5.527821e-03 0.000000e+00
61 3.769484e-02 3.191490e-03 0.000000e+00
62 3.769484e-02 -3.191490e-03 0.000000e+00
63 3.535851e-02 -5.527821e-03 0.000000e+00
64 2.162402e-02 -3.829787e-03 0.000000e+00
65 1.733504e-02 -3.829787e-03 0.000000e+00
66 1.304605e-02 -3.829787e-03 0.000000e+00
67 8.757069e-03 -3.829787e-03 0.000000e+00
68 -1.602285e-04 -4.030893e-03 0.000000e+00
69 -4.759961e-03 -4.582428e-03 0.000000e+00
70 -9.304618e-03 -5.481216e-03 0.000000e+00
71 -1.376802e-02 -6.722080e-03 0.000000e+00
72 -3.855000e-02 8.186371e-13 0.000000e+00
73 -2.569894e-02 -1.242128e-02 0.000000e+00
74 -3.020957e-02 -1.242128e-02 0.000000e+00
75 2.945895e-02 -2.708069e-03 0.000000e+00
76 2.945895e-02 2.708068e-03 0.000000e+00
77 3.487509e-02 -2.708068e-03 0.000000e+00
78 3.487509e-02 2.708069e-03 0.000000e+00
79 -2.056677e-02 3.749235e-03 0.000000e+00
80 -2.331140e-02 6.493864e-03 0.000000e+00
81 -2.331140e-02 -6.493864e-03 0.000000e+00
82 -2.056677e-02 -3.749235e-03 0.000000e+00
83 -3.355450e-02 -3.749235e-03 0.000000e+00
84 -3.080987e-02 -6.493864e-03 0.000000e+00
85 -3.080987e-02 6.493864e-03 0.000000e+00
86 -3.355450e-02 3.749235e-03 0.000000e+00
87 6.143046e-03 -1.933897e-03 0.000000e+00
88 -7.091834e-03 -2.534281e-03 0.000000e+00
89 3.622445e-02 -2.329817e-03 0.000000e+00
90 2.158400e-02 -1.686485e-03 0.000000e+00
91 -2.548556e-02 -9.576642e-03 0.000000e+00
92 -3.610306e-02 -3.355621e-03 0.000000e+00
93 -3.305483e-02 -8.974463e-03 0.000000e+00
94 -3.420024e-02 -6.145103e-03 0.000000e+00
95 -2.902183e-02 9.432233e-03 0.000000e+00
96 -3.417992e-02 6.347851e-03 0.000000e+00
97 -3.603970e-02 4.295645e-03 0.000000e+00
98 2.437766e-02 2.171868e-03 0.000000e+00
99 2.892867e-02 -2.679044e-03 0.000000e+00
100 -1.781975e-02 3.238397e-03 0.000000e+00
101 -2.246682e-02 9.508634e-03 0.000000e+00
102 -1.079136e-02 2.792270e-03 0.000000e+00
103 -1.430012e-02 -3.246174e-03 0.000000e+00
104 1.087199e-02 2.063139e-03 0.000000e+00
105 1.934813e-02 2.188987e-03 0.000000e+00
106 1.557827e-02 -1.916958e-03 0.000000e+00
107 -8.584788e-05 -1.766430e-03 0.000000e+00
108 2.299666e-03 2.231503e-03 0.000000e+00
109 -3.237107e-03 2.390154e-03 0.000000e+00
110 -3.303527e-02 9.392396e-03 0.000000e+00
111 -2.545321e-02 9.649150e-03 0.000000e+00
112 -3.721551e-02 6.536634e-04 0.000000e+00
113 -1.669716e-02 5.662064e-03 0.000000e+00
114 -1.431918e-02 3.339095e-03 0.000000e+00
115 -1.610218e-02 7.225637e-05 0.000000e+00
116 -1.781286e-02 -3.124783e-03 0.000000e+00
117 -1.257247e-02 7.712675e-05 0.000000e+00
118 -8.968494e-03 9.397963e-05 0.000000e+00
119 -1.075762e-02 -2.691130e-03 0.000000e+00
120 -1.949786e-02 -6.326701e-03 0.000000e+00
121 -2.257280e-02 -9.444720e-03 0.000000e+00
122 -1.208390e-02 -4.648432e-03 0.000000e+00
123 -1.668773e-02 -5.568176e-03 0.000000e+00
124 -2.933198e-02 -9.507368e-03 0.000000e+00
125 -1.949985e-02 6.381280e-03 0.000000e+00
126 1.491161e-02 2.159910e-03 0.000000e+00
127 8.813727e-03 1.195688e-04 0.000000e+00
128 1.291553e-02 1.219887e-04 0.000000e+00
129 1.087494e-02 -1.931402e-03 0.000000e+00
130 1.682631e-02 6.035120e-04 0.000000e+00
131 2.012598e-02 1.833393e-04 0.000000e+00
132 1.873412e-02 -1.898687e-03 0.000000e+00
133 3.711777e-02 1.942157e-05 0.000000e+00
134 2.432806e-02 -1.982898e-03 0.000000e+00
135 3.621219e-02 2.364954e-03 0.000000e+00
136 2.310398e-02 1.380057e-04 0.000000e+00
137 2.169946e-02 1.866726e-03 0.000000e+00
138 2.874380e-02 3.472973e-03 0.000000e+00
139 2.588864e-02 1.097220e-04 0.000000e+00
140 2.932433e-03 -1.953509e-03 0.000000e+00
141 -3.228038e-03 -2.210613e-03 0.000000e+00
142 4.868495e-03 6.117205e-04 0.000000e+00
143 6.799490e-03 2.157731e-03 0.000000e+00
144 -5.272087e-03 1.125331e-04 0.000000e+00
145 -7.084857e-03 2.661287e-03 0.000000e+00
146 -1.951140e-04 1.942839e-03 0.000000e+00
147 -1.743574e-03 1.135688e-04 0.000000e+00
148 1.458225e-03 1.810265e-04 0.000000e+00
149 -2.317889e-02 -1.105884e-02 0.000000e+00
150 -2.764639e-02 1.101918e-02 0.000000e+00
151 2.691158e-02 -2.163817e-03 0.000000e+00
152 -1.213706e-02 4.588877e-03 0.000000e+00
153 -3.589433e-02 1.651727e-03 0.000000e+00
154 -2.769292e-02 -1.098622e-02 0.000000e+00
155 2.725072e-02 2.424111e-03 0.000000e+00
156 3.017619e-02 4.221697e-03 0.000000e+00
157 -3.647295e-02 -3.313909e-04 0.000000e+00
158 -2.304936e-02 1.111972e-02 0.000000e+00
159 -3.711529e-02 2.168363e-03 0.000000e+00
160 -3.254488e-02 -1.111506e-02 0.000000e+00
1 102 1 2 
2 102 3 1 
3 102 2 4 
4 102 5 3 
5 102 4 6 
6 102 7 50 
7 102 50 51 
8 102 51 5 
9 102 6 52 
10 102 52 53 
11 102 53 54 
12 102 54 55 
13 102 55 8 
14 102 9 7 
15 102 8 56 
16 102 56 57 
17 102 57 58 
18 102 58 59 
19 102 59 10 
20 102 11 9 
21 102 10 12 
22 102 13 11 
23 102 12 14 
24 102 15 13 
25 102 14 60 
26 102 60 61 
27 102 61 16 
28 102 17 15 
29 102 16 62 
30 102 62 63 
31 102 63 18 
32 102 19 17 
33 102 18 20 
34 102 21 19 
35 102 20 22 
36 102 23 21 
37 102 22 64 
38 102 64 65 
39 102 65 66 
40 102 66 67 
41 102 67 24 
42 102 25 23 
43 102 24 68 
44 102 68 69 
45 102 69 70 
46 102 70 71 
47 102 71 26 
48 102 27 72 
49 102 72 25 
50 102 26 28 
51 102 29 27 
52 102 28 30 
53 102 31 29 
54 102 30 32 
55 102 33 31 
56 102 32 34 
57 102 35 33 
58 102 34 36 
59 102 37 35 
60 102 36 73 
61 102 73 74 
62 102 74 38 
63 102 39 37 
64 102 38 40 
65 102 41 39 
66 102 40 41 
67 102 42 75 
68 102 75 43 
69 102 44 76 
70 102 76 42 
71 102 43 77 
72 102 77 45 
73 102 45 78 
74 102 78 44 
75 102 46 79 
76 102 79 80 
77 102 80 47 
78 102 48 81 
79 102 81 82 
80 102 82 46 
81 102 49 83 
82 102 83 84 
83 102 84 48 
84 102 47 85 
85 102 85 86 
86 102 86 49 
87 203 13 11 110 
88 203 110 11 7 
89 203 9 7 11 
90 203 7 50 110 
91 203 111 47 150 
92 203 112 72 159 
93 203 51 158 111 
94 203 3 1 5 
95 203 101 158 1 
96 203 99 20 151 
97 203 95 110 50 
98 203 25 159 72 
99 203 153 159 97 
100 203 112 157 72 
101 203 31 29 35 
102 203 94 35 92 
103 203 92 35 29 
104 203 35 33 31 
105 203 39 37 93 
106 203 94 93 37 
107 203 94 37 35 
108 203 114 52 152 
109 203 139 42 151 
110 203 36 73 149 
111 203 39 93 41 
112 203 38 40 41 
113 203 93 160 41 
114 203 72 92 27 
115 203 92 29 27 
116 203 114 100 113 
117 203 113 52 114 
118 203 115 46 100 
119 203 103 116 115 
120 203 118 117 102 
121 203 79 100 46 
122 203 115 116 46 
123 203 116 82 46 
124 203 119 103 117 
125 203 88 119 118 
126 203 117 118 119 
127 203 115 117 103 
128 203 114 102 117 
129 203 100 114 115 
130 203 117 115 114 
131 203 121 91 81 
132 203 91 48 81 
133 203 82 120 81 
134 203 120 30 81 
135 203 28 30 120 
136 203 120 26 28 
137 203 121 81 30 
138 203 95 50 150 
139 203 73 154 91 
140 203 138 76 155 
141 203 50 51 150 
142 203 36 149 32 
143 203 32 149 121 
144 203 91 121 149 
145 203 121 30 32 
146 203 34 36 32 
147 203 103 119 122 
148 203 119 88 70 
149 203 71 122 70 
150 203 119 70 122 
151 203 116 103 123 
152 203 120 123 26 
153 203 123 120 116 
154 203 116 120 82 
155 203 122 71 103 
156 203 134 139 151 
157 203 123 103 71 
158 203 26 123 71 
159 203 74 160 124 
160 203 73 91 149 
161 203 51 111 150 
162 203 84 94 83 
163 203 92 49 83 
164 203 94 92 83 
165 203 124 93 84 
166 203 93 94 84 
167 203 91 154 48 
168 203 124 84 48 
169 203 125 113 100 
170 203 52 113 6 
171 203 101 1 2 
172 203 125 80 2 
173 203 125 2 4 
174 203 113 125 6 
175 203 125 4 6 
176 203 101 80 111 
177 203 95 150 47 
178 203 125 79 80 
179 203 47 111 80 
180 203 101 2 80 
181 203 125 100 79 
182 203 49 153 86 
183 203 73 74 154 
184 203 5 1 158 
185 203 96 15 110 
186 203 13 110 15 
187 203 96 110 85 
188 203 110 95 85 
189 203 19 17 21 
190 203 96 97 17 
191 203 96 17 15 
192 203 85 95 47 
193 203 97 25 23 
194 203 97 96 86 
195 203 96 85 86 
196 203 97 23 17 
197 203 21 17 23 
198 203 58 126 57 
199 203 126 128 57 
200 203 105 130 58 
201 203 128 129 104 
202 203 129 67 127 
203 203 106 66 128 
204 203 127 104 129 
205 203 131 130 105 
206 203 132 106 130 
207 203 90 132 131 
208 203 130 131 132 
209 203 128 130 106 
210 203 126 58 130 
211 203 104 57 128 
212 203 130 128 126 
213 203 24 87 67 
214 203 65 132 64 
215 203 90 134 64 
216 203 90 64 132 
217 203 106 132 65 
218 203 66 106 65 
219 203 129 128 66 
220 203 67 129 66 
221 203 87 127 67 
222 203 16 62 133 
223 203 133 61 16 
224 203 63 18 43 
225 203 89 62 63 
226 203 89 133 62 
227 203 43 77 63 
228 203 99 43 20 
229 203 75 43 99 
230 203 18 20 43 
231 203 22 151 20 
232 203 134 151 22 
233 203 64 134 22 
234 203 78 135 45 
235 203 133 89 45 
236 203 89 77 45 
237 203 135 60 61 
238 203 45 135 133 
239 203 61 133 135 
240 203 60 44 14 
241 203 44 60 78 
242 203 131 136 90 
243 203 135 78 60 
244 203 137 98 136 
245 203 105 137 131 
246 203 136 131 137 
247 203 59 105 58 
248 203 137 59 98 
249 203 10 98 59 
250 203 137 105 59 
251 203 14 44 156 
252 203 14 156 12 
253 203 138 155 12 
254 203 92 72 157 
255 203 139 136 98 
256 203 134 90 136 
257 203 102 114 152 
258 203 136 139 134 
259 203 99 42 75 
260 203 89 63 77 
261 203 10 155 98 
262 203 139 155 42 
263 203 99 151 42 
264 203 138 156 76 
265 203 42 155 76 
266 203 140 87 24 
267 203 68 140 24 
268 203 107 68 141 
269 203 88 141 69 
270 203 70 88 69 
271 203 69 141 68 
272 203 107 140 68 
273 203 142 127 87 
274 203 143 56 127 
275 203 108 8 142 
276 203 127 142 143 
277 203 143 142 8 
278 203 56 143 8 
279 203 104 127 56 
280 203 57 104 56 
281 203 118 144 88 
282 203 145 109 144 
283 203 102 145 118 
284 203 144 118 145 
285 203 55 109 54 
286 203 102 152 53 
287 203 93 124 160 
288 203 145 102 53 
289 203 54 145 53 
290 203 109 145 54 
291 203 108 146 55 
292 203 147 144 109 
293 203 55 8 108 
294 203 146 109 55 
295 203 141 88 144 
296 203 107 141 147 
297 203 144 147 141 
298 203 142 148 108 
299 203 140 107 148 
300 203 87 140 142 
301 203 148 142 140 
302 203 147 148 107 
303 203 146 108 148 
304 203 109 146 147 
305 203 148 147 146 
306 203 38 41 160 
307 203 74 38 160 
308 203 153 112 159 
309 203 25 97 159 
310 203 51 5 158 
311 203 101 111 158 
312 203 49 92 157 
313 203 112 153 157 
314 203 138 12 156 
315 203 44 76 156 
316 203 10 12 155 
317 203 139 98 155 
318 203 124 48 154 
319 203 74 124 154 
320 203 49 157 153 
321 203 97 86 153 
322 203 52 53 152 
