390 782
1 -3.855000e-02 5.059817e-24 1.348840e-17
2 -3.523085e-02 -7.761702e-03 1.210224e-17
3 -3.523085e-02 7.761702e-03 1.210224e-17
4 -3.523085e-02 -1.136809e-02 1.226878e-17
5 -3.523085e-02 1.136809e-02 1.226878e-17
6 -3.417721e-02 -1.242128e-02 1.218551e-17
7 -3.417721e-02 1.242128e-02 1.218551e-17
8 -2.118830e-02 -1.242128e-02 6.939705e-18
9 -2.118830e-02 1.242128e-02 6.939705e-18
10 -2.042710e-02 -8.814894e-03 6.797911e-18
11 -2.042710e-02 8.814894e-03 6.797911e-18
12 -1.812447e-02 -8.297872e-03 6.051526e-18
13 -1.812447e-02 8.297872e-03 6.051526e-18
14 4.468085e-03 -3.829787e-03 -2.053102e-18
15 4.468085e-03 3.829787e-03 -2.053102e-18
16 2.591300e-02 -3.829787e-03 -9.047507e-18
17 2.591300e-02 3.829787e-03 -9.047507e-18
18 3.216702e-02 -6.382979e-03 -1.260022e-17
19 3.216702e-02 6.382979e-03 -1.437658e-17
20 3.855000e-02 -2.796445e-14 -1.348840e-17
21 -1.956217e-02 -1.565906e-12 6.939705e-18
22 -2.706064e-02 7.498468e-03 9.604240e-18
23 -2.706064e-02 -7.498468e-03 9.659751e-18
24 -3.455911e-02 -2.239207e-12 1.226878e-17
25 3.599681e-02 -8.134639e-13 -1.260022e-17
26 3.216702e-02 3.829787e-03 -1.348840e-17
27 3.216702e-02 -3.829787e-03 -1.479291e-17
28 2.833723e-02 -1.157350e-12 -9.935685e-18
29 -3.831454e-02 -2.314096e-03 1.344837e-17
30 -3.761736e-02 -4.533141e-03 1.321265e-17
31 -3.683218e-02 -6.490810e-03 1.318872e-17
32 -3.831454e-02 2.314096e-03 1.344837e-17
33 -3.761736e-02 4.533141e-03 1.321265e-17
34 -3.683218e-02 6.490810e-03 1.318872e-17
35 -3.523085e-02 -9.564894e-03 1.218551e-17
36 -3.523085e-02 9.564894e-03 1.218551e-17
37 -3.201239e-02 -1.242128e-02 1.131121e-17
38 -2.984757e-02 -1.242128e-02 1.043691e-17
39 -2.768276e-02 -1.242128e-02 9.562607e-18
40 -2.551794e-02 -1.242128e-02 8.688306e-18
41 -2.335312e-02 -1.242128e-02 7.814005e-18
42 -3.201239e-02 1.242128e-02 1.131121e-17
43 -2.984757e-02 1.242128e-02 1.043691e-17
44 -2.768276e-02 1.242128e-02 9.562607e-18
45 -2.551794e-02 1.242128e-02 8.688306e-18
46 -2.335312e-02 1.242128e-02 7.814005e-18
47 -2.067112e-02 -1.075136e-02 7.804575e-18
48 -2.067112e-02 1.075136e-02 7.804575e-18
49 -1.596120e-02 -7.468633e-03 5.407977e-18
50 -1.376802e-02 -6.722080e-03 4.721964e-18
51 -1.154810e-02 -6.059289e-03 3.994474e-18
52 -9.304618e-03 -5.481216e-03 3.226557e-18
53 -7.040819e-03 -4.988692e-03 2.419317e-18
54 -4.759961e-03 -4.582428e-03 1.573919e-18
55 -2.465329e-03 -4.263008e-03 6.915787e-19
56 -1.602285e-04 -4.030893e-03 -2.264316e-19
57 2.152020e-03 -3.886417e-03 -1.178790e-18
58 -1.596120e-02 7.468633e-03 5.407977e-18
59 -1.376802e-02 6.722080e-03 4.721964e-18
60 -1.154810e-02 6.059289e-03 3.994474e-18
61 -9.304618e-03 5.481216e-03 3.226557e-18
62 -7.040819e-03 4.988692e-03 2.419317e-18
63 -4.759961e-03 4.582428e-03 1.573919e-18
64 -2.465329e-03 4.263008e-03 6.915787e-19
65 -1.602285e-04 4.030893e-03 -2.264316e-19
66 2.152020e-03 3.886417e-03 -1.178790e-18
67 6.850854e-03 -3.829787e-03 -2.799799e-18
68 9.233623e-03 -3.829787e-03 -3.606348e-18
69 1.161639e-02 -3.829787e-03 -4.376346e-18
70 1.399916e-02 -3.829787e-03 -5.124414e-18
71 1.638193e-02 -3.829787e-03 -5.865172e-18
72 1.876470e-02 -3.829787e-03 -6.613240e-18
73 2.114747e-02 -3.829787e-03 -7.383238e-18
74 2.353024e-02 -3.829787e-03 -8.189787e-18
75 6.850854e-03 3.829787e-03 -2.799799e-18
76 9.233623e-03 3.829787e-03 -3.606348e-18
77 1.161639e-02 3.829787e-03 -4.376346e-18
78 1.399916e-02 3.829787e-03 -5.124414e-18
79 1.638193e-02 3.829787e-03 -5.865172e-18
80 1.876470e-02 3.829787e-03 -6.613240e-18
81 2.114747e-02 3.829787e-03 -7.383238e-18
82 2.353024e-02 3.829787e-03 -8.189787e-18
83 2.794136e-02 -4.783951e-03 -7.420622e-18
84 2.990797e-02 -5.969850e-03 -1.123253e-17
85 2.794136e-02 4.783951e-03 -7.420622e-18
86 2.990797e-02 5.969850e-03 -1.123253e-17
87 3.823759e-02 -1.972449e-03 -1.325013e-17
88 3.733096e-02 -3.751820e-03 -1.281495e-17
89 3.591884e-02 -5.163938e-03 -1.222548e-17
90 3.413947e-02 -6.070573e-03 -1.153939e-17
91 3.413947e-02 6.070573e-03 -1.399426e-17
92 3.591884e-02 5.163939e-03 -1.368996e-17
93 3.733096e-02 3.751821e-03 -1.349346e-17
94 3.823759e-02 1.972449e-03 -1.342401e-17
95 -1.992917e-02 2.317154e-03 6.877533e-18
96 -2.099425e-02 4.407489e-03 7.154755e-18
97 -2.265315e-02 6.066388e-03 7.744235e-18
98 -2.474348e-02 7.131467e-03 8.588270e-18
99 -2.474348e-02 -7.131467e-03 8.882141e-18
100 -2.265315e-02 -6.066388e-03 8.014402e-18
101 -2.099425e-02 -4.407490e-03 7.363518e-18
102 -1.992917e-02 -2.317154e-03 6.993203e-18
103 -2.937779e-02 7.131467e-03 1.047224e-17
104 -3.146813e-02 6.066388e-03 1.123849e-17
105 -3.312703e-02 4.407490e-03 1.182797e-17
106 -3.419211e-02 2.317154e-03 1.218298e-17
107 -3.419211e-02 -2.317154e-03 1.220545e-17
108 -3.312703e-02 -4.407489e-03 1.184289e-17
109 -3.146813e-02 -6.066388e-03 1.121657e-17
110 -2.937779e-02 -7.131467e-03 1.038780e-17
111 3.548371e-02 1.914894e-03 -1.296435e-17
112 3.408192e-02 3.316693e-03 -1.328944e-17
113 3.408192e-02 -3.316693e-03 -1.389419e-17
114 3.548371e-02 -1.914894e-03 -1.300018e-17
115 2.885033e-02 -1.914894e-03 -1.059526e-17
116 3.025213e-02 -3.316693e-03 -1.228170e-17
117 3.025213e-02 3.316693e-03 -1.179744e-17
118 2.885033e-02 1.914894e-03 -1.049706e-17
119 -3.539226e-02 -2.286444e-03 1.238816e-17
120 -2.820727e-02 9.819446e-03 9.703568e-18
121 7.002147e-03 -2.093619e-03 -2.529619e-18
122 -7.056084e-03 -2.368542e-03 2.419935e-18
123 3.534974e-02 -3.067674e-03 -1.249031e-17
124 2.115024e-02 -2.088855e-03 -7.507291e-18
125 2.785243e-02 -2.497516e-03 -9.859977e-18
126 1.408447e-02 -2.093169e-03 -5.021341e-18
127 -2.949382e-04 -2.358669e-03 4.108805e-20
128 -2.445749e-02 -8.617920e-03 8.623051e-18
129 -3.176885e-02 -8.617150e-03 1.119534e-17
130 -1.757297e-02 3.692578e-03 6.041523e-18
131 -2.159692e-02 9.752808e-03 7.378765e-18
132 -3.370713e-02 6.959525e-03 1.167557e-17
133 -3.510335e-02 3.480564e-03 1.221184e-17
134 2.469008e-02 3.088885e-03 -8.819727e-18
135 -1.066364e-02 3.570398e-03 3.612252e-18
136 -1.410073e-02 -2.421716e-03 4.899084e-18
137 1.048411e-02 3.084353e-03 -3.821698e-18
138 1.759839e-02 3.085512e-03 -6.324671e-18
139 3.405108e-03 3.102239e-03 -1.331381e-18
140 -3.562936e-03 3.334499e-03 1.117123e-18
141 -3.172767e-02 9.751976e-03 1.094300e-17
142 -2.473607e-02 9.743335e-03 8.483311e-18
143 -3.691853e-02 4.699750e-04 1.288944e-17
144 -3.649038e-02 -5.202631e-03 1.281226e-17
145 -3.351844e-02 -5.696640e-03 1.177307e-17
146 -3.328332e-02 -1.131320e-02 1.176307e-17
147 -2.994401e-02 -1.107330e-02 1.058513e-17
148 -1.576936e-02 6.248558e-03 5.373878e-18
149 -1.406452e-02 3.631626e-03 4.807961e-18
150 -1.883722e-02 8.205365e-04 6.523501e-18
151 -1.585305e-02 6.190998e-04 5.476217e-18
152 -1.755310e-02 -2.477112e-03 6.114421e-18
153 -1.233877e-02 6.161135e-04 4.239854e-18
154 -8.814976e-03 6.169206e-04 3.000094e-18
155 -1.060107e-02 -2.412173e-03 3.667704e-18
156 -1.951152e-02 -5.349068e-03 6.840623e-18
157 -2.146132e-02 -8.342991e-03 7.565373e-18
158 -2.649661e-02 -1.129524e-02 9.375127e-18
159 -2.273973e-02 -1.126186e-02 8.052942e-18
160 -1.247698e-02 -5.164916e-03 4.363334e-18
161 -1.576345e-02 -5.634023e-03 5.525662e-18
162 -2.819708e-02 -8.644990e-03 9.939073e-18
163 -1.923393e-02 6.651067e-03 6.587576e-18
164 -2.285132e-02 7.257457e-03 7.852404e-18
165 1.406559e-02 2.923471e-03 -5.079656e-18
166 8.779875e-03 6.279689e-04 -3.190303e-18
167 1.235363e-02 6.319496e-04 -4.447682e-18
168 1.051823e-02 -2.367522e-03 -3.763106e-18
169 1.583932e-02 6.336520e-04 -5.674045e-18
170 1.941130e-02 6.321020e-04 -6.930726e-18
171 1.760918e-02 -2.366329e-03 -6.257873e-18
172 3.698874e-02 8.377509e-04 -1.311752e-17
173 3.310834e-02 -5.243587e-03 -1.167356e-17
174 2.988148e-02 -4.658007e-03 -1.054586e-17
175 2.467131e-02 -2.373175e-03 -8.742397e-18
176 3.544194e-02 3.499633e-03 -1.260778e-17
177 2.289102e-02 6.279065e-04 -8.154913e-18
178 2.115051e-02 2.920892e-03 -7.572254e-18
179 2.829869e-02 3.457137e-03 -1.009408e-17
180 2.638523e-02 6.518047e-04 -9.384563e-18
181 3.433472e-03 -2.389638e-03 -1.270247e-18
182 -3.602779e-03 -2.282479e-03 1.203872e-18
183 5.296432e-03 6.304258e-04 -1.964783e-18
184 6.977529e-03 2.919189e-03 -2.585866e-18
185 -5.295343e-03 6.042082e-04 1.761975e-18
186 -7.083633e-03 3.329734e-03 2.355843e-18
187 -1.206555e-04 2.994514e-03 -8.954470e-20
188 -1.769640e-03 5.945659e-04 5.216802e-19
189 1.721405e-03 6.295739e-04 -7.069995e-19
190 -3.417595e-02 1.087589e-02 1.178980e-17
191 -3.273110e-02 1.108791e-02 1.127873e-17
192 -3.343429e-02 9.686241e-03 1.154427e-17
193 -3.087278e-02 1.112931e-02 1.062439e-17
194 -2.895803e-02 1.113875e-02 9.950618e-18
195 -2.995192e-02 9.802649e-03 1.031759e-17
196 -2.708407e-02 1.110730e-02 9.291727e-18
197 -2.555904e-02 1.087746e-02 8.758162e-18
198 -2.647110e-02 9.755350e-03 9.093576e-18
199 -2.403462e-02 1.108424e-02 8.219161e-18
200 -2.226796e-02 1.105750e-02 7.597959e-18
201 -2.301991e-02 9.737489e-03 7.879604e-18
202 -3.739873e-02 1.674482e-03 1.304279e-17
203 -3.740473e-02 -1.011249e-03 1.307968e-17
204 -3.614222e-02 -7.728657e-04 1.263241e-17
205 -3.684598e-02 -2.490643e-03 1.290226e-17
206 -3.604757e-02 -4.037987e-03 1.264139e-17
207 -3.457755e-02 -4.058653e-03 1.212448e-17
208 -3.526667e-02 -5.721485e-03 1.238845e-17
209 -3.406886e-02 -6.969502e-03 1.198320e-17
210 -3.258039e-02 -7.194495e-03 1.146243e-17
211 -3.364180e-02 -8.602505e-03 1.185409e-17
212 -3.253458e-02 -1.001515e-02 1.148284e-17
213 -3.082408e-02 -9.966682e-03 1.088042e-17
214 -3.144766e-02 -1.125109e-02 1.111644e-17
215 -3.401925e-02 -1.017353e-02 1.200723e-17
216 -1.667902e-02 5.107781e-03 5.708686e-18
217 -1.488320e-02 5.097076e-03 5.077016e-18
218 -1.583135e-02 3.647400e-03 5.429368e-18
219 -1.303699e-02 5.008060e-03 4.428633e-18
220 -1.154872e-02 4.676901e-03 3.909314e-18
221 -1.233067e-02 3.561667e-03 4.198861e-18
222 -1.834813e-02 2.224499e-03 6.333250e-18
223 -1.670714e-02 2.155877e-03 5.756803e-18
224 -1.752813e-02 6.459209e-04 6.065199e-18
225 -1.847007e-02 -9.809425e-04 6.417659e-18
226 -1.887552e-02 -2.681159e-03 6.582321e-18
227 -1.672123e-02 -9.200018e-04 5.801590e-18
228 -1.497833e-02 -9.086881e-04 5.188251e-18
229 -1.584952e-02 -2.438352e-03 5.514563e-18
230 -1.146640e-02 2.120629e-03 3.913451e-18
231 -9.706748e-03 2.147144e-03 3.294025e-18
232 -1.057882e-02 6.158734e-04 3.620665e-18
233 -1.322024e-02 -9.057852e-04 4.569679e-18
234 -1.146141e-02 -9.044691e-04 3.950868e-18
235 -1.234902e-02 -2.411793e-03 4.282666e-18
236 -9.701165e-03 -9.032558e-04 3.331559e-18
237 -7.936429e-03 -8.981329e-04 2.710620e-18
238 -8.842962e-03 -2.400651e-03 3.049014e-18
239 -1.409894e-02 6.168482e-04 4.859110e-18
240 -1.321488e-02 2.124199e-03 4.528559e-18
241 -1.496868e-02 2.136483e-03 5.145425e-18
242 -1.961391e-02 -3.754024e-03 6.855993e-18
243 -2.107145e-02 -5.996726e-03 7.397827e-18
244 -2.338107e-02 -7.470033e-03 8.229482e-18
245 -2.195251e-02 -7.231442e-03 7.723793e-18
246 -2.284235e-02 -8.583815e-03 8.054369e-18
247 -2.016365e-02 -7.220502e-03 7.094291e-18
248 -1.851557e-02 -6.643790e-03 6.506992e-18
249 -2.549565e-02 -1.000466e-02 9.006255e-18
250 -2.370192e-02 -9.979091e-03 8.374852e-18
251 -2.456754e-02 -1.127848e-02 8.696222e-18
252 -2.160663e-02 -1.114266e-02 7.652749e-18
253 -2.192565e-02 -9.876898e-03 7.748598e-18
254 -8.017184e-03 -3.826256e-03 2.776947e-18
255 -6.110872e-03 -3.639047e-03 2.103840e-18
256 -1.089589e-02 -4.952662e-03 3.804322e-18
257 -9.836786e-03 -3.856637e-03 3.417516e-18
258 -1.154009e-02 -3.824288e-03 4.016357e-18
259 -1.323958e-02 -3.852465e-03 4.614640e-18
260 -1.717600e-02 -6.726033e-03 6.036769e-18
261 -1.767863e-02 -5.402306e-03 6.196463e-18
262 -1.496172e-02 -3.924606e-03 5.221459e-18
263 -1.671697e-02 -3.971684e-03 5.839605e-18
264 -1.836797e-02 -3.944164e-03 6.420107e-18
265 -1.404526e-02 -5.104241e-03 4.914303e-18
266 -2.838853e-02 -1.125987e-02 1.004029e-17
267 -2.732631e-02 -9.999247e-03 9.650254e-18
268 -2.623795e-02 -8.642888e-03 9.249781e-18
269 -2.911492e-02 -9.961164e-03 1.027903e-17
270 -3.003940e-02 -8.614266e-03 1.058684e-17
271 -3.102951e-02 -7.477427e-03 1.092047e-17
272 -1.922638e-02 3.843494e-03 6.621276e-18
273 -1.838040e-02 5.201240e-03 6.306059e-18
274 -1.739254e-02 6.528653e-03 5.941319e-18
275 -2.017730e-02 7.774532e-03 6.904927e-18
276 -2.186508e-02 8.325351e-03 7.491594e-18
277 -2.381190e-02 8.414978e-03 8.175367e-18
278 -2.571542e-02 8.479349e-03 8.844233e-18
279 -2.763413e-02 8.517830e-03 9.518779e-18
280 -2.111901e-02 6.561177e-03 7.251955e-18
281 -1.984504e-02 5.328483e-03 6.819703e-18
282 -3.571221e-02 7.103040e-04 1.246192e-17
283 -3.508061e-02 1.746899e-03 1.222629e-17
284 -3.616623e-02 1.952209e-03 1.260557e-17
285 -3.680236e-02 3.222626e-03 1.281293e-17
286 -3.285616e-02 5.880565e-03 1.139015e-17
287 -3.178207e-02 7.066654e-03 1.099691e-17
288 -2.917434e-02 8.681564e-03 1.005854e-17
289 -3.076934e-02 8.421701e-03 1.062306e-17
290 -3.258739e-02 8.352220e-03 1.126359e-17
291 -3.405900e-02 8.440435e-03 1.178019e-17
292 -3.522640e-02 6.326057e-03 1.221829e-17
293 -3.600505e-02 4.937957e-03 1.251021e-17
294 -3.433632e-02 5.321302e-03 1.191815e-17
295 1.285106e-02 3.050232e-03 -4.653999e-18
296 1.525406e-02 3.050304e-03 -5.499429e-18
297 9.545200e-03 2.240584e-03 -3.480442e-18
298 1.151565e-02 2.236832e-03 -4.173640e-18
299 1.056126e-02 6.547688e-04 -3.817381e-18
300 7.894269e-03 -8.464191e-04 -2.859636e-18
301 9.651574e-03 -8.728860e-04 -3.477552e-18
302 8.559318e-03 -2.325667e-03 -3.074461e-18
303 1.146698e-02 -8.756751e-04 -4.116214e-18
304 1.324022e-02 -8.464159e-04 -4.740459e-18
305 1.248096e-02 -2.331089e-03 -4.454111e-18
306 1.662294e-02 2.239642e-03 -5.970533e-18
307 1.859449e-02 2.244712e-03 -6.664233e-18
308 1.762179e-02 6.581646e-04 -6.301474e-18
309 1.495674e-02 -8.423710e-04 -5.344420e-18
310 1.671610e-02 -8.706447e-04 -5.963037e-18
311 1.565226e-02 -2.324742e-03 -5.569924e-18
312 1.852937e-02 -8.733346e-04 -6.600948e-18
313 2.029551e-02 -8.437041e-04 -7.222700e-18
314 1.956847e-02 -2.328216e-03 -6.947689e-18
315 1.409801e-02 6.098782e-04 -5.061107e-18
316 1.488384e-02 1.969399e-03 -5.355183e-18
317 1.328123e-02 1.961628e-03 -4.791246e-18
318 3.715701e-02 2.449332e-03 -1.319759e-17
319 3.651588e-02 -8.701736e-04 -1.292904e-17
320 3.743187e-02 -8.775166e-04 -1.325121e-17
321 3.665179e-02 -2.311746e-03 -1.295819e-17
322 3.450995e-02 -4.371937e-03 -1.217796e-17
323 3.596936e-02 -3.724451e-03 -1.269980e-17
324 3.157425e-02 -4.995693e-03 -1.113704e-17
325 3.306460e-02 -4.332370e-03 -1.166997e-17
326 3.083820e-02 -4.195973e-03 -1.088844e-17
327 2.883088e-02 -3.546401e-03 -1.019064e-17
328 2.741935e-02 -3.463932e-03 -9.695096e-18
329 2.646681e-02 -2.351489e-03 -9.374374e-18
330 2.273033e-02 -2.333315e-03 -8.060034e-18
331 3.633983e-02 2.407386e-03 -1.290954e-17
332 3.649099e-02 3.459446e-03 -1.297634e-17
333 3.334407e-02 4.185723e-03 -1.187860e-17
334 3.281855e-02 5.007102e-03 -1.170434e-17
335 3.087730e-02 4.746134e-03 -1.101799e-17
336 3.429192e-02 4.587249e-03 -1.221727e-17
337 2.200627e-02 -8.411077e-04 -7.824618e-18
338 2.115152e-02 6.076239e-04 -7.542657e-18
339 2.369949e-02 2.243556e-03 -8.460269e-18
340 2.195521e-02 1.974631e-03 -7.843113e-18
341 2.234560e-02 3.038059e-03 -7.994231e-18
342 2.034475e-02 1.971589e-03 -7.276478e-18
343 1.995248e-02 3.039629e-03 -7.152299e-18
344 2.697312e-02 3.323375e-03 -9.625989e-18
345 2.930493e-02 4.599901e-03 -1.046290e-17
346 2.953852e-02 3.649161e-03 -1.053277e-17
347 2.564842e-02 2.275077e-03 -9.146356e-18
348 2.466626e-02 6.601479e-04 -8.779897e-18
349 2.376450e-02 -8.725984e-04 -8.442792e-18
350 2.555530e-02 -8.787825e-04 -9.072754e-18
351 2.732673e-02 -9.030256e-04 -9.695668e-18
352 2.768244e-02 7.415130e-04 -9.842110e-18
353 2.730381e-02 2.075384e-03 -9.726173e-18
354 5.389646e-03 -2.338267e-03 -1.959138e-18
355 1.464233e-03 -2.418566e-03 -5.770514e-19
356 -1.489595e-03 -3.367281e-03 4.744548e-19
357 -3.060251e-03 -3.453405e-03 1.028161e-18
358 -1.947890e-03 -2.263877e-03 6.214054e-19
359 -4.538284e-03 -3.347260e-03 1.546791e-18
360 -5.305847e-03 -2.287185e-03 1.803110e-18
361 6.176455e-03 -8.441663e-04 -2.255301e-18
362 7.040308e-03 6.062488e-04 -2.578004e-18
363 7.822915e-03 1.973624e-03 -2.871048e-18
364 8.148582e-03 3.037257e-03 -2.999397e-18
365 6.207821e-03 1.971578e-03 -2.302796e-18
366 4.438936e-03 2.244113e-03 -1.683992e-18
367 5.748915e-03 3.037063e-03 -2.155139e-18
368 -6.173804e-03 -8.839759e-04 2.090307e-18
369 -7.055698e-03 6.108439e-04 2.381220e-18
370 -4.439634e-03 2.057578e-03 1.442099e-18
371 -6.203527e-03 2.060227e-03 2.062641e-18
372 -5.494589e-03 3.434505e-03 1.795426e-18
373 -7.942062e-03 2.107908e-03 2.673678e-18
374 -8.840507e-03 3.789394e-03 2.967998e-18
375 -1.032393e-02 4.767708e-03 3.477231e-18
376 -1.640887e-03 3.190569e-03 4.427675e-19
377 1.098478e-03 3.112994e-03 -5.199967e-19
378 -2.636686e-03 2.012853e-03 8.083613e-19
379 -3.531863e-03 5.919060e-04 1.141703e-18
380 -4.420851e-03 -8.745948e-04 1.473458e-18
381 -2.681442e-03 -8.723482e-04 8.614667e-19
382 -9.528541e-04 -8.807032e-04 2.534197e-19
383 2.478682e-03 2.255569e-03 -9.944804e-19
384 3.500663e-03 6.567971e-04 -1.333334e-18
385 7.865963e-04 -8.948666e-04 -3.583737e-19
386 2.575365e-03 -8.912840e-04 -9.877480e-19
387 4.400549e-03 -8.753114e-04 -1.630095e-18
388 -3.373675e-05 5.963977e-04 -8.907236e-20
389 7.499175e-04 1.986661e-03 -3.827811e-19
390 -8.975397e-04 1.956828e-03 1.972168e-19
1 102 1 29 
2 102 29 30 
3 102 30 31 
4 102 31 2 
5 102 1 32 
6 102 32 33 
7 102 33 34 
8 102 34 3 
9 102 2 35 
10 102 35 4 
11 102 3 36 
12 102 36 5 
13 102 4 6 
14 102 5 7 
15 102 6 37 
16 102 37 38 
17 102 38 39 
18 102 39 40 
19 102 40 41 
20 102 41 8 
21 102 7 42 
22 102 42 43 
23 102 43 44 
24 102 44 45 
25 102 45 46 
26 102 46 9 
27 102 8 47 
28 102 47 10 
29 102 9 48 
30 102 48 11 
31 102 10 12 
32 102 11 13 
33 102 12 49 
34 102 49 50 
35 102 50 51 
36 102 51 52 
37 102 52 53 
38 102 53 54 
39 102 54 55 
40 102 55 56 
41 102 56 57 
42 102 57 14 
43 102 13 58 
44 102 58 59 
45 102 59 60 
46 102 60 61 
47 102 61 62 
48 102 62 63 
49 102 63 64 
50 102 64 65 
51 102 65 66 
52 102 66 15 
53 102 14 67 
54 102 67 68 
55 102 68 69 
56 102 69 70 
57 102 70 71 
58 102 71 72 
59 102 72 73 
60 102 73 74 
61 102 74 16 
62 102 15 75 
63 102 75 76 
64 102 76 77 
65 102 77 78 
66 102 78 79 
67 102 79 80 
68 102 80 81 
69 102 81 82 
70 102 82 17 
71 102 16 83 
72 102 83 84 
73 102 84 18 
74 102 17 85 
75 102 85 86 
76 102 86 19 
77 102 20 87 
78 102 87 88 
79 102 88 89 
80 102 89 90 
81 102 90 18 
82 102 19 91 
83 102 91 92 
84 102 92 93 
85 102 93 94 
86 102 94 20 
87 102 21 95 
88 102 95 96 
89 102 96 97 
90 102 97 98 
91 102 98 22 
92 102 23 99 
93 102 99 100 
94 102 100 101 
95 102 101 102 
96 102 102 21 
97 102 22 103 
98 102 103 104 
99 102 104 105 
100 102 105 106 
101 102 106 24 
102 102 24 107 
103 102 107 108 
104 102 108 109 
105 102 109 110 
106 102 110 23 
107 102 25 111 
108 102 111 112 
109 102 112 26 
110 102 27 113 
111 102 113 114 
112 102 114 25 
113 102 28 115 
114 102 115 116 
115 102 116 27 
116 102 26 117 
117 102 117 118 
118 102 118 28 
119 203 190 7 191 
120 203 36 5 190 
121 203 141 192 191 
122 203 190 191 192 
123 203 195 141 193 
124 203 194 193 43 
125 203 120 195 194 
126 203 193 194 195 
127 203 191 193 141 
128 203 191 42 193 
129 203 43 193 42 
130 203 42 191 7 
131 203 190 5 7 
132 203 45 197 196 
133 203 198 120 196 
134 203 142 198 197 
135 203 196 197 198 
136 203 199 46 200 
137 203 201 142 199 
138 203 131 201 200 
139 203 199 200 201 
140 203 197 199 142 
141 203 199 197 45 
142 203 9 200 46 
143 203 45 46 199 
144 203 200 9 48 
145 203 11 131 48 
146 203 131 200 48 
147 203 194 196 120 
148 203 44 194 43 
149 203 196 44 45 
150 203 196 194 44 
151 203 33 285 32 
152 203 1 32 202 
153 203 204 203 143 
154 203 119 205 204 
155 203 203 205 29 
156 203 203 204 205 
157 203 1 203 29 
158 203 203 1 143 
159 203 202 143 1 
160 203 207 206 119 
161 203 208 144 206 
162 203 145 208 207 
163 203 206 207 208 
164 203 30 144 31 
165 203 144 208 31 
166 203 210 209 145 
167 203 129 211 210 
168 203 209 210 211 
169 203 208 145 209 
170 203 2 31 208 
171 203 209 211 2 
172 203 208 209 2 
173 203 213 212 129 
174 203 214 146 212 
175 203 147 214 213 
176 203 212 213 214 
177 203 147 38 214 
178 203 147 266 38 
179 203 37 214 38 
180 203 214 37 146 
181 203 6 146 37 
182 203 215 212 146 
183 203 211 129 212 
184 203 215 35 211 
185 203 212 215 211 
186 203 215 4 35 
187 203 2 211 35 
188 203 146 6 4 
189 203 215 146 4 
190 203 144 30 206 
191 203 205 119 206 
192 203 30 29 205 
193 203 205 206 30 
194 203 217 216 148 
195 203 218 130 216 
196 203 149 218 217 
197 203 216 217 218 
198 203 221 149 219 
199 203 135 221 220 
200 203 219 220 221 
201 203 217 219 149 
202 203 60 219 59 
203 203 59 219 217 
204 203 217 148 59 
205 203 223 222 130 
206 203 224 150 222 
207 203 151 224 223 
208 203 222 223 224 
209 203 152 226 225 
210 203 150 225 21 
211 203 226 242 102 
212 203 102 21 225 
213 203 225 226 102 
214 203 228 227 151 
215 203 229 152 227 
216 203 136 229 228 
217 203 227 228 229 
218 203 225 227 152 
219 203 224 151 227 
220 203 150 224 225 
221 203 227 225 224 
222 203 231 230 135 
223 203 232 153 230 
224 203 154 232 231 
225 203 230 231 232 
226 203 234 233 153 
227 203 235 136 233 
228 203 155 235 234 
229 203 233 234 235 
230 203 237 236 154 
231 203 238 155 236 
232 203 122 238 237 
233 203 236 237 238 
234 203 234 236 155 
235 203 232 154 236 
236 203 153 232 234 
237 203 236 234 232 
238 203 228 233 136 
239 203 239 153 233 
240 203 151 239 228 
241 203 233 228 239 
242 203 240 230 153 
243 203 221 135 230 
244 203 149 221 240 
245 203 230 240 221 
246 203 223 241 151 
247 203 218 149 241 
248 203 130 218 223 
249 203 241 223 218 
250 203 240 241 149 
251 203 239 151 241 
252 203 153 239 240 
253 203 241 240 239 
254 203 102 242 101 
255 203 243 101 156 
256 203 246 128 244 
257 203 242 156 101 
258 203 245 244 100 
259 203 101 243 100 
260 203 157 246 245 
261 203 244 245 246 
262 203 248 247 156 
263 203 248 12 247 
264 203 248 260 12 
265 203 245 247 157 
266 203 243 156 247 
267 203 245 100 243 
268 203 247 245 243 
269 203 250 249 128 
270 203 251 158 249 
271 203 159 251 250 
272 203 249 250 251 
273 203 39 158 40 
274 203 40 251 41 
275 203 159 41 251 
276 203 158 251 40 
277 203 252 8 159 
278 203 41 159 8 
279 203 10 247 12 
280 203 157 247 10 
281 203 10 47 253 
282 203 250 253 159 
283 203 246 157 253 
284 203 128 246 250 
285 203 253 250 246 
286 203 253 157 10 
287 203 252 159 253 
288 203 255 254 122 
289 203 8 252 47 
290 203 252 253 47 
291 203 52 257 254 
292 203 254 255 53 
293 203 51 256 52 
294 203 160 256 51 
295 203 254 53 52 
296 203 238 122 254 
297 203 155 238 257 
298 203 254 257 238 
299 203 259 258 160 
300 203 235 155 258 
301 203 136 235 259 
302 203 258 259 235 
303 203 257 258 155 
304 203 256 160 258 
305 203 258 257 256 
306 203 256 257 52 
307 203 261 161 260 
308 203 156 261 248 
309 203 260 248 261 
310 203 263 262 161 
311 203 229 136 262 
312 203 152 229 263 
313 203 262 263 229 
314 203 242 264 156 
315 203 226 152 264 
316 203 264 242 226 
317 203 263 264 152 
318 203 261 156 264 
319 203 161 261 263 
320 203 264 263 261 
321 203 259 262 136 
322 203 265 161 262 
323 203 160 265 259 
324 203 262 259 265 
325 203 265 50 161 
326 203 12 260 49 
327 203 50 265 160 
328 203 260 161 49 
329 203 49 161 50 
330 203 160 51 50 
331 203 266 158 39 
332 203 38 266 39 
333 203 267 249 158 
334 203 268 128 249 
335 203 162 268 267 
336 203 249 267 268 
337 203 213 269 147 
338 203 270 162 269 
339 203 129 270 213 
340 203 269 213 270 
341 203 267 269 162 
342 203 266 147 269 
343 203 158 266 267 
344 203 269 267 266 
345 203 244 128 99 
346 203 100 244 99 
347 203 210 271 129 
348 203 110 271 109 
349 203 145 108 109 
350 203 271 210 109 
351 203 145 207 108 
352 203 119 107 207 
353 203 109 210 145 
354 203 270 129 271 
355 203 270 110 162 
356 203 23 162 110 
357 203 270 271 110 
358 203 268 23 99 
359 203 268 162 23 
360 203 99 128 268 
361 203 95 150 21 
362 203 272 130 222 
363 203 96 272 95 
364 203 222 150 95 
365 203 272 222 95 
366 203 273 216 130 
367 203 274 148 216 
368 203 163 274 273 
369 203 216 273 274 
370 203 148 58 59 
371 203 148 274 58 
372 203 275 11 13 
373 203 163 275 13 
374 203 13 274 163 
375 203 275 276 11 
376 203 58 274 13 
377 203 277 276 164 
378 203 201 131 276 
379 203 142 201 277 
380 203 276 277 201 
381 203 198 142 278 
382 203 120 198 279 
383 203 278 279 198 
384 203 277 278 142 
385 203 22 278 98 
386 203 131 11 276 
387 203 278 277 98 
388 203 277 164 98 
389 203 280 164 276 
390 203 163 280 275 
391 203 276 275 280 
392 203 98 164 97 
393 203 164 280 97 
394 203 273 281 163 
395 203 130 272 273 
396 203 281 273 272 
397 203 280 163 281 
398 203 281 96 280 
399 203 281 272 96 
400 203 97 280 96 
401 203 24 107 119 
402 203 143 282 204 
403 203 119 204 24 
404 203 282 24 204 
405 203 24 282 283 
406 203 106 283 133 
407 203 202 284 143 
408 203 285 133 284 
409 203 202 32 285 
410 203 284 202 285 
411 203 283 284 133 
412 203 282 143 284 
413 203 283 106 24 
414 203 284 283 282 
415 203 132 287 286 
416 203 288 103 289 
417 203 105 286 104 
418 203 286 287 104 
419 203 195 120 288 
420 203 141 195 289 
421 203 288 289 195 
422 203 291 290 132 
423 203 192 141 290 
424 203 291 36 192 
425 203 290 291 192 
426 203 289 290 141 
427 203 287 132 290 
428 203 103 104 287 
429 203 290 289 287 
430 203 291 3 36 
431 203 190 192 36 
432 203 292 3 132 
433 203 291 132 3 
434 203 133 285 293 
435 203 34 293 33 
436 203 285 33 293 
437 203 286 294 132 
438 203 133 294 105 
439 203 293 294 133 
440 203 294 286 105 
441 203 105 106 133 
442 203 292 132 294 
443 203 294 293 292 
444 203 3 292 34 
445 203 292 293 34 
446 203 279 288 120 
447 203 279 22 103 
448 203 287 289 103 
449 203 103 288 279 
450 203 279 278 22 
451 203 108 207 107 
452 203 295 298 77 
453 203 78 295 77 
454 203 165 295 78 
455 203 296 165 78 
456 203 138 306 79 
457 203 80 138 79 
458 203 78 79 296 
459 203 298 297 137 
460 203 299 166 297 
461 203 167 299 298 
462 203 297 298 299 
463 203 301 300 166 
464 203 302 121 300 
465 203 168 302 301 
466 203 300 301 302 
467 203 304 303 167 
468 203 305 168 303 
469 203 126 305 304 
470 203 303 304 305 
471 203 301 303 168 
472 203 299 167 303 
473 203 166 299 301 
474 203 303 301 299 
475 203 307 306 138 
476 203 308 169 306 
477 203 170 308 307 
478 203 306 307 308 
479 203 310 309 169 
480 203 311 126 309 
481 203 171 311 310 
482 203 309 310 311 
483 203 313 312 170 
484 203 314 171 312 
485 203 124 314 313 
486 203 312 313 314 
487 203 310 312 171 
488 203 308 170 312 
489 203 169 308 310 
490 203 312 310 308 
491 203 304 309 126 
492 203 315 169 309 
493 203 167 315 304 
494 203 309 304 315 
495 203 316 306 169 
496 203 296 79 306 
497 203 165 296 316 
498 203 306 316 296 
499 203 298 317 167 
500 203 295 165 317 
501 203 137 77 298 
502 203 317 298 295 
503 203 316 317 165 
504 203 315 167 317 
505 203 169 315 316 
506 203 317 316 315 
507 203 67 14 354 
508 203 73 72 314 
509 203 314 124 73 
510 203 314 72 171 
511 203 171 72 71 
512 203 126 311 70 
513 203 71 311 171 
514 203 71 70 311 
515 203 305 126 70 
516 203 168 305 69 
517 203 69 68 168 
518 203 121 302 67 
519 203 68 67 302 
520 203 302 168 68 
521 203 70 69 305 
522 203 318 94 172 
523 203 320 319 172 
524 203 20 172 94 
525 203 123 114 321 
526 203 319 320 321 
527 203 88 321 87 
528 203 321 320 87 
529 203 87 320 20 
530 203 320 172 20 
531 203 323 322 123 
532 203 90 173 322 
533 203 323 89 322 
534 203 322 89 90 
535 203 18 173 90 
536 203 89 323 88 
537 203 123 321 323 
538 203 323 321 88 
539 203 84 174 324 
540 203 325 322 173 
541 203 324 18 84 
542 203 324 173 18 
543 203 113 325 27 
544 203 114 123 113 
545 203 123 322 113 
546 203 322 325 113 
547 203 327 116 174 
548 203 327 125 115 
549 203 324 174 326 
550 203 326 174 116 
551 203 27 326 116 
552 203 325 324 27 
553 203 173 324 325 
554 203 326 27 324 
555 203 329 125 328 
556 203 329 16 175 
557 203 175 16 74 
558 203 329 328 16 
559 203 73 124 330 
560 203 74 330 175 
561 203 330 74 73 
562 203 327 328 125 
563 203 16 328 83 
564 203 174 84 83 
565 203 328 327 83 
566 203 83 327 174 
567 203 25 319 114 
568 203 319 321 114 
569 203 111 331 172 
570 203 172 319 25 
571 203 331 318 172 
572 203 332 93 318 
573 203 176 332 331 
574 203 318 331 332 
575 203 333 336 112 
576 203 26 333 112 
577 203 331 111 176 
578 203 172 25 111 
579 203 112 176 111 
580 203 335 334 26 
581 203 19 335 86 
582 203 91 334 19 
583 203 334 335 19 
584 203 176 112 336 
585 203 26 117 335 
586 203 334 333 26 
587 203 334 336 333 
588 203 176 92 332 
589 203 94 318 93 
590 203 93 332 92 
591 203 176 336 92 
592 203 92 336 91 
593 203 336 334 91 
594 203 313 337 124 
595 203 338 177 337 
596 203 170 338 313 
597 203 337 313 338 
598 203 340 339 177 
599 203 341 82 339 
600 203 178 341 340 
601 203 339 340 341 
602 203 307 342 170 
603 203 343 178 342 
604 203 138 80 307 
605 203 342 307 343 
606 203 340 342 178 
607 203 338 170 342 
608 203 177 338 340 
609 203 342 340 338 
610 203 343 307 80 
611 203 81 343 80 
612 203 178 81 341 
613 203 134 339 82 
614 203 17 134 82 
615 203 82 341 81 
616 203 178 343 81 
617 203 344 347 17 
618 203 85 344 17 
619 203 346 179 345 
620 203 335 345 86 
621 203 117 346 335 
622 203 345 335 346 
623 203 345 179 85 
624 203 179 344 85 
625 203 86 345 85 
626 203 347 339 134 
627 203 348 177 339 
628 203 180 348 347 
629 203 339 347 348 
630 203 349 337 177 
631 203 330 124 337 
632 203 175 330 349 
633 203 337 349 330 
634 203 351 350 180 
635 203 329 175 350 
636 203 125 329 351 
637 203 350 351 329 
638 203 349 350 175 
639 203 348 180 350 
640 203 177 348 349 
641 203 350 349 348 
642 203 115 116 327 
643 203 125 351 115 
644 203 180 352 351 
645 203 115 351 28 
646 203 351 352 28 
647 203 28 352 118 
648 203 347 353 180 
649 203 344 179 353 
650 203 134 17 347 
651 203 353 347 344 
652 203 352 180 353 
653 203 346 117 118 
654 203 353 179 118 
655 203 118 179 346 
656 203 352 353 118 
657 203 354 121 67 
658 203 181 354 14 
659 203 57 355 181 
660 203 181 14 57 
661 203 358 127 356 
662 203 357 356 55 
663 203 182 358 357 
664 203 356 357 358 
665 203 359 54 255 
666 203 360 182 359 
667 203 122 360 255 
668 203 359 255 360 
669 203 357 359 182 
670 203 54 359 357 
671 203 53 255 54 
672 203 357 55 54 
673 203 355 57 56 
674 203 356 127 56 
675 203 56 127 355 
676 203 55 356 56 
677 203 361 300 121 
678 203 362 166 300 
679 203 183 362 361 
680 203 300 361 362 
681 203 363 297 166 
682 203 364 76 297 
683 203 184 364 363 
684 203 297 363 364 
685 203 366 365 183 
686 203 75 184 367 
687 203 139 15 366 
688 203 365 366 367 
689 203 363 365 184 
690 203 362 183 365 
691 203 166 362 363 
692 203 365 363 362 
693 203 367 366 15 
694 203 75 367 15 
695 203 365 367 184 
696 203 364 184 75 
697 203 137 297 76 
698 203 77 137 76 
699 203 75 76 364 
700 203 237 368 122 
701 203 369 185 368 
702 203 154 369 237 
703 203 368 237 369 
704 203 371 370 185 
705 203 372 140 370 
706 203 186 372 371 
707 203 370 371 372 
708 203 231 373 154 
709 203 374 186 373 
710 203 135 374 231 
711 203 373 231 374 
712 203 371 373 186 
713 203 369 154 373 
714 203 185 369 371 
715 203 373 371 369 
716 203 220 375 135 
717 203 60 61 375 
718 203 375 220 60 
719 203 220 219 60 
720 203 374 135 375 
721 203 374 61 62 
722 203 62 186 374 
723 203 375 61 374 
724 203 62 63 372 
725 203 140 372 63 
726 203 64 140 63 
727 203 372 186 62 
728 203 376 140 64 
729 203 65 376 64 
730 203 377 187 65 
731 203 139 383 66 
732 203 15 139 66 
733 203 65 66 377 
734 203 187 376 65 
735 203 378 370 140 
736 203 379 185 370 
737 203 188 379 378 
738 203 370 378 379 
739 203 380 368 185 
740 203 360 122 368 
741 203 182 360 380 
742 203 368 380 360 
743 203 382 381 188 
744 203 358 182 381 
745 203 127 358 382 
746 203 381 382 358 
747 203 380 381 182 
748 203 379 188 381 
749 203 185 379 380 
750 203 381 380 379 
751 203 366 383 139 
752 203 384 189 383 
753 203 183 384 366 
754 203 383 366 384 
755 203 386 385 189 
756 203 355 127 385 
757 203 181 355 386 
758 203 385 386 355 
759 203 361 387 183 
760 203 354 181 387 
761 203 121 354 361 
762 203 387 361 354 
763 203 386 387 181 
764 203 384 183 387 
765 203 189 384 386 
766 203 387 386 384 
767 203 382 385 127 
768 203 388 189 385 
769 203 188 388 382 
770 203 385 382 388 
771 203 389 383 189 
772 203 377 66 383 
773 203 187 377 389 
774 203 383 389 377 
775 203 378 390 188 
776 203 376 187 390 
777 203 140 376 378 
778 203 390 378 376 
779 203 389 390 187 
780 203 388 188 390 
781 203 189 388 389 
782 203 390 389 388 
