207 416
1 -2.067766e-02 1.136809e-02 0.000000e+00
2 -2.042710e-02 8.814894e-03 0.000000e+00
3 -2.067766e-02 1.191064e-02 0.000000e+00
4 -1.940106e-02 8.297872e-03 0.000000e+00
5 -2.118830e-02 1.242128e-02 0.000000e+00
6 -1.812447e-02 8.297872e-03 0.000000e+00
7 -3.472021e-02 1.242128e-02 0.000000e+00
8 4.468085e-03 3.829787e-03 0.000000e+00
9 -3.523085e-02 1.191064e-02 0.000000e+00
10 2.591300e-02 3.829787e-03 0.000000e+00
11 -3.523085e-02 1.136809e-02 0.000000e+00
12 2.769987e-02 4.559271e-03 0.000000e+00
13 -3.523085e-02 8.814894e-03 0.000000e+00
14 3.216702e-02 6.382979e-03 0.000000e+00
15 -3.523085e-02 7.761702e-03 0.000000e+00
16 3.855000e-02 -2.796402e-14 0.000000e+00
17 -3.650745e-02 6.485106e-03 0.000000e+00
18 3.216702e-02 -6.382979e-03 0.000000e+00
19 -3.688991e-02 6.485106e-03 0.000000e+00
20 2.769987e-02 -4.559271e-03 0.000000e+00
21 -3.740055e-02 5.974468e-03 0.000000e+00
22 2.591300e-02 -3.829787e-03 0.000000e+00
23 -3.740055e-02 5.564282e-03 0.000000e+00
24 4.468085e-03 -3.829787e-03 0.000000e+00
25 -3.760954e-02 4.552594e-03 0.000000e+00
26 -1.812447e-02 -8.297872e-03 0.000000e+00
27 -3.760954e-02 -4.552594e-03 0.000000e+00
28 -1.940106e-02 -8.297872e-03 0.000000e+00
29 -3.740055e-02 -5.564282e-03 0.000000e+00
30 -2.042710e-02 -8.814894e-03 0.000000e+00
31 -3.740055e-02 -5.974468e-03 0.000000e+00
32 -2.067766e-02 -1.136809e-02 0.000000e+00
33 -3.688991e-02 -6.485106e-03 0.000000e+00
34 -2.067766e-02 -1.191064e-02 0.000000e+00
35 -3.650745e-02 -6.485106e-03 0.000000e+00
36 -2.118830e-02 -1.242128e-02 0.000000e+00
37 -3.523085e-02 -7.761702e-03 0.000000e+00
38 -3.472021e-02 -1.242128e-02 0.000000e+00
39 -3.523085e-02 -8.814894e-03 0.000000e+00
40 -3.523085e-02 -1.191064e-02 0.000000e+00
41 -3.523085e-02 -1.136809e-02 0.000000e+00
42 2.833723e-02 -1.157350e-12 0.000000e+00
43 3.216702e-02 -3.829787e-03 0.000000e+00
44 3.216702e-02 3.829787e-03 0.000000e+00
45 3.599681e-02 -8.134639e-13 0.000000e+00
46 -1.956217e-02 -1.565906e-12 0.000000e+00
47 -2.706064e-02 7.498468e-03 0.000000e+00
48 -2.706064e-02 -7.498468e-03 0.000000e+00
49 -3.455911e-02 -2.239207e-12 0.000000e+00
50 -3.133723e-02 1.242128e-02 0.000000e+00
51 -2.795426e-02 1.242128e-02 0.000000e+00
52 -2.457128e-02 1.242128e-02 0.000000e+00
53 -1.450221e-02 6.961675e-03 0.000000e+00
54 -1.080273e-02 5.857142e-03 0.000000e+00
55 -7.040819e-03 4.988692e-03 0.000000e+00
56 -3.231533e-03 4.359801e-03 0.000000e+00
57 6.098911e-04 3.972984e-03 0.000000e+00
58 8.042238e-03 3.829787e-03 0.000000e+00
59 1.161639e-02 3.829787e-03 0.000000e+00
60 1.519055e-02 3.829787e-03 0.000000e+00
61 1.876470e-02 3.829787e-03 0.000000e+00
62 2.233885e-02 3.829787e-03 0.000000e+00
63 2.975448e-02 5.909490e-03 0.000000e+00
64 3.535851e-02 5.527821e-03 0.000000e+00
65 3.769484e-02 3.191490e-03 0.000000e+00
66 3.769484e-02 -3.191490e-03 0.000000e+00
67 3.535851e-02 -5.527821e-03 0.000000e+00
68 2.975448e-02 -5.909490e-03 0.000000e+00
69 2.233885e-02 -3.829787e-03 0.000000e+00
70 1.876470e-02 -3.829787e-03 0.000000e+00
71 1.519055e-02 -3.829787e-03 0.000000e+00
72 1.161639e-02 -3.829787e-03 0.000000e+00
73 8.042238e-03 -3.829787e-03 0.000000e+00
74 6.098911e-04 -3.972984e-03 0.000000e+00
75 -3.231533e-03 -4.359801e-03 0.000000e+00
76 -7.040819e-03 -4.988692e-03 0.000000e+00
77 -1.080273e-02 -5.857142e-03 0.000000e+00
78 -1.450221e-02 -6.961675e-03 0.000000e+00
79 -3.844421e-02 -1.555550e-03 0.000000e+00
80 -3.844421e-02 1.555550e-03 0.000000e+00
81 -2.457128e-02 -1.242128e-02 0.000000e+00
82 -2.795426e-02 -1.242128e-02 0.000000e+00
83 -3.133723e-02 -1.242128e-02 0.000000e+00
84 2.945895e-02 -2.708069e-03 0.000000e+00
85 2.945895e-02 2.708068e-03 0.000000e+00
86 3.487509e-02 -2.708068e-03 0.000000e+00
87 3.487509e-02 2.708069e-03 0.000000e+00
88 -2.056677e-02 3.749235e-03 0.000000e+00
89 -2.331140e-02 6.493864e-03 0.000000e+00
90 -2.331140e-02 -6.493864e-03 0.000000e+00
91 -2.056677e-02 -3.749235e-03 0.000000e+00
92 -3.355450e-02 -3.749235e-03 0.000000e+00
93 -3.080987e-02 -6.493864e-03 0.000000e+00
94 -3.080987e-02 6.493864e-03 0.000000e+00
95 -3.355450e-02 3.749235e-03 0.000000e+00
96 6.547667e-03 -2.628001e-03 0.000000e+00
97 -7.347015e-03 -2.031283e-03 0.000000e+00
98 3.613310e-02 -2.539801e-03 0.000000e+00
99 2.099618e-02 -1.816790e-03 0.000000e+00
100 2.716298e-02 -2.136292e-03 0.000000e+00
101 -2.491221e-02 -9.583965e-03 0.000000e+00
102 -3.605266e-02 -2.429717e-03 0.000000e+00
103 -3.291425e-02 -8.965887e-03 0.000000e+00
104 -3.408339e-02 -6.365722e-03 0.000000e+00
105 -2.852951e-02 9.884478e-03 0.000000e+00
106 -3.411418e-02 6.015440e-03 0.000000e+00
107 -3.609101e-02 3.747078e-03 0.000000e+00
108 2.442498e-02 2.327532e-03 0.000000e+00
109 -1.767762e-02 3.236538e-03 0.000000e+00
110 -2.165169e-02 9.884007e-03 0.000000e+00
111 -1.088351e-02 3.544274e-03 0.000000e+00
112 -1.443953e-02 -2.464560e-03 0.000000e+00
113 1.028506e-02 2.346385e-03 0.000000e+00
114 1.736271e-02 2.341890e-03 0.000000e+00
115 1.390171e-02 -1.794311e-03 0.000000e+00
116 -4.261546e-04 -2.414014e-03 0.000000e+00
117 2.327536e-03 2.187517e-03 0.000000e+00
118 -2.924746e-03 2.674238e-03 0.000000e+00
119 -3.230202e-02 9.436935e-03 0.000000e+00
120 -2.478691e-02 9.622925e-03 0.000000e+00
121 -3.648389e-02 5.178523e-04 0.000000e+00
122 -3.407183e-02 -1.106853e-02 0.000000e+00
123 -2.951234e-02 -1.112983e-02 0.000000e+00
124 -1.621412e-02 5.528137e-03 0.000000e+00
125 -1.462787e-02 2.682363e-03 0.000000e+00
126 -1.611848e-02 9.453644e-04 0.000000e+00
127 -1.722487e-02 -3.165455e-03 0.000000e+00
128 -1.260406e-02 6.353948e-04 0.000000e+00
129 -9.298391e-03 -5.272185e-06 0.000000e+00
130 -1.039315e-02 -2.570497e-03 0.000000e+00
131 -1.950541e-02 -6.453712e-03 0.000000e+00
132 -2.213571e-02 -9.065086e-03 0.000000e+00
133 -2.642350e-02 -1.105479e-02 0.000000e+00
134 -2.271364e-02 -1.103239e-02 0.000000e+00
135 -1.292353e-02 -5.288721e-03 0.000000e+00
136 -1.650494e-02 -5.629926e-03 0.000000e+00
137 -2.796684e-02 -9.788512e-03 0.000000e+00
138 -1.897187e-02 6.025185e-03 0.000000e+00
139 1.379613e-02 2.345413e-03 0.000000e+00
140 9.026953e-03 8.593325e-04 0.000000e+00
141 1.221515e-02 8.480155e-04 0.000000e+00
142 1.053139e-02 -1.693943e-03 0.000000e+00
143 1.572200e-02 8.375347e-04 0.000000e+00
144 1.928765e-02 8.315661e-04 0.000000e+00
145 1.740929e-02 -1.764161e-03 0.000000e+00
146 3.717973e-02 7.798009e-04 0.000000e+00
147 3.034701e-02 -4.763858e-03 0.000000e+00
148 2.438864e-02 -1.832028e-03 0.000000e+00
149 3.620434e-02 2.485011e-03 0.000000e+00
150 2.278914e-02 8.328679e-04 0.000000e+00
151 2.089287e-02 2.358591e-03 0.000000e+00
152 2.796172e-02 2.974654e-03 0.000000e+00
153 2.601211e-02 7.914438e-04 0.000000e+00
154 3.173017e-03 -2.598756e-03 0.000000e+00
155 -3.772208e-03 -2.290606e-03 0.000000e+00
156 5.407727e-03 1.123175e-03 0.000000e+00
157 6.814786e-03 2.122796e-03 0.000000e+00
158 -5.373033e-03 1.563913e-04 0.000000e+00
159 -7.476387e-03 3.068837e-03 0.000000e+00
160 -1.158282e-03 2.864307e-03 0.000000e+00
161 -1.671202e-03 2.419017e-04 0.000000e+00
162 1.800588e-03 4.943939e-04 0.000000e+00
163 -3.581294e-02 -4.876858e-03 0.000000e+00
164 -3.026187e-02 -9.536520e-03 0.000000e+00
165 -3.030976e-02 8.615495e-03 0.000000e+00
166 -1.775325e-02 1.049720e-03 0.000000e+00
167 -1.239766e-02 2.623875e-03 0.000000e+00
168 -3.416299e-03 1.197743e-03 0.000000e+00
169 -3.054528e-02 1.064691e-02 0.000000e+00
170 -2.275401e-02 8.587925e-03 0.000000e+00
171 -1.321765e-02 4.645224e-03 0.000000e+00
172 -8.966422e-03 -3.977558e-03 0.000000e+00
173 -1.834400e-02 -5.365353e-03 0.000000e+00
174 -5.096405e-03 -1.594582e-03 0.000000e+00
175 6.782932e-05 -5.799547e-04 0.000000e+00
176 1.845354e-04 1.457089e-03 0.000000e+00
177 -5.289928e-03 -3.101722e-03 0.000000e+00
178 -2.452303e-02 7.990835e-03 0.000000e+00
179 -3.544443e-03 -5.806331e-04 0.000000e+00
180 -1.896133e-02 1.988000e-03 0.000000e+00
181 -1.740279e-03 1.687117e-03 0.000000e+00
182 5.110787e-03 -1.195776e-03 0.000000e+00
183 7.887204e-03 -1.368092e-03 0.000000e+00
184 -2.102735e-02 6.740995e-03 0.000000e+00
185 -2.096082e-02 -7.125680e-03 0.000000e+00
186 -2.665991e-02 1.038199e-02 0.000000e+00
187 -3.289797e-02 7.825251e-03 0.000000e+00
188 -5.185144e-03 2.536856e-03 0.000000e+00
189 -1.087715e-02 1.450042e-03 0.000000e+00
190 -2.260937e-02 1.079962e-02 0.000000e+00
191 -3.507723e-02 2.062019e-03 0.000000e+00
192 -9.150614e-03 4.124244e-03 0.000000e+00
193 -2.014996e-03 -1.665281e-03 0.000000e+00
194 -3.311996e-02 1.097950e-02 0.000000e+00
195 -1.435620e-02 -3.526112e-04 0.000000e+00
196 -1.250248e-02 -1.528339e-03 0.000000e+00
197 -1.464250e-02 -4.541244e-03 0.000000e+00
198 -2.898110e-02 -8.200302e-03 0.000000e+00
199 2.002828e-03 -1.286459e-03 0.000000e+00
200 6.928382e-03 4.737703e-04 0.000000e+00
201 -7.277997e-03 1.048888e-03 0.000000e+00
202 3.535028e-03 8.968368e-04 0.000000e+00
203 -9.197357e-03 2.300403e-03 0.000000e+00
204 -1.119854e-02 -3.916222e-04 0.000000e+00
205 -1.635773e-02 -8.134353e-04 0.000000e+00
206 3.706832e-02 -9.535178e-04 0.000000e+00
207 -1.205749e-02 -3.577949e-03 0.000000e+00
1 102 1 2 
2 102 3 1 
3 102 2 4 
4 102 5 3 
5 102 4 6 
6 102 7 50 
7 102 50 51 
8 102 51 52 
9 102 52 5 
10 102 6 53 
11 102 53 54 
12 102 54 55 
13 102 55 56 
14 102 56 57 
15 102 57 8 
16 102 9 7 
17 102 8 58 
18 102 58 59 
19 102 59 60 
20 102 60 61 
21 102 61 62 
22 102 62 10 
23 102 11 9 
24 102 10 12 
25 102 13 11 
26 102 12 63 
27 102 63 14 
28 102 15 13 
29 102 14 64 
30 102 64 65 
31 102 65 16 
32 102 17 15 
33 102 16 66 
34 102 66 67 
35 102 67 18 
36 102 19 17 
37 102 18 68 
38 102 68 20 
39 102 21 19 
40 102 20 22 
41 102 23 21 
42 102 22 69 
43 102 69 70 
44 102 70 71 
45 102 71 72 
46 102 72 73 
47 102 73 24 
48 102 25 23 
49 102 24 74 
50 102 74 75 
51 102 75 76 
52 102 76 77 
53 102 77 78 
54 102 78 26 
55 102 27 79 
56 102 79 80 
57 102 80 25 
58 102 26 28 
59 102 29 27 
60 102 28 30 
61 102 31 29 
62 102 30 32 
63 102 33 31 
64 102 32 34 
65 102 35 33 
66 102 34 36 
67 102 37 35 
68 102 36 81 
69 102 81 82 
70 102 82 83 
71 102 83 38 
72 102 39 37 
73 102 38 40 
74 102 41 39 
75 102 40 41 
76 102 42 84 
77 102 84 43 
78 102 44 85 
79 102 85 42 
80 102 43 86 
81 102 86 45 
82 102 45 87 
83 102 87 44 
84 102 46 88 
85 102 88 89 
86 102 89 47 
87 102 48 90 
88 102 90 91 
89 102 91 46 
90 102 49 92 
91 102 92 93 
92 102 93 48 
93 102 47 94 
94 102 94 95 
95 102 95 49 
96 203 11 194 13 
97 203 105 169 51 
98 203 120 190 170 
99 203 7 194 11 
100 203 9 7 11 
101 203 128 195 125 
102 203 120 186 52 
103 203 52 190 120 
104 203 49 121 191 
105 203 3 1 5 
106 203 110 190 1 
107 203 106 15 187 
108 203 121 79 80 
109 203 102 27 79 
110 203 121 102 79 
111 203 103 93 164 
112 203 35 31 29 
113 203 41 39 122 
114 203 39 37 103 
115 203 104 103 37 
116 203 104 37 35 
117 203 31 35 33 
118 203 103 164 83 
119 203 103 122 39 
120 203 122 103 83 
121 203 38 122 83 
122 203 122 38 40 
123 203 122 40 41 
124 203 29 27 163 
125 203 102 163 27 
126 203 125 109 124 
127 203 76 77 172 
128 203 111 167 171 
129 203 53 171 124 
130 203 166 180 109 
131 203 146 16 206 
132 203 125 171 167 
133 203 46 166 205 
134 203 5 1 190 
135 203 135 78 197 
136 203 97 130 129 
137 203 196 204 130 
138 203 174 179 155 
139 203 109 125 126 
140 203 126 125 195 
141 203 132 101 90 
142 203 101 48 90 
143 203 131 185 91 
144 203 120 47 186 
145 203 30 185 28 
146 203 131 26 28 
147 203 132 185 30 
148 203 134 81 101 
149 203 133 101 81 
150 203 82 133 81 
151 203 134 32 36 
152 203 81 134 36 
153 203 101 132 134 
154 203 134 132 32 
155 203 132 30 32 
156 203 34 36 32 
157 203 136 26 173 
158 203 78 135 77 
159 203 76 172 97 
160 203 196 207 112 
161 203 112 197 127 
162 203 135 207 77 
163 203 131 173 26 
164 203 136 78 26 
165 203 89 47 178 
166 203 46 127 91 
167 203 127 173 91 
168 203 48 137 198 
169 203 137 101 133 
170 203 136 197 78 
171 203 164 137 123 
172 203 83 123 82 
173 203 94 187 165 
174 203 133 82 137 
175 203 104 92 93 
176 203 162 202 199 
177 203 103 104 93 
178 203 102 49 92 
179 203 104 163 92 
180 203 93 198 164 
181 203 101 137 48 
182 203 102 92 163 
183 203 138 124 109 
184 203 110 1 2 
185 203 104 35 163 
186 203 138 184 4 
187 203 124 138 6 
188 203 138 4 6 
189 203 53 124 6 
190 203 2 4 184 
191 203 132 90 185 
192 203 105 186 47 
193 203 170 178 120 
194 203 125 124 171 
195 203 35 29 163 
196 203 82 123 137 
197 203 2 184 170 
198 203 138 109 88 
199 203 55 159 192 
200 203 107 191 121 
201 203 102 121 49 
202 203 121 80 107 
203 203 94 165 47 
204 203 15 13 187 
205 203 119 187 13 
206 203 95 106 94 
207 203 118 168 188 
208 203 106 107 17 
209 203 106 17 15 
210 203 107 80 25 
211 203 107 25 23 
212 203 19 17 21 
213 203 107 106 95 
214 203 109 126 166 
215 203 23 21 17 
216 203 107 23 17 
217 203 139 141 59 
218 203 60 139 59 
219 203 114 143 60 
220 203 61 114 60 
221 203 141 140 113 
222 203 138 88 184 
223 203 115 142 141 
224 203 140 141 142 
225 203 144 143 114 
226 203 145 115 143 
227 203 99 145 144 
228 203 143 144 145 
229 203 141 143 115 
230 203 139 60 143 
231 203 113 59 141 
232 203 143 141 139 
233 203 24 96 73 
234 203 71 145 70 
235 203 145 99 70 
236 203 115 145 71 
237 203 73 142 72 
238 203 142 115 72 
239 203 96 183 73 
240 203 72 115 71 
241 203 66 206 16 
242 203 146 65 16 
243 203 43 86 67 
244 203 98 66 67 
245 203 45 206 98 
246 203 67 18 43 
247 203 147 43 18 
248 203 68 147 18 
249 203 68 20 147 
250 203 147 84 43 
251 203 69 148 22 
252 203 148 100 22 
253 203 100 20 22 
254 203 99 148 69 
255 203 70 99 69 
256 203 84 147 20 
257 203 100 84 20 
258 203 87 149 45 
259 203 130 172 207 
260 203 98 86 45 
261 203 149 64 65 
262 203 146 149 65 
263 203 64 87 44 
264 203 146 45 149 
265 203 64 44 14 
266 203 144 150 99 
267 203 149 87 64 
268 203 151 62 150 
269 203 114 61 144 
270 203 150 144 151 
271 203 151 144 61 
272 203 62 151 61 
273 203 108 150 62 
274 203 10 108 62 
275 203 152 153 10 
276 203 85 63 44 
277 203 152 10 12 
278 203 153 150 108 
279 203 14 44 63 
280 203 152 12 63 
281 203 148 99 150 
282 203 100 148 153 
283 203 150 153 148 
284 203 100 42 84 
285 203 98 67 86 
286 203 108 10 153 
287 203 153 152 42 
288 203 100 153 42 
289 203 152 63 85 
290 203 85 42 152 
291 203 154 182 24 
292 203 74 154 24 
293 203 76 177 75 
294 203 174 177 97 
295 203 155 193 75 
296 203 75 116 74 
297 203 116 199 74 
298 203 156 200 182 
299 203 157 58 140 
300 203 156 202 8 
301 203 158 97 201 
302 203 157 156 8 
303 203 58 157 8 
304 203 113 140 58 
305 203 59 113 58 
306 203 129 201 97 
307 203 129 204 189 
308 203 201 129 203 
309 203 156 182 202 
310 203 57 160 56 
311 203 118 188 56 
312 203 116 75 193 
313 203 55 56 188 
314 203 159 203 192 
315 203 118 56 160 
316 203 162 176 117 
317 203 8 117 57 
318 203 105 165 169 
319 203 161 181 176 
320 203 7 50 194 
321 203 46 88 180 
322 203 111 192 203 
323 203 175 199 116 
324 203 142 73 183 
325 203 182 199 202 
326 203 162 175 176 
327 203 160 57 176 
328 203 96 24 182 
329 203 155 75 177 
330 203 196 130 207 
331 203 135 197 207 
332 203 45 146 206 
333 203 66 98 206 
334 203 127 46 205 
335 203 195 112 205 
336 203 196 128 204 
337 203 129 130 204 
338 203 189 111 203 
339 203 159 201 203 
340 203 117 8 202 
341 203 162 117 202 
342 203 159 188 201 
343 203 189 203 129 
344 203 157 140 200 
345 203 156 157 200 
346 203 175 162 199 
347 203 154 74 199 
348 203 93 48 198 
349 203 137 164 198 
350 203 112 207 197 
351 203 136 127 197 
352 203 126 195 205 
353 203 112 195 196 
354 203 127 205 112 
355 203 128 196 195 
356 203 119 13 194 
357 203 50 169 194 
358 203 161 175 193 
359 203 155 179 193 
360 203 54 55 192 
361 203 111 54 192 
362 203 95 49 191 
363 203 107 95 191 
364 203 52 5 190 
365 203 110 170 190 
366 203 128 189 204 
367 203 128 167 189 
368 203 159 55 188 
369 203 168 158 188 
370 203 94 106 187 
371 203 119 165 187 
372 203 51 52 186 
373 203 105 51 186 
374 203 131 28 185 
375 203 90 91 185 
376 203 89 170 184 
377 203 88 89 184 
378 203 140 142 183 
379 203 96 182 183 
380 203 183 182 200 
381 203 154 199 182 
382 203 160 176 181 
383 203 168 118 181 
384 203 166 46 180 
385 203 88 109 180 
386 203 174 158 179 
387 203 161 193 179 
388 203 170 89 178 
389 203 47 120 178 
390 203 174 155 177 
391 203 76 97 177 
392 203 117 176 57 
393 203 175 161 176 
394 203 116 193 175 
395 203 140 183 200 
396 203 168 179 158 
397 203 97 158 174 
398 203 127 136 173 
399 203 131 91 173 
400 203 130 97 172 
401 203 77 207 172 
402 203 54 111 171 
403 203 53 54 171 
404 203 168 161 179 
405 203 110 2 170 
406 203 50 51 169 
407 203 119 194 169 
408 203 160 181 118 
409 203 158 201 188 
410 203 128 125 167 
411 203 111 189 167 
412 203 161 168 181 
413 203 126 205 166 
414 203 105 47 165 
415 203 119 169 165 
416 203 123 83 164 
