441 480
1 6.661338e-16 0.000000e+00 0.000000e+00
2 6.661338e-16 2.000000e+00 0.000000e+00
3 2.000000e+00 2.000000e+00 0.000000e+00
4 2.000000e+00 0.000000e+00 0.000000e+00
5 6.661338e-16 1.000000e-01 0.000000e+00
6 6.661338e-16 2.000000e-01 0.000000e+00
7 6.661338e-16 3.000000e-01 0.000000e+00
8 6.661338e-16 4.000000e-01 0.000000e+00
9 6.661338e-16 5.000000e-01 0.000000e+00
10 6.661338e-16 6.000000e-01 0.000000e+00
11 6.661338e-16 7.000000e-01 0.000000e+00
12 6.661338e-16 8.000000e-01 0.000000e+00
13 6.661338e-16 9.000000e-01 0.000000e+00
14 6.661338e-16 1.000000e+00 0.000000e+00
15 6.661338e-16 1.100000e+00 0.000000e+00
16 6.661338e-16 1.200000e+00 0.000000e+00
17 6.661338e-16 1.300000e+00 0.000000e+00
18 6.661338e-16 1.400000e+00 0.000000e+00
19 6.661338e-16 1.500000e+00 0.000000e+00
20 6.661338e-16 1.600000e+00 0.000000e+00
21 6.661338e-16 1.700000e+00 0.000000e+00
22 6.661338e-16 1.800000e+00 0.000000e+00
23 6.661338e-16 1.900000e+00 0.000000e+00
24 1.000000e-01 2.000000e+00 0.000000e+00
25 2.000000e-01 2.000000e+00 0.000000e+00
26 3.000000e-01 2.000000e+00 0.000000e+00
27 4.000000e-01 2.000000e+00 0.000000e+00
28 5.000000e-01 2.000000e+00 0.000000e+00
29 6.000000e-01 2.000000e+00 0.000000e+00
30 7.000000e-01 2.000000e+00 0.000000e+00
31 8.000000e-01 2.000000e+00 0.000000e+00
32 9.000000e-01 2.000000e+00 0.000000e+00
33 1.000000e+00 2.000000e+00 0.000000e+00
34 1.100000e+00 2.000000e+00 0.000000e+00
35 1.200000e+00 2.000000e+00 0.000000e+00
36 1.300000e+00 2.000000e+00 0.000000e+00
37 1.400000e+00 2.000000e+00 0.000000e+00
38 1.500000e+00 2.000000e+00 0.000000e+00
39 1.600000e+00 2.000000e+00 0.000000e+00
40 1.700000e+00 2.000000e+00 0.000000e+00
41 1.800000e+00 2.000000e+00 0.000000e+00
42 1.900000e+00 2.000000e+00 0.000000e+00
43 2.000000e+00 1.900000e+00 0.000000e+00
44 2.000000e+00 1.800000e+00 0.000000e+00
45 2.000000e+00 1.700000e+00 0.000000e+00
46 2.000000e+00 1.600000e+00 0.000000e+00
47 2.000000e+00 1.500000e+00 0.000000e+00
48 2.000000e+00 1.400000e+00 0.000000e+00
49 2.000000e+00 1.300000e+00 0.000000e+00
50 2.000000e+00 1.200000e+00 0.000000e+00
51 2.000000e+00 1.100000e+00 0.000000e+00
52 2.000000e+00 1.000000e+00 0.000000e+00
53 2.000000e+00 9.000000e-01 0.000000e+00
54 2.000000e+00 8.000000e-01 0.000000e+00
55 2.000000e+00 7.000000e-01 0.000000e+00
56 2.000000e+00 6.000000e-01 0.000000e+00
57 2.000000e+00 5.000000e-01 0.000000e+00
58 2.000000e+00 4.000000e-01 0.000000e+00
59 2.000000e+00 3.000000e-01 0.000000e+00
60 2.000000e+00 2.000000e-01 0.000000e+00
61 2.000000e+00 1.000000e-01 0.000000e+00
62 1.900000e+00 0.000000e+00 0.000000e+00
63 1.800000e+00 0.000000e+00 0.000000e+00
64 1.700000e+00 0.000000e+00 0.000000e+00
65 1.600000e+00 0.000000e+00 0.000000e+00
66 1.500000e+00 0.000000e+00 0.000000e+00
67 1.400000e+00 0.000000e+00 0.000000e+00
68 1.300000e+00 0.000000e+00 0.000000e+00
69 1.200000e+00 0.000000e+00 0.000000e+00
70 1.100000e+00 0.000000e+00 0.000000e+00
71 1.000000e+00 0.000000e+00 0.000000e+00
72 9.000000e-01 0.000000e+00 0.000000e+00
73 8.000000e-01 0.000000e+00 0.000000e+00
74 7.000000e-01 0.000000e+00 0.000000e+00
75 6.000000e-01 0.000000e+00 0.000000e+00
76 5.000000e-01 0.000000e+00 0.000000e+00
77 4.000000e-01 0.000000e+00 0.000000e+00
78 3.000000e-01 0.000000e+00 0.000000e+00
79 2.000000e-01 0.000000e+00 0.000000e+00
80 1.000000e-01 0.000000e+00 0.000000e+00
81 1.000000e-01 1.900000e+00 0.000000e+00
82 2.000000e-01 1.900000e+00 0.000000e+00
83 3.000000e-01 1.900000e+00 0.000000e+00
84 4.000000e-01 1.900000e+00 0.000000e+00
85 5.000000e-01 1.900000e+00 0.000000e+00
86 6.000000e-01 1.900000e+00 0.000000e+00
87 7.000000e-01 1.900000e+00 0.000000e+00
88 8.000000e-01 1.900000e+00 0.000000e+00
89 9.000000e-01 1.900000e+00 0.000000e+00
90 1.000000e+00 1.900000e+00 0.000000e+00
91 1.100000e+00 1.900000e+00 0.000000e+00
92 1.200000e+00 1.900000e+00 0.000000e+00
93 1.300000e+00 1.900000e+00 0.000000e+00
94 1.400000e+00 1.900000e+00 0.000000e+00
95 1.500000e+00 1.900000e+00 0.000000e+00
96 1.600000e+00 1.900000e+00 0.000000e+00
97 1.700000e+00 1.900000e+00 0.000000e+00
98 1.800000e+00 1.900000e+00 0.000000e+00
99 1.900000e+00 1.900000e+00 0.000000e+00
100 1.000000e-01 1.800000e+00 0.000000e+00
101 2.000000e-01 1.800000e+00 0.000000e+00
102 3.000000e-01 1.800000e+00 0.000000e+00
103 4.000000e-01 1.800000e+00 0.000000e+00
104 5.000000e-01 1.800000e+00 0.000000e+00
105 6.000000e-01 1.800000e+00 0.000000e+00
106 7.000000e-01 1.800000e+00 0.000000e+00
107 8.000000e-01 1.800000e+00 0.000000e+00
108 9.000000e-01 1.800000e+00 0.000000e+00
109 1.000000e+00 1.800000e+00 0.000000e+00
110 1.100000e+00 1.800000e+00 0.000000e+00
111 1.200000e+00 1.800000e+00 0.000000e+00
112 1.300000e+00 1.800000e+00 0.000000e+00
113 1.400000e+00 1.800000e+00 0.000000e+00
114 1.500000e+00 1.800000e+00 0.000000e+00
115 1.600000e+00 1.800000e+00 0.000000e+00
116 1.700000e+00 1.800000e+00 0.000000e+00
117 1.800000e+00 1.800000e+00 0.000000e+00
118 1.900000e+00 1.800000e+00 0.000000e+00
119 1.000000e-01 1.700000e+00 0.000000e+00
120 2.000000e-01 1.700000e+00 0.000000e+00
121 3.000000e-01 1.700000e+00 0.000000e+00
122 4.000000e-01 1.700000e+00 0.000000e+00
123 5.000000e-01 1.700000e+00 0.000000e+00
124 6.000000e-01 1.700000e+00 0.000000e+00
125 7.000000e-01 1.700000e+00 0.000000e+00
126 8.000000e-01 1.700000e+00 0.000000e+00
127 9.000000e-01 1.700000e+00 0.000000e+00
128 1.000000e+00 1.700000e+00 0.000000e+00
129 1.100000e+00 1.700000e+00 0.000000e+00
130 1.200000e+00 1.700000e+00 0.000000e+00
131 1.300000e+00 1.700000e+00 0.000000e+00
132 1.400000e+00 1.700000e+00 0.000000e+00
133 1.500000e+00 1.700000e+00 0.000000e+00
134 1.600000e+00 1.700000e+00 0.000000e+00
135 1.700000e+00 1.700000e+00 0.000000e+00
136 1.800000e+00 1.700000e+00 0.000000e+00
137 1.900000e+00 1.700000e+00 0.000000e+00
138 1.000000e-01 1.600000e+00 0.000000e+00
139 2.000000e-01 1.600000e+00 0.000000e+00
140 3.000000e-01 1.600000e+00 0.000000e+00
141 4.000000e-01 1.600000e+00 0.000000e+00
142 5.000000e-01 1.600000e+00 0.000000e+00
143 6.000000e-01 1.600000e+00 0.000000e+00
144 7.000000e-01 1.600000e+00 0.000000e+00
145 8.000000e-01 1.600000e+00 0.000000e+00
146 9.000000e-01 1.600000e+00 0.000000e+00
147 1.000000e+00 1.600000e+00 0.000000e+00
148 1.100000e+00 1.600000e+00 0.000000e+00
149 1.200000e+00 1.600000e+00 0.000000e+00
150 1.300000e+00 1.600000e+00 0.000000e+00
151 1.400000e+00 1.600000e+00 0.000000e+00
152 1.500000e+00 1.600000e+00 0.000000e+00
153 1.600000e+00 1.600000e+00 0.000000e+00
154 1.700000e+00 1.600000e+00 0.000000e+00
155 1.800000e+00 1.600000e+00 0.000000e+00
156 1.900000e+00 1.600000e+00 0.000000e+00
157 1.000000e-01 1.500000e+00 0.000000e+00
158 2.000000e-01 1.500000e+00 0.000000e+00
159 3.000000e-01 1.500000e+00 0.000000e+00
160 4.000000e-01 1.500000e+00 0.000000e+00
161 5.000000e-01 1.500000e+00 0.000000e+00
162 6.000000e-01 1.500000e+00 0.000000e+00
163 7.000000e-01 1.500000e+00 0.000000e+00
164 8.000000e-01 1.500000e+00 0.000000e+00
165 9.000000e-01 1.500000e+00 0.000000e+00
166 1.000000e+00 1.500000e+00 0.000000e+00
167 1.100000e+00 1.500000e+00 0.000000e+00
168 1.200000e+00 1.500000e+00 0.000000e+00
169 1.300000e+00 1.500000e+00 0.000000e+00
170 1.400000e+00 1.500000e+00 0.000000e+00
171 1.500000e+00 1.500000e+00 0.000000e+00
172 1.600000e+00 1.500000e+00 0.000000e+00
173 1.700000e+00 1.500000e+00 0.000000e+00
174 1.800000e+00 1.500000e+00 0.000000e+00
175 1.900000e+00 1.500000e+00 0.000000e+00
176 1.000000e-01 1.400000e+00 0.000000e+00
177 2.000000e-01 1.400000e+00 0.000000e+00
178 3.000000e-01 1.400000e+00 0.000000e+00
179 4.000000e-01 1.400000e+00 0.000000e+00
180 5.000000e-01 1.400000e+00 0.000000e+00
181 6.000000e-01 1.400000e+00 0.000000e+00
182 7.000000e-01 1.400000e+00 0.000000e+00
183 8.000000e-01 1.400000e+00 0.000000e+00
184 9.000000e-01 1.400000e+00 0.000000e+00
185 1.000000e+00 1.400000e+00 0.000000e+00
186 1.100000e+00 1.400000e+00 0.000000e+00
187 1.200000e+00 1.400000e+00 0.000000e+00
188 1.300000e+00 1.400000e+00 0.000000e+00
189 1.400000e+00 1.400000e+00 0.000000e+00
190 1.500000e+00 1.400000e+00 0.000000e+00
191 1.600000e+00 1.400000e+00 0.000000e+00
192 1.700000e+00 1.400000e+00 0.000000e+00
193 1.800000e+00 1.400000e+00 0.000000e+00
194 1.900000e+00 1.400000e+00 0.000000e+00
195 1.000000e-01 1.300000e+00 0.000000e+00
196 2.000000e-01 1.300000e+00 0.000000e+00
197 3.000000e-01 1.300000e+00 0.000000e+00
198 4.000000e-01 1.300000e+00 0.000000e+00
199 5.000000e-01 1.300000e+00 0.000000e+00
200 6.000000e-01 1.300000e+00 0.000000e+00
201 7.000000e-01 1.300000e+00 0.000000e+00
202 8.000000e-01 1.300000e+00 0.000000e+00
203 9.000000e-01 1.300000e+00 0.000000e+00
204 1.000000e+00 1.300000e+00 0.000000e+00
205 1.100000e+00 1.300000e+00 0.000000e+00
206 1.200000e+00 1.300000e+00 0.000000e+00
207 1.300000e+00 1.300000e+00 0.000000e+00
208 1.400000e+00 1.300000e+00 0.000000e+00
209 1.500000e+00 1.300000e+00 0.000000e+00
210 1.600000e+00 1.300000e+00 0.000000e+00
211 1.700000e+00 1.300000e+00 0.000000e+00
212 1.800000e+00 1.300000e+00 0.000000e+00
213 1.900000e+00 1.300000e+00 0.000000e+00
214 1.000000e-01 1.200000e+00 0.000000e+00
215 2.000000e-01 1.200000e+00 0.000000e+00
216 3.000000e-01 1.200000e+00 0.000000e+00
217 4.000000e-01 1.200000e+00 0.000000e+00
218 5.000000e-01 1.200000e+00 0.000000e+00
219 6.000000e-01 1.200000e+00 0.000000e+00
220 7.000000e-01 1.200000e+00 0.000000e+00
221 8.000000e-01 1.200000e+00 0.000000e+00
222 9.000000e-01 1.200000e+00 0.000000e+00
223 1.000000e+00 1.200000e+00 0.000000e+00
224 1.100000e+00 1.200000e+00 0.000000e+00
225 1.200000e+00 1.200000e+00 0.000000e+00
226 1.300000e+00 1.200000e+00 0.000000e+00
227 1.400000e+00 1.200000e+00 0.000000e+00
228 1.500000e+00 1.200000e+00 0.000000e+00
229 1.600000e+00 1.200000e+00 0.000000e+00
230 1.700000e+00 1.200000e+00 0.000000e+00
231 1.800000e+00 1.200000e+00 0.000000e+00
232 1.900000e+00 1.200000e+00 0.000000e+00
233 1.000000e-01 1.100000e+00 0.000000e+00
234 2.000000e-01 1.100000e+00 0.000000e+00
235 3.000000e-01 1.100000e+00 0.000000e+00
236 4.000000e-01 1.100000e+00 0.000000e+00
237 5.000000e-01 1.100000e+00 0.000000e+00
238 6.000000e-01 1.100000e+00 0.000000e+00
239 7.000000e-01 1.100000e+00 0.000000e+00
240 8.000000e-01 1.100000e+00 0.000000e+00
241 9.000000e-01 1.100000e+00 0.000000e+00
242 1.000000e+00 1.100000e+00 0.000000e+00
243 1.100000e+00 1.100000e+00 0.000000e+00
244 1.200000e+00 1.100000e+00 0.000000e+00
245 1.300000e+00 1.100000e+00 0.000000e+00
246 1.400000e+00 1.100000e+00 0.000000e+00
247 1.500000e+00 1.100000e+00 0.000000e+00
248 1.600000e+00 1.100000e+00 0.000000e+00
249 1.700000e+00 1.100000e+00 0.000000e+00
250 1.800000e+00 1.100000e+00 0.000000e+00
251 1.900000e+00 1.100000e+00 0.000000e+00
252 1.000000e-01 1.000000e+00 0.000000e+00
253 2.000000e-01 1.000000e+00 0.000000e+00
254 3.000000e-01 1.000000e+00 0.000000e+00
255 4.000000e-01 1.000000e+00 0.000000e+00
256 5.000000e-01 1.000000e+00 0.000000e+00
257 6.000000e-01 1.000000e+00 0.000000e+00
258 7.000000e-01 1.000000e+00 0.000000e+00
259 8.000000e-01 1.000000e+00 0.000000e+00
260 9.000000e-01 1.000000e+00 0.000000e+00
261 1.000000e+00 1.000000e+00 0.000000e+00
262 1.100000e+00 1.000000e+00 0.000000e+00
263 1.200000e+00 1.000000e+00 0.000000e+00
264 1.300000e+00 1.000000e+00 0.000000e+00
265 1.400000e+00 1.000000e+00 0.000000e+00
266 1.500000e+00 1.000000e+00 0.000000e+00
267 1.600000e+00 1.000000e+00 0.000000e+00
268 1.700000e+00 1.000000e+00 0.000000e+00
269 1.800000e+00 1.000000e+00 0.000000e+00
270 1.900000e+00 1.000000e+00 0.000000e+00
271 1.000000e-01 9.000000e-01 0.000000e+00
272 2.000000e-01 9.000000e-01 0.000000e+00
273 3.000000e-01 9.000000e-01 0.000000e+00
274 4.000000e-01 9.000000e-01 0.000000e+00
275 5.000000e-01 9.000000e-01 0.000000e+00
276 6.000000e-01 9.000000e-01 0.000000e+00
277 7.000000e-01 9.000000e-01 0.000000e+00
278 8.000000e-01 9.000000e-01 0.000000e+00
279 9.000000e-01 9.000000e-01 0.000000e+00
280 1.000000e+00 9.000000e-01 0.000000e+00
281 1.100000e+00 9.000000e-01 0.000000e+00
282 1.200000e+00 9.000000e-01 0.000000e+00
283 1.300000e+00 9.000000e-01 0.000000e+00
284 1.400000e+00 9.000000e-01 0.000000e+00
285 1.500000e+00 9.000000e-01 0.000000e+00
286 1.600000e+00 9.000000e-01 0.000000e+00
287 1.700000e+00 9.000000e-01 0.000000e+00
288 1.800000e+00 9.000000e-01 0.000000e+00
289 1.900000e+00 9.000000e-01 0.000000e+00
290 1.000000e-01 8.000000e-01 0.000000e+00
291 2.000000e-01 8.000000e-01 0.000000e+00
292 3.000000e-01 8.000000e-01 0.000000e+00
293 4.000000e-01 8.000000e-01 0.000000e+00
294 5.000000e-01 8.000000e-01 0.000000e+00
295 6.000000e-01 8.000000e-01 0.000000e+00
296 7.000000e-01 8.000000e-01 0.000000e+00
297 8.000000e-01 8.000000e-01 0.000000e+00
298 9.000000e-01 8.000000e-01 0.000000e+00
299 1.000000e+00 8.000000e-01 0.000000e+00
300 1.100000e+00 8.000000e-01 0.000000e+00
301 1.200000e+00 8.000000e-01 0.000000e+00
302 1.300000e+00 8.000000e-01 0.000000e+00
303 1.400000e+00 8.000000e-01 0.000000e+00
304 1.500000e+00 8.000000e-01 0.000000e+00
305 1.600000e+00 8.000000e-01 0.000000e+00
306 1.700000e+00 8.000000e-01 0.000000e+00
307 1.800000e+00 8.000000e-01 0.000000e+00
308 1.900000e+00 8.000000e-01 0.000000e+00
309 1.000000e-01 7.000000e-01 0.000000e+00
310 2.000000e-01 7.000000e-01 0.000000e+00
311 3.000000e-01 7.000000e-01 0.000000e+00
312 4.000000e-01 7.000000e-01 0.000000e+00
313 5.000000e-01 7.000000e-01 0.000000e+00
314 6.000000e-01 7.000000e-01 0.000000e+00
315 7.000000e-01 7.000000e-01 0.000000e+00
316 8.000000e-01 7.000000e-01 0.000000e+00
317 9.000000e-01 7.000000e-01 0.000000e+00
318 1.000000e+00 7.000000e-01 0.000000e+00
319 1.100000e+00 7.000000e-01 0.000000e+00
320 1.200000e+00 7.000000e-01 0.000000e+00
321 1.300000e+00 7.000000e-01 0.000000e+00
322 1.400000e+00 7.000000e-01 0.000000e+00
323 1.500000e+00 7.000000e-01 0.000000e+00
324 1.600000e+00 7.000000e-01 0.000000e+00
325 1.700000e+00 7.000000e-01 0.000000e+00
326 1.800000e+00 7.000000e-01 0.000000e+00
327 1.900000e+00 7.000000e-01 0.000000e+00
328 1.000000e-01 6.000000e-01 0.000000e+00
329 2.000000e-01 6.000000e-01 0.000000e+00
330 3.000000e-01 6.000000e-01 0.000000e+00
331 4.000000e-01 6.000000e-01 0.000000e+00
332 5.000000e-01 6.000000e-01 0.000000e+00
333 6.000000e-01 6.000000e-01 0.000000e+00
334 7.000000e-01 6.000000e-01 0.000000e+00
335 8.000000e-01 6.000000e-01 0.000000e+00
336 9.000000e-01 6.000000e-01 0.000000e+00
337 1.000000e+00 6.000000e-01 0.000000e+00
338 1.100000e+00 6.000000e-01 0.000000e+00
339 1.200000e+00 6.000000e-01 0.000000e+00
340 1.300000e+00 6.000000e-01 0.000000e+00
341 1.400000e+00 6.000000e-01 0.000000e+00
342 1.500000e+00 6.000000e-01 0.000000e+00
343 1.600000e+00 6.000000e-01 0.000000e+00
344 1.700000e+00 6.000000e-01 0.000000e+00
345 1.800000e+00 6.000000e-01 0.000000e+00
346 1.900000e+00 6.000000e-01 0.000000e+00
347 1.000000e-01 5.000000e-01 0.000000e+00
348 2.000000e-01 5.000000e-01 0.000000e+00
349 3.000000e-01 5.000000e-01 0.000000e+00
350 4.000000e-01 5.000000e-01 0.000000e+00
351 5.000000e-01 5.000000e-01 0.000000e+00
352 6.000000e-01 5.000000e-01 0.000000e+00
353 7.000000e-01 5.000000e-01 0.000000e+00
354 8.000000e-01 5.000000e-01 0.000000e+00
355 9.000000e-01 5.000000e-01 0.000000e+00
356 1.000000e+00 5.000000e-01 0.000000e+00
357 1.100000e+00 5.000000e-01 0.000000e+00
358 1.200000e+00 5.000000e-01 0.000000e+00
359 1.300000e+00 5.000000e-01 0.000000e+00
360 1.400000e+00 5.000000e-01 0.000000e+00
361 1.500000e+00 5.000000e-01 0.000000e+00
362 1.600000e+00 5.000000e-01 0.000000e+00
363 1.700000e+00 5.000000e-01 0.000000e+00
364 1.800000e+00 5.000000e-01 0.000000e+00
365 1.900000e+00 5.000000e-01 0.000000e+00
366 1.000000e-01 4.000000e-01 0.000000e+00
367 2.000000e-01 4.000000e-01 0.000000e+00
368 3.000000e-01 4.000000e-01 0.000000e+00
369 4.000000e-01 4.000000e-01 0.000000e+00
370 5.000000e-01 4.000000e-01 0.000000e+00
371 6.000000e-01 4.000000e-01 0.000000e+00
372 7.000000e-01 4.000000e-01 0.000000e+00
373 8.000000e-01 4.000000e-01 0.000000e+00
374 9.000000e-01 4.000000e-01 0.000000e+00
375 1.000000e+00 4.000000e-01 0.000000e+00
376 1.100000e+00 4.000000e-01 0.000000e+00
377 1.200000e+00 4.000000e-01 0.000000e+00
378 1.300000e+00 4.000000e-01 0.000000e+00
379 1.400000e+00 4.000000e-01 0.000000e+00
380 1.500000e+00 4.000000e-01 0.000000e+00
381 1.600000e+00 4.000000e-01 0.000000e+00
382 1.700000e+00 4.000000e-01 0.000000e+00
383 1.800000e+00 4.000000e-01 0.000000e+00
384 1.900000e+00 4.000000e-01 0.000000e+00
385 1.000000e-01 3.000000e-01 0.000000e+00
386 2.000000e-01 3.000000e-01 0.000000e+00
387 3.000000e-01 3.000000e-01 0.000000e+00
388 4.000000e-01 3.000000e-01 0.000000e+00
389 5.000000e-01 3.000000e-01 0.000000e+00
390 6.000000e-01 3.000000e-01 0.000000e+00
391 7.000000e-01 3.000000e-01 0.000000e+00
392 8.000000e-01 3.000000e-01 0.000000e+00
393 9.000000e-01 3.000000e-01 0.000000e+00
394 1.000000e+00 3.000000e-01 0.000000e+00
395 1.100000e+00 3.000000e-01 0.000000e+00
396 1.200000e+00 3.000000e-01 0.000000e+00
397 1.300000e+00 3.000000e-01 0.000000e+00
398 1.400000e+00 3.000000e-01 0.000000e+00
399 1.500000e+00 3.000000e-01 0.000000e+00
400 1.600000e+00 3.000000e-01 0.000000e+00
401 1.700000e+00 3.000000e-01 0.000000e+00
402 1.800000e+00 3.000000e-01 0.000000e+00
403 1.900000e+00 3.000000e-01 0.000000e+00
404 1.000000e-01 2.000000e-01 0.000000e+00
405 2.000000e-01 2.000000e-01 0.000000e+00
406 3.000000e-01 2.000000e-01 0.000000e+00
407 4.000000e-01 2.000000e-01 0.000000e+00
408 5.000000e-01 2.000000e-01 0.000000e+00
409 6.000000e-01 2.000000e-01 0.000000e+00
410 7.000000e-01 2.000000e-01 0.000000e+00
411 8.000000e-01 2.000000e-01 0.000000e+00
412 9.000000e-01 2.000000e-01 0.000000e+00
413 1.000000e+00 2.000000e-01 0.000000e+00
414 1.100000e+00 2.000000e-01 0.000000e+00
415 1.200000e+00 2.000000e-01 0.000000e+00
416 1.300000e+00 2.000000e-01 0.000000e+00
417 1.400000e+00 2.000000e-01 0.000000e+00
418 1.500000e+00 2.000000e-01 0.000000e+00
419 1.600000e+00 2.000000e-01 0.000000e+00
420 1.700000e+00 2.000000e-01 0.000000e+00
421 1.800000e+00 2.000000e-01 0.000000e+00
422 1.900000e+00 2.000000e-01 0.000000e+00
423 1.000000e-01 1.000000e-01 0.000000e+00
424 2.000000e-01 1.000000e-01 0.000000e+00
425 3.000000e-01 1.000000e-01 0.000000e+00
426 4.000000e-01 1.000000e-01 0.000000e+00
427 5.000000e-01 1.000000e-01 0.000000e+00
428 6.000000e-01 1.000000e-01 0.000000e+00
429 7.000000e-01 1.000000e-01 0.000000e+00
430 8.000000e-01 1.000000e-01 0.000000e+00
431 9.000000e-01 1.000000e-01 0.000000e+00
432 1.000000e+00 1.000000e-01 0.000000e+00
433 1.100000e+00 1.000000e-01 0.000000e+00
434 1.200000e+00 1.000000e-01 0.000000e+00
435 1.300000e+00 1.000000e-01 0.000000e+00
436 1.400000e+00 1.000000e-01 0.000000e+00
437 1.500000e+00 1.000000e-01 0.000000e+00
438 1.600000e+00 1.000000e-01 0.000000e+00
439 1.700000e+00 1.000000e-01 0.000000e+00
440 1.800000e+00 1.000000e-01 0.000000e+00
441 1.900000e+00 1.000000e-01 0.000000e+00
1 102 1 5 
2 102 5 6 
3 102 6 7 
4 102 7 8 
5 102 8 9 
6 102 9 10 
7 102 10 11 
8 102 11 12 
9 102 12 13 
10 102 13 14 
11 102 14 15 
12 102 15 16 
13 102 16 17 
14 102 17 18 
15 102 18 19 
16 102 19 20 
17 102 20 21 
18 102 21 22 
19 102 22 23 
20 102 23 2 
21 102 2 24 
22 102 24 25 
23 102 25 26 
24 102 26 27 
25 102 27 28 
26 102 28 29 
27 102 29 30 
28 102 30 31 
29 102 31 32 
30 102 32 33 
31 102 33 34 
32 102 34 35 
33 102 35 36 
34 102 36 37 
35 102 37 38 
36 102 38 39 
37 102 39 40 
38 102 40 41 
39 102 41 42 
40 102 42 3 
41 102 3 43 
42 102 43 44 
43 102 44 45 
44 102 45 46 
45 102 46 47 
46 102 47 48 
47 102 48 49 
48 102 49 50 
49 102 50 51 
50 102 51 52 
51 102 52 53 
52 102 53 54 
53 102 54 55 
54 102 55 56 
55 102 56 57 
56 102 57 58 
57 102 58 59 
58 102 59 60 
59 102 60 61 
60 102 61 4 
61 102 4 62 
62 102 62 63 
63 102 63 64 
64 102 64 65 
65 102 65 66 
66 102 66 67 
67 102 67 68 
68 102 68 69 
69 102 69 70 
70 102 70 71 
71 102 71 72 
72 102 72 73 
73 102 73 74 
74 102 74 75 
75 102 75 76 
76 102 76 77 
77 102 77 78 
78 102 78 79 
79 102 79 80 
80 102 80 1 
81 204 2 23 81 24 
82 204 24 81 82 25 
83 204 25 82 83 26 
84 204 26 83 84 27 
85 204 27 84 85 28 
86 204 28 85 86 29 
87 204 29 86 87 30 
88 204 30 87 88 31 
89 204 31 88 89 32 
90 204 32 89 90 33 
91 204 33 90 91 34 
92 204 34 91 92 35 
93 204 35 92 93 36 
94 204 36 93 94 37 
95 204 37 94 95 38 
96 204 38 95 96 39 
97 204 39 96 97 40 
98 204 40 97 98 41 
99 204 41 98 99 42 
100 204 42 99 43 3 
101 204 23 22 100 81 
102 204 81 100 101 82 
103 204 82 101 102 83 
104 204 83 102 103 84 
105 204 84 103 104 85 
106 204 85 104 105 86 
107 204 86 105 106 87 
108 204 87 106 107 88 
109 204 88 107 108 89 
110 204 89 108 109 90 
111 204 90 109 110 91 
112 204 91 110 111 92 
113 204 92 111 112 93 
114 204 93 112 113 94 
115 204 94 113 114 95 
116 204 95 114 115 96 
117 204 96 115 116 97 
118 204 97 116 117 98 
119 204 98 117 118 99 
120 204 99 118 44 43 
121 204 22 21 119 100 
122 204 100 119 120 101 
123 204 101 120 121 102 
124 204 102 121 122 103 
125 204 103 122 123 104 
126 204 104 123 124 105 
127 204 105 124 125 106 
128 204 106 125 126 107 
129 204 107 126 127 108 
130 204 108 127 128 109 
131 204 109 128 129 110 
132 204 110 129 130 111 
133 204 111 130 131 112 
134 204 112 131 132 113 
135 204 113 132 133 114 
136 204 114 133 134 115 
137 204 115 134 135 116 
138 204 116 135 136 117 
139 204 117 136 137 118 
140 204 118 137 45 44 
141 204 21 20 138 119 
142 204 119 138 139 120 
143 204 120 139 140 121 
144 204 121 140 141 122 
145 204 122 141 142 123 
146 204 123 142 143 124 
147 204 124 143 144 125 
148 204 125 144 145 126 
149 204 126 145 146 127 
150 204 127 146 147 128 
151 204 128 147 148 129 
152 204 129 148 149 130 
153 204 130 149 150 131 
154 204 131 150 151 132 
155 204 132 151 152 133 
156 204 133 152 153 134 
157 204 134 153 154 135 
158 204 135 154 155 136 
159 204 136 155 156 137 
160 204 137 156 46 45 
161 204 20 19 157 138 
162 204 138 157 158 139 
163 204 139 158 159 140 
164 204 140 159 160 141 
165 204 141 160 161 142 
166 204 142 161 162 143 
167 204 143 162 163 144 
168 204 144 163 164 145 
169 204 145 164 165 146 
170 204 146 165 166 147 
171 204 147 166 167 148 
172 204 148 167 168 149 
173 204 149 168 169 150 
174 204 150 169 170 151 
175 204 151 170 171 152 
176 204 152 171 172 153 
177 204 153 172 173 154 
178 204 154 173 174 155 
179 204 155 174 175 156 
180 204 156 175 47 46 
181 204 19 18 176 157 
182 204 157 176 177 158 
183 204 158 177 178 159 
184 204 159 178 179 160 
185 204 160 179 180 161 
186 204 161 180 181 162 
187 204 162 181 182 163 
188 204 163 182 183 164 
189 204 164 183 184 165 
190 204 165 184 185 166 
191 204 166 185 186 167 
192 204 167 186 187 168 
193 204 168 187 188 169 
194 204 169 188 189 170 
195 204 170 189 190 171 
196 204 171 190 191 172 
197 204 172 191 192 173 
198 204 173 192 193 174 
199 204 174 193 194 175 
200 204 175 194 48 47 
201 204 18 17 195 176 
202 204 176 195 196 177 
203 204 177 196 197 178 
204 204 178 197 198 179 
205 204 179 198 199 180 
206 204 180 199 200 181 
207 204 181 200 201 182 
208 204 182 201 202 183 
209 204 183 202 203 184 
210 204 184 203 204 185 
211 204 185 204 205 186 
212 204 186 205 206 187 
213 204 187 206 207 188 
214 204 188 207 208 189 
215 204 189 208 209 190 
216 204 190 209 210 191 
217 204 191 210 211 192 
218 204 192 211 212 193 
219 204 193 212 213 194 
220 204 194 213 49 48 
221 204 17 16 214 195 
222 204 195 214 215 196 
223 204 196 215 216 197 
224 204 197 216 217 198 
225 204 198 217 218 199 
226 204 199 218 219 200 
227 204 200 219 220 201 
228 204 201 220 221 202 
229 204 202 221 222 203 
230 204 203 222 223 204 
231 204 204 223 224 205 
232 204 205 224 225 206 
233 204 206 225 226 207 
234 204 207 226 227 208 
235 204 208 227 228 209 
236 204 209 228 229 210 
237 204 210 229 230 211 
238 204 211 230 231 212 
239 204 212 231 232 213 
240 204 213 232 50 49 
241 204 16 15 233 214 
242 204 214 233 234 215 
243 204 215 234 235 216 
244 204 216 235 236 217 
245 204 217 236 237 218 
246 204 218 237 238 219 
247 204 219 238 239 220 
248 204 220 239 240 221 
249 204 221 240 241 222 
250 204 222 241 242 223 
251 204 223 242 243 224 
252 204 224 243 244 225 
253 204 225 244 245 226 
254 204 226 245 246 227 
255 204 227 246 247 228 
256 204 228 247 248 229 
257 204 229 248 249 230 
258 204 230 249 250 231 
259 204 231 250 251 232 
260 204 232 251 51 50 
261 204 15 14 252 233 
262 204 233 252 253 234 
263 204 234 253 254 235 
264 204 235 254 255 236 
265 204 236 255 256 237 
266 204 237 256 257 238 
267 204 238 257 258 239 
268 204 239 258 259 240 
269 204 240 259 260 241 
270 204 241 260 261 242 
271 204 242 261 262 243 
272 204 243 262 263 244 
273 204 244 263 264 245 
274 204 245 264 265 246 
275 204 246 265 266 247 
276 204 247 266 267 248 
277 204 248 267 268 249 
278 204 249 268 269 250 
279 204 250 269 270 251 
280 204 251 270 52 51 
281 204 14 13 271 252 
282 204 252 271 272 253 
283 204 253 272 273 254 
284 204 254 273 274 255 
285 204 255 274 275 256 
286 204 256 275 276 257 
287 204 257 276 277 258 
288 204 258 277 278 259 
289 204 259 278 279 260 
290 204 260 279 280 261 
291 204 261 280 281 262 
292 204 262 281 282 263 
293 204 263 282 283 264 
294 204 264 283 284 265 
295 204 265 284 285 266 
296 204 266 285 286 267 
297 204 267 286 287 268 
298 204 268 287 288 269 
299 204 269 288 289 270 
300 204 270 289 53 52 
301 204 13 12 290 271 
302 204 271 290 291 272 
303 204 272 291 292 273 
304 204 273 292 293 274 
305 204 274 293 294 275 
306 204 275 294 295 276 
307 204 276 295 296 277 
308 204 277 296 297 278 
309 204 278 297 298 279 
310 204 279 298 299 280 
311 204 280 299 300 281 
312 204 281 300 301 282 
313 204 282 301 302 283 
314 204 283 302 303 284 
315 204 284 303 304 285 
316 204 285 304 305 286 
317 204 286 305 306 287 
318 204 287 306 307 288 
319 204 288 307 308 289 
320 204 289 308 54 53 
321 204 12 11 309 290 
322 204 290 309 310 291 
323 204 291 310 311 292 
324 204 292 311 312 293 
325 204 293 312 313 294 
326 204 294 313 314 295 
327 204 295 314 315 296 
328 204 296 315 316 297 
329 204 297 316 317 298 
330 204 298 317 318 299 
331 204 299 318 319 300 
332 204 300 319 320 301 
333 204 301 320 321 302 
334 204 302 321 322 303 
335 204 303 322 323 304 
336 204 304 323 324 305 
337 204 305 324 325 306 
338 204 306 325 326 307 
339 204 307 326 327 308 
340 204 308 327 55 54 
341 204 11 10 328 309 
342 204 309 328 329 310 
343 204 310 329 330 311 
344 204 311 330 331 312 
345 204 312 331 332 313 
346 204 313 332 333 314 
347 204 314 333 334 315 
348 204 315 334 335 316 
349 204 316 335 336 317 
350 204 317 336 337 318 
351 204 318 337 338 319 
352 204 319 338 339 320 
353 204 320 339 340 321 
354 204 321 340 341 322 
355 204 322 341 342 323 
356 204 323 342 343 324 
357 204 324 343 344 325 
358 204 325 344 345 326 
359 204 326 345 346 327 
360 204 327 346 56 55 
361 204 10 9 347 328 
362 204 328 347 348 329 
363 204 329 348 349 330 
364 204 330 349 350 331 
365 204 331 350 351 332 
366 204 332 351 352 333 
367 204 333 352 353 334 
368 204 334 353 354 335 
369 204 335 354 355 336 
370 204 336 355 356 337 
371 204 337 356 357 338 
372 204 338 357 358 339 
373 204 339 358 359 340 
374 204 340 359 360 341 
375 204 341 360 361 342 
376 204 342 361 362 343 
377 204 343 362 363 344 
378 204 344 363 364 345 
379 204 345 364 365 346 
380 204 346 365 57 56 
381 204 9 8 366 347 
382 204 347 366 367 348 
383 204 348 367 368 349 
384 204 349 368 369 350 
385 204 350 369 370 351 
386 204 351 370 371 352 
387 204 352 371 372 353 
388 204 353 372 373 354 
389 204 354 373 374 355 
390 204 355 374 375 356 
391 204 356 375 376 357 
392 204 357 376 377 358 
393 204 358 377 378 359 
394 204 359 378 379 360 
395 204 360 379 380 361 
396 204 361 380 381 362 
397 204 362 381 382 363 
398 204 363 382 383 364 
399 204 364 383 384 365 
400 204 365 384 58 57 
401 204 8 7 385 366 
402 204 366 385 386 367 
403 204 367 386 387 368 
404 204 368 387 388 369 
405 204 369 388 389 370 
406 204 370 389 390 371 
407 204 371 390 391 372 
408 204 372 391 392 373 
409 204 373 392 393 374 
410 204 374 393 394 375 
411 204 375 394 395 376 
412 204 376 395 396 377 
413 204 377 396 397 378 
414 204 378 397 398 379 
415 204 379 398 399 380 
416 204 380 399 400 381 
417 204 381 400 401 382 
418 204 382 401 402 383 
419 204 383 402 403 384 
420 204 384 403 59 58 
421 204 7 6 404 385 
422 204 385 404 405 386 
423 204 386 405 406 387 
424 204 387 406 407 388 
425 204 388 407 408 389 
426 204 389 408 409 390 
427 204 390 409 410 391 
428 204 391 410 411 392 
429 204 392 411 412 393 
430 204 393 412 413 394 
431 204 394 413 414 395 
432 204 395 414 415 396 
433 204 396 415 416 397 
434 204 397 416 417 398 
435 204 398 417 418 399 
436 204 399 418 419 400 
437 204 400 419 420 401 
438 204 401 420 421 402 
439 204 402 421 422 403 
440 204 403 422 60 59 
441 204 6 5 423 404 
442 204 404 423 424 405 
443 204 405 424 425 406 
444 204 406 425 426 407 
445 204 407 426 427 408 
446 204 408 427 428 409 
447 204 409 428 429 410 
448 204 410 429 430 411 
449 204 411 430 431 412 
450 204 412 431 432 413 
451 204 413 432 433 414 
452 204 414 433 434 415 
453 204 415 434 435 416 
454 204 416 435 436 417 
455 204 417 436 437 418 
456 204 418 437 438 419 
457 204 419 438 439 420 
458 204 420 439 440 421 
459 204 421 440 441 422 
460 204 422 441 61 60 
461 204 5 1 80 423 
462 204 423 80 79 424 
463 204 424 79 78 425 
464 204 425 78 77 426 
465 204 426 77 76 427 
466 204 427 76 75 428 
467 204 428 75 74 429 
468 204 429 74 73 430 
469 204 430 73 72 431 
470 204 431 72 71 432 
471 204 432 71 70 433 
472 204 433 70 69 434 
473 204 434 69 68 435 
474 204 435 68 67 436 
475 204 436 67 66 437 
476 204 437 66 65 438 
477 204 438 65 64 439 
478 204 439 64 63 440 
479 204 440 63 62 441 
480 204 441 62 4 61 
