256 285
1 6.661338e-16 0.000000e+00 0.000000e+00
2 6.661338e-16 2.000000e+00 0.000000e+00
3 2.000000e+00 2.000000e+00 0.000000e+00
4 2.000000e+00 0.000000e+00 0.000000e+00
5 6.661338e-16 3.626099e-01 0.000000e+00
6 6.661338e-16 6.787149e-01 0.000000e+00
7 6.661338e-16 9.331494e-01 0.000000e+00
8 6.661338e-16 1.133509e+00 0.000000e+00
9 6.661338e-16 1.292433e+00 0.000000e+00
10 6.661338e-16 1.421042e+00 0.000000e+00
11 6.661338e-16 1.527265e+00 0.000000e+00
12 6.661338e-16 1.616768e+00 0.000000e+00
13 6.661338e-16 1.693583e+00 0.000000e+00
14 6.661338e-16 1.760387e+00 0.000000e+00
15 6.661338e-16 1.819179e+00 0.000000e+00
16 6.661338e-16 1.871536e+00 0.000000e+00
17 6.661338e-16 1.918518e+00 0.000000e+00
18 6.661338e-16 1.961089e+00 0.000000e+00
19 3.626099e-01 2.000000e+00 0.000000e+00
20 6.787149e-01 2.000000e+00 0.000000e+00
21 9.331494e-01 2.000000e+00 0.000000e+00
22 1.133509e+00 2.000000e+00 0.000000e+00
23 1.292433e+00 2.000000e+00 0.000000e+00
24 1.421042e+00 2.000000e+00 0.000000e+00
25 1.527265e+00 2.000000e+00 0.000000e+00
26 1.616768e+00 2.000000e+00 0.000000e+00
27 1.693583e+00 2.000000e+00 0.000000e+00
28 1.760387e+00 2.000000e+00 0.000000e+00
29 1.819179e+00 2.000000e+00 0.000000e+00
30 1.871536e+00 2.000000e+00 0.000000e+00
31 1.918518e+00 2.000000e+00 0.000000e+00
32 1.961089e+00 2.000000e+00 0.000000e+00
33 2.000000e+00 1.637390e+00 0.000000e+00
34 2.000000e+00 1.321285e+00 0.000000e+00
35 2.000000e+00 1.066851e+00 0.000000e+00
36 2.000000e+00 8.664906e-01 0.000000e+00
37 2.000000e+00 7.075670e-01 0.000000e+00
38 2.000000e+00 5.789577e-01 0.000000e+00
39 2.000000e+00 4.727353e-01 0.000000e+00
40 2.000000e+00 3.832319e-01 0.000000e+00
41 2.000000e+00 3.064171e-01 0.000000e+00
42 2.000000e+00 2.396128e-01 0.000000e+00
43 2.000000e+00 1.808211e-01 0.000000e+00
44 2.000000e+00 1.284642e-01 0.000000e+00
45 2.000000e+00 8.148192e-02 0.000000e+00
46 2.000000e+00 3.891080e-02 0.000000e+00
47 1.637390e+00 0.000000e+00 0.000000e+00
48 1.321285e+00 0.000000e+00 0.000000e+00
49 1.066851e+00 0.000000e+00 0.000000e+00
50 8.664906e-01 0.000000e+00 0.000000e+00
51 7.075670e-01 0.000000e+00 0.000000e+00
52 5.789577e-01 0.000000e+00 0.000000e+00
53 4.727353e-01 0.000000e+00 0.000000e+00
54 3.832319e-01 0.000000e+00 0.000000e+00
55 3.064171e-01 0.000000e+00 0.000000e+00
56 2.396128e-01 0.000000e+00 0.000000e+00
57 1.808211e-01 0.000000e+00 0.000000e+00
58 1.284642e-01 0.000000e+00 0.000000e+00
59 8.148192e-02 0.000000e+00 0.000000e+00
60 3.891080e-02 0.000000e+00 0.000000e+00
61 3.472167e-01 1.904892e+00 0.000000e+00
62 6.363406e-01 1.858098e+00 0.000000e+00
63 8.614004e-01 1.821672e+00 0.000000e+00
64 1.035167e+00 1.793548e+00 0.000000e+00
65 1.172089e+00 1.771387e+00 0.000000e+00
66 1.283577e+00 1.753343e+00 0.000000e+00
67 1.377479e+00 1.738145e+00 0.000000e+00
68 1.459399e+00 1.724886e+00 0.000000e+00
69 1.533568e+00 1.712882e+00 0.000000e+00
70 1.603304e+00 1.701595e+00 0.000000e+00
71 1.671758e+00 1.690516e+00 0.000000e+00
72 1.742416e+00 1.679080e+00 0.000000e+00
73 1.818985e+00 1.666687e+00 0.000000e+00
74 1.904892e+00 1.652783e+00 0.000000e+00
75 3.333127e-01 1.818985e+00 0.000000e+00
76 6.008079e-01 1.739107e+00 0.000000e+00
77 8.037931e-01 1.678492e+00 0.000000e+00
78 9.583730e-01 1.632332e+00 0.000000e+00
79 1.079801e+00 1.596072e+00 0.000000e+00
80 1.179359e+00 1.566342e+00 0.000000e+00
81 1.264638e+00 1.540876e+00 0.000000e+00
82 1.341084e+00 1.518048e+00 0.000000e+00
83 1.413014e+00 1.496569e+00 0.000000e+00
84 1.484188e+00 1.475315e+00 0.000000e+00
85 1.558656e+00 1.453078e+00 0.000000e+00
86 1.641529e+00 1.428330e+00 0.000000e+00
87 1.739107e+00 1.399192e+00 0.000000e+00
88 1.858098e+00 1.363659e+00 0.000000e+00
89 3.209200e-01 1.742416e+00 0.000000e+00
90 5.716695e-01 1.641529e+00 0.000000e+00
91 7.586524e-01 1.566298e+00 0.000000e+00
92 8.998557e-01 1.509486e+00 0.000000e+00
93 1.010737e+00 1.464873e+00 0.000000e+00
94 1.102282e+00 1.428041e+00 0.000000e+00
95 1.181795e+00 1.396049e+00 0.000000e+00
96 1.254553e+00 1.366776e+00 0.000000e+00
97 1.324904e+00 1.338470e+00 0.000000e+00
98 1.396902e+00 1.309502e+00 0.000000e+00
99 1.475249e+00 1.277980e+00 0.000000e+00
100 1.566298e+00 1.241348e+00 0.000000e+00
101 1.678492e+00 1.196207e+00 0.000000e+00
102 1.821672e+00 1.138600e+00 0.000000e+00
103 3.094841e-01 1.671758e+00 0.000000e+00
104 5.469222e-01 1.558656e+00 0.000000e+00
105 7.220197e-01 1.475249e+00 0.000000e+00
106 8.536744e-01 1.412536e+00 0.000000e+00
107 9.572214e-01 1.363212e+00 0.000000e+00
108 1.043301e+00 1.322209e+00 0.000000e+00
109 1.118945e+00 1.286176e+00 0.000000e+00
110 1.189283e+00 1.252671e+00 0.000000e+00
111 1.258667e+00 1.219620e+00 0.000000e+00
112 1.331360e+00 1.184994e+00 0.000000e+00
113 1.412536e+00 1.146326e+00 0.000000e+00
114 1.509486e+00 1.100144e+00 0.000000e+00
115 1.632332e+00 1.041627e+00 0.000000e+00
116 1.793548e+00 9.648328e-01 0.000000e+00
117 2.984048e-01 1.603304e+00 0.000000e+00
118 5.246849e-01 1.484188e+00 0.000000e+00
119 6.904975e-01 1.396902e+00 0.000000e+00
120 8.150065e-01 1.331360e+00 0.000000e+00
121 9.132343e-01 1.279651e+00 0.000000e+00
122 9.954600e-01 1.236367e+00 0.000000e+00
123 1.068470e+00 1.197934e+00 0.000000e+00
124 1.137260e+00 1.161722e+00 0.000000e+00
125 1.206180e+00 1.125442e+00 0.000000e+00
126 1.279651e+00 1.086766e+00 0.000000e+00
127 1.363212e+00 1.042779e+00 0.000000e+00
128 1.464873e+00 9.892631e-01 0.000000e+00
129 1.596072e+00 9.201989e-01 0.000000e+00
130 1.771387e+00 8.279111e-01 0.000000e+00
131 2.871181e-01 1.533568e+00 0.000000e+00
132 5.034313e-01 1.413014e+00 0.000000e+00
133 6.615296e-01 1.324904e+00 0.000000e+00
134 7.803799e-01 1.258667e+00 0.000000e+00
135 8.745584e-01 1.206180e+00 0.000000e+00
136 9.539713e-01 1.161923e+00 0.000000e+00
137 1.025172e+00 1.122241e+00 0.000000e+00
138 1.093040e+00 1.084418e+00 0.000000e+00
139 1.161923e+00 1.046029e+00 0.000000e+00
140 1.236367e+00 1.004540e+00 0.000000e+00
141 1.322209e+00 9.566993e-01 0.000000e+00
142 1.428041e+00 8.977178e-01 0.000000e+00
143 1.566342e+00 8.206408e-01 0.000000e+00
144 1.753343e+00 7.164228e-01 0.000000e+00
145 2.751138e-01 1.459399e+00 0.000000e+00
146 4.819517e-01 1.341084e+00 0.000000e+00
147 6.332244e-01 1.254553e+00 0.000000e+00
148 7.473293e-01 1.189283e+00 0.000000e+00
149 8.382777e-01 1.137260e+00 0.000000e+00
150 9.155821e-01 1.093040e+00 0.000000e+00
151 9.855689e-01 1.053007e+00 0.000000e+00
152 1.053007e+00 1.014431e+00 0.000000e+00
153 1.122241e+00 9.748276e-01 0.000000e+00
154 1.197934e+00 9.315303e-01 0.000000e+00
155 1.286176e+00 8.810545e-01 0.000000e+00
156 1.396049e+00 8.182050e-01 0.000000e+00
157 1.540876e+00 7.353617e-01 0.000000e+00
158 1.738145e+00 6.225208e-01 0.000000e+00
159 2.618552e-01 1.377479e+00 0.000000e+00
160 4.591238e-01 1.264638e+00 0.000000e+00
161 6.039506e-01 1.181795e+00 0.000000e+00
162 7.138242e-01 1.118945e+00 0.000000e+00
163 8.020661e-01 1.068470e+00 0.000000e+00
164 8.777586e-01 1.025172e+00 0.000000e+00
165 9.469934e-01 9.855689e-01 0.000000e+00
166 1.014431e+00 9.469934e-01 0.000000e+00
167 1.084418e+00 9.069599e-01 0.000000e+00
168 1.161722e+00 8.627405e-01 0.000000e+00
169 1.252671e+00 8.107165e-01 0.000000e+00
170 1.366776e+00 7.454466e-01 0.000000e+00
171 1.518048e+00 6.589161e-01 0.000000e+00
172 1.724886e+00 5.406015e-01 0.000000e+00
173 2.466572e-01 1.283577e+00 0.000000e+00
174 4.336580e-01 1.179359e+00 0.000000e+00
175 5.719593e-01 1.102282e+00 0.000000e+00
176 6.777913e-01 1.043301e+00 0.000000e+00
177 7.636330e-01 9.954600e-01 0.000000e+00
178 8.380773e-01 9.539713e-01 0.000000e+00
179 9.069599e-01 9.155821e-01 0.000000e+00
180 9.748276e-01 8.777586e-01 0.000000e+00
181 1.046029e+00 8.380773e-01 0.000000e+00
182 1.125442e+00 7.938195e-01 0.000000e+00
183 1.219620e+00 7.413327e-01 0.000000e+00
184 1.338470e+00 6.750959e-01 0.000000e+00
185 1.496569e+00 5.869857e-01 0.000000e+00
186 1.712882e+00 4.664316e-01 0.000000e+00
187 2.286128e-01 1.172089e+00 0.000000e+00
188 4.039283e-01 1.079801e+00 0.000000e+00
189 5.351267e-01 1.010737e+00 0.000000e+00
190 6.367879e-01 9.572214e-01 0.000000e+00
191 7.203485e-01 9.132343e-01 0.000000e+00
192 7.938195e-01 8.745584e-01 0.000000e+00
193 8.627405e-01 8.382777e-01 0.000000e+00
194 9.315303e-01 8.020661e-01 0.000000e+00
195 1.004540e+00 7.636330e-01 0.000000e+00
196 1.086766e+00 7.203485e-01 0.000000e+00
197 1.184994e+00 6.686404e-01 0.000000e+00
198 1.309502e+00 6.030977e-01 0.000000e+00
199 1.475315e+00 5.158122e-01 0.000000e+00
200 1.701595e+00 3.966961e-01 0.000000e+00
201 2.064521e-01 1.035167e+00 0.000000e+00
202 3.676679e-01 9.583730e-01 0.000000e+00
203 4.905145e-01 8.998557e-01 0.000000e+00
204 5.874639e-01 8.536744e-01 0.000000e+00
205 6.686404e-01 8.150065e-01 0.000000e+00
206 7.413327e-01 7.803799e-01 0.000000e+00
207 8.107165e-01 7.473293e-01 0.000000e+00
208 8.810545e-01 7.138242e-01 0.000000e+00
209 9.566993e-01 6.777913e-01 0.000000e+00
210 1.042779e+00 6.367879e-01 0.000000e+00
211 1.146326e+00 5.874639e-01 0.000000e+00
212 1.277980e+00 5.247510e-01 0.000000e+00
213 1.453078e+00 4.413443e-01 0.000000e+00
214 1.690516e+00 3.282420e-01 0.000000e+00
215 1.783281e-01 8.614004e-01 0.000000e+00
216 3.215078e-01 8.037931e-01 0.000000e+00
217 4.337024e-01 7.586524e-01 0.000000e+00
218 5.247510e-01 7.220197e-01 0.000000e+00
219 6.030977e-01 6.904975e-01 0.000000e+00
220 6.750959e-01 6.615296e-01 0.000000e+00
221 7.454466e-01 6.332244e-01 0.000000e+00
222 8.182050e-01 6.039506e-01 0.000000e+00
223 8.977178e-01 5.719593e-01 0.000000e+00
224 9.892631e-01 5.351267e-01 0.000000e+00
225 1.100144e+00 4.905145e-01 0.000000e+00
226 1.241348e+00 4.337024e-01 0.000000e+00
227 1.428330e+00 3.584712e-01 0.000000e+00
228 1.679080e+00 2.575840e-01 0.000000e+00
229 1.419022e-01 6.363406e-01 0.000000e+00
230 2.608931e-01 6.008079e-01 0.000000e+00
231 3.584712e-01 5.716695e-01 0.000000e+00
232 4.413443e-01 5.469222e-01 0.000000e+00
233 5.158122e-01 5.246849e-01 0.000000e+00
234 5.869857e-01 5.034313e-01 0.000000e+00
235 6.589161e-01 4.819517e-01 0.000000e+00
236 7.353617e-01 4.591238e-01 0.000000e+00
237 8.206408e-01 4.336580e-01 0.000000e+00
238 9.201989e-01 4.039283e-01 0.000000e+00
239 1.041627e+00 3.676679e-01 0.000000e+00
240 1.196207e+00 3.215078e-01 0.000000e+00
241 1.399192e+00 2.608931e-01 0.000000e+00
242 1.666687e+00 1.810146e-01 0.000000e+00
243 9.510767e-02 3.472167e-01 0.000000e+00
244 1.810146e-01 3.333127e-01 0.000000e+00
245 2.575840e-01 3.209200e-01 0.000000e+00
246 3.282420e-01 3.094841e-01 0.000000e+00
247 3.966961e-01 2.984048e-01 0.000000e+00
248 4.664316e-01 2.871181e-01 0.000000e+00
249 5.406015e-01 2.751138e-01 0.000000e+00
250 6.225208e-01 2.618552e-01 0.000000e+00
251 7.164228e-01 2.466572e-01 0.000000e+00
252 8.279111e-01 2.286128e-01 0.000000e+00
253 9.648328e-01 2.064521e-01 0.000000e+00
254 1.138600e+00 1.783281e-01 0.000000e+00
255 1.363659e+00 1.419022e-01 0.000000e+00
256 1.652783e+00 9.510767e-02 0.000000e+00
1 102 1 5 
2 102 5 6 
3 102 6 7 
4 102 7 8 
5 102 8 9 
6 102 9 10 
7 102 10 11 
8 102 11 12 
9 102 12 13 
10 102 13 14 
11 102 14 15 
12 102 15 16 
13 102 16 17 
14 102 17 18 
15 102 18 2 
16 102 2 19 
17 102 19 20 
18 102 20 21 
19 102 21 22 
20 102 22 23 
21 102 23 24 
22 102 24 25 
23 102 25 26 
24 102 26 27 
25 102 27 28 
26 102 28 29 
27 102 29 30 
28 102 30 31 
29 102 31 32 
30 102 32 3 
31 102 3 33 
32 102 33 34 
33 102 34 35 
34 102 35 36 
35 102 36 37 
36 102 37 38 
37 102 38 39 
38 102 39 40 
39 102 40 41 
40 102 41 42 
41 102 42 43 
42 102 43 44 
43 102 44 45 
44 102 45 46 
45 102 46 4 
46 102 4 47 
47 102 47 48 
48 102 48 49 
49 102 49 50 
50 102 50 51 
51 102 51 52 
52 102 52 53 
53 102 53 54 
54 102 54 55 
55 102 55 56 
56 102 56 57 
57 102 57 58 
58 102 58 59 
59 102 59 60 
60 102 60 1 
61 204 2 18 61 19 
62 204 19 61 62 20 
63 204 20 62 63 21 
64 204 21 63 64 22 
65 204 22 64 65 23 
66 204 23 65 66 24 
67 204 24 66 67 25 
68 204 25 67 68 26 
69 204 26 68 69 27 
70 204 27 69 70 28 
71 204 28 70 71 29 
72 204 29 71 72 30 
73 204 30 72 73 31 
74 204 31 73 74 32 
75 204 32 74 33 3 
76 204 18 17 75 61 
77 204 61 75 76 62 
78 204 62 76 77 63 
79 204 63 77 78 64 
80 204 64 78 79 65 
81 204 65 79 80 66 
82 204 66 80 81 67 
83 204 67 81 82 68 
84 204 68 82 83 69 
85 204 69 83 84 70 
86 204 70 84 85 71 
87 204 71 85 86 72 
88 204 72 86 87 73 
89 204 73 87 88 74 
90 204 74 88 34 33 
91 204 17 16 89 75 
92 204 75 89 90 76 
93 204 76 90 91 77 
94 204 77 91 92 78 
95 204 78 92 93 79 
96 204 79 93 94 80 
97 204 80 94 95 81 
98 204 81 95 96 82 
99 204 82 96 97 83 
100 204 83 97 98 84 
101 204 84 98 99 85 
102 204 85 99 100 86 
103 204 86 100 101 87 
104 204 87 101 102 88 
105 204 88 102 35 34 
106 204 16 15 103 89 
107 204 89 103 104 90 
108 204 90 104 105 91 
109 204 91 105 106 92 
110 204 92 106 107 93 
111 204 93 107 108 94 
112 204 94 108 109 95 
113 204 95 109 110 96 
114 204 96 110 111 97 
115 204 97 111 112 98 
116 204 98 112 113 99 
117 204 99 113 114 100 
118 204 100 114 115 101 
119 204 101 115 116 102 
120 204 102 116 36 35 
121 204 15 14 117 103 
122 204 103 117 118 104 
123 204 104 118 119 105 
124 204 105 119 120 106 
125 204 106 120 121 107 
126 204 107 121 122 108 
127 204 108 122 123 109 
128 204 109 123 124 110 
129 204 110 124 125 111 
130 204 111 125 126 112 
131 204 112 126 127 113 
132 204 113 127 128 114 
133 204 114 128 129 115 
134 204 115 129 130 116 
135 204 116 130 37 36 
136 204 14 13 131 117 
137 204 117 131 132 118 
138 204 118 132 133 119 
139 204 119 133 134 120 
140 204 120 134 135 121 
141 204 121 135 136 122 
142 204 122 136 137 123 
143 204 123 137 138 124 
144 204 124 138 139 125 
145 204 125 139 140 126 
146 204 126 140 141 127 
147 204 127 141 142 128 
148 204 128 142 143 129 
149 204 129 143 144 130 
150 204 130 144 38 37 
151 204 13 12 145 131 
152 204 131 145 146 132 
153 204 132 146 147 133 
154 204 133 147 148 134 
155 204 134 148 149 135 
156 204 135 149 150 136 
157 204 136 150 151 137 
158 204 137 151 152 138 
159 204 138 152 153 139 
160 204 139 153 154 140 
161 204 140 154 155 141 
162 204 141 155 156 142 
163 204 142 156 157 143 
164 204 143 157 158 144 
165 204 144 158 39 38 
166 204 12 11 159 145 
167 204 145 159 160 146 
168 204 146 160 161 147 
169 204 147 161 162 148 
170 204 148 162 163 149 
171 204 149 163 164 150 
172 204 150 164 165 151 
173 204 151 165 166 152 
174 204 152 166 167 153 
175 204 153 167 168 154 
176 204 154 168 169 155 
177 204 155 169 170 156 
178 204 156 170 171 157 
179 204 157 171 172 158 
180 204 158 172 40 39 
181 204 11 10 173 159 
182 204 159 173 174 160 
183 204 160 174 175 161 
184 204 161 175 176 162 
185 204 162 176 177 163 
186 204 163 177 178 164 
187 204 164 178 179 165 
188 204 165 179 180 166 
189 204 166 180 181 167 
190 204 167 181 182 168 
191 204 168 182 183 169 
192 204 169 183 184 170 
193 204 170 184 185 171 
194 204 171 185 186 172 
195 204 172 186 41 40 
196 204 10 9 187 173 
197 204 173 187 188 174 
198 204 174 188 189 175 
199 204 175 189 190 176 
200 204 176 190 191 177 
201 204 177 191 192 178 
202 204 178 192 193 179 
203 204 179 193 194 180 
204 204 180 194 195 181 
205 204 181 195 196 182 
206 204 182 196 197 183 
207 204 183 197 198 184 
208 204 184 198 199 185 
209 204 185 199 200 186 
210 204 186 200 42 41 
211 204 9 8 201 187 
212 204 187 201 202 188 
213 204 188 202 203 189 
214 204 189 203 204 190 
215 204 190 204 205 191 
216 204 191 205 206 192 
217 204 192 206 207 193 
218 204 193 207 208 194 
219 204 194 208 209 195 
220 204 195 209 210 196 
221 204 196 210 211 197 
222 204 197 211 212 198 
223 204 198 212 213 199 
224 204 199 213 214 200 
225 204 200 214 43 42 
226 204 8 7 215 201 
227 204 201 215 216 202 
228 204 202 216 217 203 
229 204 203 217 218 204 
230 204 204 218 219 205 
231 204 205 219 220 206 
232 204 206 220 221 207 
233 204 207 221 222 208 
234 204 208 222 223 209 
235 204 209 223 224 210 
236 204 210 224 225 211 
237 204 211 225 226 212 
238 204 212 226 227 213 
239 204 213 227 228 214 
240 204 214 228 44 43 
241 204 7 6 229 215 
242 204 215 229 230 216 
243 204 216 230 231 217 
244 204 217 231 232 218 
245 204 218 232 233 219 
246 204 219 233 234 220 
247 204 220 234 235 221 
248 204 221 235 236 222 
249 204 222 236 237 223 
250 204 223 237 238 224 
251 204 224 238 239 225 
252 204 225 239 240 226 
253 204 226 240 241 227 
254 204 227 241 242 228 
255 204 228 242 45 44 
256 204 6 5 243 229 
257 204 229 243 244 230 
258 204 230 244 245 231 
259 204 231 245 246 232 
260 204 232 246 247 233 
261 204 233 247 248 234 
262 204 234 248 249 235 
263 204 235 249 250 236 
264 204 236 250 251 237 
265 204 237 251 252 238 
266 204 238 252 253 239 
267 204 239 253 254 240 
268 204 240 254 255 241 
269 204 241 255 256 242 
270 204 242 256 46 45 
271 204 5 1 60 243 
272 204 243 60 59 244 
273 204 244 59 58 245 
274 204 245 58 57 246 
275 204 246 57 56 247 
276 204 247 56 55 248 
277 204 248 55 54 249 
278 204 249 54 53 250 
279 204 250 53 52 251 
280 204 251 52 51 252 
281 204 252 51 50 253 
282 204 253 50 49 254 
283 204 254 49 48 255 
284 204 255 48 47 256 
285 204 256 47 4 46 
