176 352
1 -2.000000e+00 0.000000e+00 0.000000e+00
2 -5.000000e-01 0.000000e+00 0.000000e+00
3 -1.961571e+00 3.901806e-01 0.000000e+00
4 -1.847759e+00 7.653669e-01 0.000000e+00
5 -1.662939e+00 1.111140e+00 0.000000e+00
6 -1.414214e+00 1.414214e+00 0.000000e+00
7 -1.111140e+00 1.662939e+00 0.000000e+00
8 -7.653669e-01 1.847759e+00 0.000000e+00
9 -3.901806e-01 1.961571e+00 0.000000e+00
10 -1.224647e-16 2.000000e+00 0.000000e+00
11 3.901806e-01 1.961571e+00 0.000000e+00
12 7.653669e-01 1.847759e+00 0.000000e+00
13 1.111140e+00 1.662939e+00 0.000000e+00
14 1.414214e+00 1.414214e+00 0.000000e+00
15 1.662939e+00 1.111140e+00 0.000000e+00
16 1.847759e+00 7.653669e-01 0.000000e+00
17 1.961571e+00 3.901806e-01 0.000000e+00
18 2.000000e+00 -1.531427e-15 0.000000e+00
19 1.961571e+00 -3.901806e-01 0.000000e+00
20 1.847759e+00 -7.653669e-01 0.000000e+00
21 1.662939e+00 -1.111140e+00 0.000000e+00
22 1.414214e+00 -1.414214e+00 0.000000e+00
23 1.111140e+00 -1.662939e+00 0.000000e+00
24 7.653669e-01 -1.847759e+00 0.000000e+00
25 3.901806e-01 -1.961571e+00 0.000000e+00
26 -4.961676e-15 -2.000000e+00 0.000000e+00
27 -3.901806e-01 -1.961571e+00 0.000000e+00
28 -7.653669e-01 -1.847759e+00 0.000000e+00
29 -1.111140e+00 -1.662939e+00 0.000000e+00
30 -1.414214e+00 -1.414214e+00 0.000000e+00
31 -1.662939e+00 -1.111140e+00 0.000000e+00
32 -1.847759e+00 -7.653669e-01 0.000000e+00
33 -1.961571e+00 -3.901806e-01 0.000000e+00
34 -3.535534e-01 3.535534e-01 0.000000e+00
35 -3.061617e-17 5.000000e-01 0.000000e+00
36 3.535534e-01 3.535534e-01 0.000000e+00
37 5.000000e-01 6.123234e-17 0.000000e+00
38 3.535534e-01 -3.535534e-01 0.000000e+00
39 9.184851e-17 -5.000000e-01 0.000000e+00
40 -3.535534e-01 -3.535534e-01 0.000000e+00
41 -1.230744e+00 -2.578353e-01 0.000000e+00
42 -6.158607e-01 -1.318658e+00 0.000000e+00
43 1.230776e+00 -2.578559e-01 0.000000e+00
44 6.157803e-01 -1.318680e+00 0.000000e+00
45 -2.481209e-05 1.775230e+00 0.000000e+00
46 6.195644e-01 8.119466e-01 0.000000e+00
47 -6.195699e-01 8.119630e-01 0.000000e+00
48 1.526934e+00 2.654527e-01 0.000000e+00
49 1.777027e+00 -2.300477e-01 0.000000e+00
50 1.528490e+00 -7.947138e-01 0.000000e+00
51 9.229881e-01 -7.924962e-01 0.000000e+00
52 1.174225e+00 -1.272356e+00 0.000000e+00
53 2.612660e-01 -1.786925e+00 0.000000e+00
54 -1.526931e+00 2.654562e-01 0.000000e+00
55 -1.777054e+00 -2.300479e-01 0.000000e+00
56 -9.229716e-01 -7.925856e-01 0.000000e+00
57 -1.528516e+00 -7.947325e-01 0.000000e+00
58 -1.174223e+00 -1.272423e+00 0.000000e+00
59 -2.613082e-01 -1.786792e+00 0.000000e+00
60 -7.096422e-06 -1.320191e+00 0.000000e+00
61 -3.192320e-01 -7.991605e-01 0.000000e+00
62 -6.330041e-01 -2.785994e-01 0.000000e+00
63 3.191480e-01 -7.991204e-01 0.000000e+00
64 6.328710e-01 -2.784826e-01 0.000000e+00
65 -9.277184e-01 2.767867e-01 0.000000e+00
66 -1.225260e+00 8.089215e-01 0.000000e+00
67 -9.078759e-01 1.317553e+00 0.000000e+00
68 -3.072790e-01 1.343762e+00 0.000000e+00
69 9.276719e-01 2.767523e-01 0.000000e+00
70 1.225263e+00 8.088657e-01 0.000000e+00
71 3.072334e-01 1.343691e+00 0.000000e+00
72 9.078271e-01 1.317363e+00 0.000000e+00
73 -4.310877e-06 7.797687e-01 0.000000e+00
74 2.073393e-01 1.802856e+00 0.000000e+00
75 -2.073773e-01 1.802882e+00 0.000000e+00
76 1.675971e+00 5.052234e-01 0.000000e+00
77 1.776112e+00 2.378574e-01 0.000000e+00
78 1.671909e+00 5.429296e-03 0.000000e+00
79 1.380824e+00 7.468792e-03 0.000000e+00
80 1.525215e+00 -2.512373e-01 0.000000e+00
81 1.380478e+00 -5.215057e-01 0.000000e+00
82 1.077346e+00 -5.258145e-01 0.000000e+00
83 1.224856e+00 -7.939604e-01 0.000000e+00
84 1.350741e+00 -1.074113e+00 0.000000e+00
85 1.064382e+00 -1.051938e+00 0.000000e+00
86 7.682109e-01 -1.055340e+00 0.000000e+00
87 9.171152e-01 -1.298999e+00 0.000000e+00
88 7.839128e-01 -1.571243e+00 0.000000e+00
89 4.473948e-01 -1.566285e+00 0.000000e+00
90 5.371206e-01 -1.759261e+00 0.000000e+00
91 1.081469e+00 -1.458216e+00 0.000000e+00
92 1.674588e+00 -4.954915e-01 0.000000e+00
93 -1.675974e+00 5.052251e-01 0.000000e+00
94 -1.776131e+00 2.378566e-01 0.000000e+00
95 -1.381647e+00 7.592850e-03 0.000000e+00
96 -1.671726e+00 5.367842e-03 0.000000e+00
97 -1.525297e+00 -2.512226e-01 0.000000e+00
98 -1.077614e+00 -5.259606e-01 0.000000e+00
99 -1.380444e+00 -5.215119e-01 0.000000e+00
100 -1.224866e+00 -7.940443e-01 0.000000e+00
101 -7.687498e-01 -1.055687e+00 0.000000e+00
102 -1.064964e+00 -1.052010e+00 0.000000e+00
103 -9.173124e-01 -1.299106e+00 0.000000e+00
104 -1.350291e+00 -1.073856e+00 0.000000e+00
105 -4.473906e-01 -1.566785e+00 0.000000e+00
106 -7.836780e-01 -1.570591e+00 0.000000e+00
107 -5.370887e-01 -1.759221e+00 0.000000e+00
108 -1.081462e+00 -1.458148e+00 0.000000e+00
109 -1.674600e+00 -4.954925e-01 0.000000e+00
110 -1.561603e-05 -1.759099e+00 0.000000e+00
111 -1.466430e-01 -1.564481e+00 0.000000e+00
112 -3.055643e-01 -1.317779e+00 0.000000e+00
113 1.469660e-01 -1.563196e+00 0.000000e+00
114 3.055861e-01 -1.317565e+00 0.000000e+00
115 -4.632545e-01 -1.057691e+00 0.000000e+00
116 -6.197211e-01 -7.960042e-01 0.000000e+00
117 -7.749125e-01 -5.317195e-01 0.000000e+00
118 -9.279428e-01 -2.621153e-01 0.000000e+00
119 -4.822553e-01 -5.525221e-01 0.000000e+00
120 -2.244863e-01 -5.886794e-01 0.000000e+00
121 4.631499e-01 -1.057602e+00 0.000000e+00
122 6.195034e-01 -7.958194e-01 0.000000e+00
123 2.238789e-01 -5.880637e-01 0.000000e+00
124 4.826740e-01 -5.528119e-01 0.000000e+00
125 7.753181e-01 -5.321599e-01 0.000000e+00
126 9.279457e-01 -2.621485e-01 0.000000e+00
127 -7.531607e-05 -7.683545e-01 0.000000e+00
128 1.550862e-01 -1.054221e+00 0.000000e+00
129 -1.550559e-01 -1.054109e+00 0.000000e+00
130 -1.079444e+00 7.755148e-03 0.000000e+00
131 -1.230415e+00 2.735987e-01 0.000000e+00
132 -1.380310e+00 5.354836e-01 0.000000e+00
133 -1.527616e+00 8.035531e-01 0.000000e+00
134 -1.077267e+00 5.416497e-01 0.000000e+00
135 -7.747484e-01 5.465146e-01 0.000000e+00
136 -9.227930e-01 8.089488e-01 0.000000e+00
137 -7.673066e-01 1.072134e+00 0.000000e+00
138 -4.632196e-01 1.075391e+00 0.000000e+00
139 -6.134036e-01 1.335683e+00 0.000000e+00
140 -1.028376e+00 1.525024e+00 0.000000e+00
141 -7.591098e-01 1.541535e+00 0.000000e+00
142 -4.584878e-01 1.634729e+00 0.000000e+00
143 -1.412290e-01 1.588650e+00 0.000000e+00
144 -1.163644e+00 1.290634e+00 0.000000e+00
145 -1.062162e+00 1.067260e+00 0.000000e+00
146 -1.348698e+00 1.084037e+00 0.000000e+00
147 1.079333e+00 7.726990e-03 0.000000e+00
148 1.230269e+00 2.735475e-01 0.000000e+00
149 7.748113e-01 5.465230e-01 0.000000e+00
150 1.077671e+00 5.419941e-01 0.000000e+00
151 9.228948e-01 8.089603e-01 0.000000e+00
152 1.380248e+00 5.354671e-01 0.000000e+00
153 1.527585e+00 8.035372e-01 0.000000e+00
154 4.633235e-01 1.075514e+00 0.000000e+00
155 7.673725e-01 1.072069e+00 0.000000e+00
156 6.132933e-01 1.335374e+00 0.000000e+00
157 1.420931e-01 1.588033e+00 0.000000e+00
158 4.584720e-01 1.634679e+00 0.000000e+00
159 7.592272e-01 1.542187e+00 0.000000e+00
160 1.027918e+00 1.523997e+00 0.000000e+00
161 1.163607e+00 1.290408e+00 0.000000e+00
162 1.349361e+00 1.084453e+00 0.000000e+00
163 1.061472e+00 1.066994e+00 0.000000e+00
164 9.316407e-05 1.337087e+00 0.000000e+00
165 1.551214e-01 1.071141e+00 0.000000e+00
166 3.194743e-01 8.138943e-01 0.000000e+00
167 -1.550840e-01 1.071004e+00 0.000000e+00
168 -3.194602e-01 8.138649e-01 0.000000e+00
169 4.820135e-01 5.641338e-01 0.000000e+00
170 6.335635e-01 2.892829e-01 0.000000e+00
171 7.814180e-01 5.960747e-03 0.000000e+00
172 -4.820060e-01 5.641314e-01 0.000000e+00
173 -6.335622e-01 2.892851e-01 0.000000e+00
174 -7.814502e-01 5.957772e-03 0.000000e+00
175 -2.244699e-01 5.975698e-01 0.000000e+00
176 2.244716e-01 5.975740e-01 0.000000e+00
1 102 1 3 
2 102 3 4 
3 102 4 5 
4 102 5 6 
5 102 6 7 
6 102 7 8 
7 102 8 9 
8 102 9 10 
9 102 10 11 
10 102 11 12 
11 102 12 13 
12 102 13 14 
13 102 14 15 
14 102 15 16 
15 102 16 17 
16 102 17 18 
17 102 18 19 
18 102 19 20 
19 102 20 21 
20 102 21 22 
21 102 22 23 
22 102 23 24 
23 102 24 25 
24 102 25 26 
25 102 26 27 
26 102 27 28 
27 102 28 29 
28 102 29 30 
29 102 30 31 
30 102 31 32 
31 102 32 33 
32 102 33 1 
33 102 2 34 
34 102 34 35 
35 102 35 36 
36 102 36 37 
37 102 37 38 
38 102 38 39 
39 102 39 40 
40 102 40 2 
41 203 12 11 158 
42 203 10 74 11 
43 203 45 10 75 
44 203 142 9 8 
45 203 9 75 10 
46 203 45 74 10 
47 203 48 77 76 
48 203 15 153 16 
49 203 16 76 17 
50 203 77 17 76 
51 203 77 78 18 
52 203 79 78 48 
53 203 80 49 78 
54 203 43 80 79 
55 203 78 79 80 
56 203 49 18 78 
57 203 77 48 78 
58 203 18 17 77 
59 203 82 81 43 
60 203 83 50 81 
61 203 51 83 82 
62 203 81 82 83 
63 203 50 84 21 
64 203 84 52 22 
65 203 86 85 51 
66 203 21 20 50 
67 203 87 52 85 
68 203 44 87 86 
69 203 85 86 87 
70 203 84 85 52 
71 203 83 51 85 
72 203 50 83 84 
73 203 85 84 83 
74 203 89 88 44 
75 203 53 90 89 
76 203 24 23 88 
77 203 88 90 24 
78 203 88 89 90 
79 203 90 53 25 
80 203 24 90 25 
81 203 91 88 23 
82 203 87 44 88 
83 203 52 87 91 
84 203 88 91 87 
85 203 22 21 84 
86 203 91 23 22 
87 203 22 52 91 
88 203 92 81 50 
89 203 80 43 81 
90 203 49 80 92 
91 203 81 92 80 
92 203 18 49 19 
93 203 49 92 19 
94 203 19 92 20 
95 203 92 50 20 
96 203 94 54 93 
97 203 3 93 4 
98 203 93 133 4 
99 203 1 96 94 
100 203 94 93 3 
101 203 96 95 54 
102 203 97 41 95 
103 203 55 97 96 
104 203 95 96 97 
105 203 33 55 1 
106 203 55 96 1 
107 203 94 3 1 
108 203 54 94 96 
109 203 99 98 41 
110 203 100 56 98 
111 203 57 100 99 
112 203 98 99 100 
113 203 102 101 56 
114 203 103 42 101 
115 203 58 103 102 
116 203 101 102 103 
117 203 30 58 104 
118 203 102 104 58 
119 203 104 31 30 
120 203 100 57 104 
121 203 56 100 102 
122 203 104 102 100 
123 203 106 105 42 
124 203 107 59 105 
125 203 105 106 107 
126 203 107 106 28 
127 203 26 59 27 
128 203 27 107 28 
129 203 59 107 27 
130 203 108 58 30 
131 203 28 106 29 
132 203 103 58 108 
133 203 42 103 106 
134 203 108 106 103 
135 203 30 29 108 
136 203 108 29 106 
137 203 31 104 57 
138 203 32 109 33 
139 203 99 109 57 
140 203 97 55 109 
141 203 41 97 99 
142 203 109 99 97 
143 203 55 33 109 
144 203 109 32 57 
145 203 57 32 31 
146 203 110 26 53 
147 203 111 105 59 
148 203 25 53 26 
149 203 110 59 26 
150 203 112 42 105 
151 203 60 112 111 
152 203 105 111 112 
153 203 89 113 53 
154 203 114 60 113 
155 203 44 114 89 
156 203 113 89 114 
157 203 111 113 60 
158 203 110 53 113 
159 203 59 110 111 
160 203 113 111 110 
161 203 115 101 42 
162 203 116 56 101 
163 203 61 116 115 
164 203 101 115 116 
165 203 117 98 56 
166 203 118 41 98 
167 203 62 118 117 
168 203 98 117 118 
169 203 120 119 61 
170 203 119 40 62 
171 203 117 119 62 
172 203 119 120 40 
173 203 2 62 40 
174 203 116 61 119 
175 203 56 116 117 
176 203 119 117 116 
177 203 86 121 44 
178 203 122 63 121 
179 203 51 122 86 
180 203 121 86 122 
181 203 124 123 63 
182 203 82 125 51 
183 203 123 124 38 
184 203 124 64 38 
185 203 39 123 38 
186 203 126 64 125 
187 203 43 126 82 
188 203 125 82 126 
189 203 124 125 64 
190 203 122 51 125 
191 203 63 122 124 
192 203 125 124 122 
193 203 127 63 123 
194 203 120 127 39 
195 203 40 120 39 
196 203 61 127 120 
197 203 123 39 127 
198 203 128 121 63 
199 203 114 44 121 
200 203 60 114 128 
201 203 121 128 114 
202 203 115 129 61 
203 203 112 60 129 
204 203 42 112 115 
205 203 129 115 112 
206 203 128 129 60 
207 203 127 61 129 
208 203 63 127 128 
209 203 129 128 127 
210 203 130 95 41 
211 203 131 54 95 
212 203 65 131 130 
213 203 95 130 131 
214 203 132 93 54 
215 203 66 133 132 
216 203 93 132 133 
217 203 135 134 65 
218 203 136 66 134 
219 203 47 136 135 
220 203 134 135 136 
221 203 132 134 66 
222 203 131 65 134 
223 203 54 131 132 
224 203 134 132 131 
225 203 138 137 47 
226 203 139 67 137 
227 203 68 139 138 
228 203 137 138 139 
229 203 141 140 67 
230 203 8 7 140 
231 203 140 141 8 
232 203 143 142 68 
233 203 8 141 142 
234 203 45 75 143 
235 203 142 143 75 
236 203 142 75 9 
237 203 139 68 142 
238 203 67 139 141 
239 203 142 141 139 
240 203 144 67 140 
241 203 6 144 140 
242 203 140 7 6 
243 203 5 146 6 
244 203 145 137 67 
245 203 136 47 137 
246 203 66 136 145 
247 203 137 145 136 
248 203 133 66 146 
249 203 4 133 5 
250 203 146 5 133 
251 203 145 146 66 
252 203 144 6 146 
253 203 67 144 145 
254 203 146 145 144 
255 203 79 147 43 
256 203 148 69 147 
257 203 48 148 79 
258 203 147 79 148 
259 203 150 149 69 
260 203 151 46 149 
261 203 70 151 150 
262 203 149 150 151 
263 203 76 152 48 
264 203 153 70 152 
265 203 76 16 153 
266 203 152 76 153 
267 203 150 152 70 
268 203 148 48 152 
269 203 69 148 150 
270 203 152 150 148 
271 203 155 154 46 
272 203 156 71 154 
273 203 72 156 155 
274 203 154 155 156 
275 203 158 157 71 
276 203 74 45 157 
277 203 157 158 74 
278 203 160 159 72 
279 203 12 159 160 
280 203 158 159 12 
281 203 160 13 12 
282 203 11 74 158 
283 203 156 72 159 
284 203 71 156 158 
285 203 159 158 156 
286 203 72 161 160 
287 203 161 162 14 
288 203 160 161 14 
289 203 14 13 160 
290 203 162 153 15 
291 203 14 162 15 
292 203 70 153 162 
293 203 155 163 72 
294 203 151 70 163 
295 203 46 151 155 
296 203 163 155 151 
297 203 162 163 70 
298 203 161 72 163 
299 203 163 162 161 
300 203 143 157 45 
301 203 164 71 157 
302 203 68 164 143 
303 203 157 143 164 
304 203 165 154 71 
305 203 166 46 154 
306 203 73 166 165 
307 203 154 165 166 
308 203 138 167 68 
309 203 168 73 167 
310 203 47 168 138 
311 203 167 138 168 
312 203 165 167 73 
313 203 164 68 167 
314 203 71 164 165 
315 203 167 165 164 
316 203 169 149 46 
317 203 170 69 149 
318 203 149 169 170 
319 203 37 170 36 
320 203 170 169 36 
321 203 169 176 36 
322 203 171 147 69 
323 203 126 43 147 
324 203 64 126 171 
325 203 147 171 126 
326 203 38 64 37 
327 203 171 170 37 
328 203 64 171 37 
329 203 69 170 171 
330 203 135 172 47 
331 203 65 173 135 
332 203 35 175 34 
333 203 172 173 34 
334 203 172 135 173 
335 203 130 174 65 
336 203 118 62 174 
337 203 41 118 130 
338 203 174 130 118 
339 203 173 65 174 
340 203 34 173 2 
341 203 174 62 2 
342 203 174 2 173 
343 203 172 34 175 
344 203 168 47 172 
345 203 73 168 175 
346 203 172 175 168 
347 203 166 73 176 
348 203 46 166 169 
349 203 176 169 166 
350 203 175 35 73 
351 203 176 73 35 
352 203 36 176 35 
