52,97,40,230,231,232
41,59,3,233,234,235
41,40,97,236,237,232
97,59,41,238,237,233
52,40,98,231,239,240
60,98,39,241,242,243
38,60,39,244,245,242
99,60,38,246,247,244
37,99,38,248,249,247
39,98,40,243,250,240
51,37,100,251,252,253
61,100,36,254,255,256
35,61,36,257,258,255
101,61,35,259,260,257
34,101,35,261,262,260
33,102,34,263,264,265
102,33,62,263,266,267
1,62,33,268,269,267
53,34,102,270,271,265
53,101,34,272,270,261
36,100,37,256,273,253
51,99,37,274,251,248
57,30,31,275,276,277
29,30,57,278,279,275
104,28,29,280,281,282
57,103,29,283,279,284
29,63,104,285,281,286
105,104,63,287,288,286
106,64,104,289,290,291
48,106,105,292,293,294
104,105,106,287,290,294
64,28,104,295,291,280
29,103,63,284,285,296
31,207,57,297,276,298
108,107,48,299,300,301
109,65,107,302,303,304
66,109,108,305,306,307
107,108,109,299,303,307
111,110,65,308,309,310
112,49,110,311,312,313
67,112,111,314,315,316
110,111,112,308,312,316
114,113,66,317,318,319
115,67,113,320,321,322
50,115,114,323,324,325
113,114,115,317,321,325
111,113,67,326,315,322
109,66,113,305,327,319
65,109,111,302,309,328
113,111,109,326,327,328
49,116,24,329,330,331
68,117,116,332,333,334
117,24,116,335,334,331
2,117,23,336,337,338
68,23,117,339,332,338
24,117,2,335,340,336
119,118,50,341,342,343
120,69,118,344,345,346
70,120,119,347,348,349
118,119,120,341,345,349
22,69,21,350,351,352
120,70,20,347,353,354
21,120,20,355,356,353
69,120,21,344,352,355
23,68,22,339,357,358
122,118,69,359,360,346
121,22,68,361,362,358
121,69,22,363,361,350
115,50,118,323,364,343
67,115,122,320,365,366
118,122,115,359,364,366
116,123,68,367,333,368
112,67,123,314,369,370
49,112,116,311,329,371
123,116,112,367,369,371
122,123,67,372,365,370
121,68,123,362,373,368
69,121,122,363,360,374
123,122,121,372,373,374
24,25,49,375,330,376
124,65,110,377,378,310
25,124,110,379,380,378
124,26,27,381,382,383
110,49,25,313,380,376
125,107,65,384,385,304
106,48,107,292,386,301
64,106,125,289,387,388
107,125,106,384,386,388
28,64,27,295,389,390
64,125,27,387,390,391
27,125,124,391,382,392
65,124,125,377,385,392
25,26,124,393,379,381
58,179,13,394,395,396
13,12,58,397,395,398
127,71,126,399,400,401
11,126,58,402,403,404
127,11,10,405,406,407
127,126,11,400,405,402
129,128,71,408,409,410
130,46,128,411,412,413
72,130,129,414,415,416
128,129,130,408,412,416
9,72,10,417,418,419
72,129,10,415,419,420
10,129,127,420,406,421
71,127,129,399,409,421
58,12,11,398,403,422
132,131,46,423,424,425
133,73,131,426,427,428
74,133,132,429,430,431
131,132,133,423,427,431
135,134,73,432,433,434
136,47,134,435,436,437
75,136,135,438,439,440
134,135,136,432,436,440
138,137,74,441,442,443
139,75,137,444,445,446
137,138,139,441,445,447
135,137,75,448,439,446
133,74,137,429,449,443
73,133,135,426,433,450
137,135,133,448,449,450
141,140,47,451,452,453
142,76,140,454,455,456
77,142,141,457,458,459
140,141,142,451,455,459
19,76,18,460,461,462
142,77,17,457,463,464
18,142,17,465,466,463
76,142,18,454,462,465
7,6,143,467,468,469
144,78,143,470,471,472
139,138,7,447,473,474
0,144,6,475,476,477
144,143,6,471,477,469
15,16,78,478,479,480
78,144,15,470,479,481
15,144,0,481,482,475
145,78,16,483,484,480
77,145,16,485,486,484
146,143,78,487,488,472
16,17,77,489,486,464
75,139,146,444,490,491
143,146,139,487,492,491
141,147,77,493,458,494
136,75,147,438,495,496
47,136,141,435,452,497
147,141,136,493,495,497
146,147,75,498,490,496
145,77,147,485,499,494
78,145,146,483,488,500
147,146,145,498,499,500
148,8,7,501,502,503
74,148,138,504,442,505
138,148,7,505,474,502
7,143,139,468,473,492
148,149,9,506,507,508
9,8,148,509,507,501
132,149,74,510,430,511
130,72,149,414,512,513
46,130,132,411,424,514
149,132,130,510,512,514
72,9,149,417,513,508
148,74,149,504,506,511
150,19,70,515,516,517
151,140,76,518,519,456
20,70,19,354,520,517
150,76,19,521,515,460
152,47,140,522,523,453
79,152,151,524,525,526
140,151,152,518,523,526
119,153,70,527,348,528
154,79,153,529,530,531
50,154,119,532,342,533
153,119,154,527,530,533
151,153,79,534,525,531
150,70,153,516,535,528
76,150,151,521,519,536
153,151,150,534,535,536
155,134,47,537,538,437
156,73,134,539,540,434
80,156,155,541,542,543
134,155,156,537,540,543
157,131,73,544,545,428
158,46,131,546,547,425
81,158,157,548,549,550
131,157,158,544,547,550
160,159,80,551,552,553
161,81,159,554,555,556
56,161,160,557,558,559
159,160,161,551,555,559
157,159,81,560,549,556
156,80,159,541,561,553
73,156,157,539,545,562
159,157,156,560,561,562
114,162,50,563,324,564
163,82,162,565,566,567
66,163,114,568,318,569
162,114,163,563,566,569
165,164,82,570,571,572
166,56,164,573,574,575
83,166,165,576,577,578
164,165,166,570,574,578
108,167,66,579,306,580
168,83,167,581,582,583
48,168,108,584,300,585
167,108,168,579,582,585
165,167,83,586,577,583
163,66,167,568,587,580
82,163,165,565,571,588
167,165,163,586,587,588
160,164,56,589,558,575
169,82,164,590,591,572
80,169,160,592,552,593
164,160,169,589,591,593
170,162,82,594,595,567
154,50,162,532,596,564
79,154,170,529,597,598
162,170,154,594,596,598
155,171,80,599,542,600
152,79,171,524,601,602
47,152,155,522,538,603
171,155,152,599,601,603
170,171,79,604,597,602
169,80,171,592,605,600
82,169,170,590,595,606
171,170,169,604,605,606
172,128,46,607,608,413
173,71,128,609,610,410
84,173,172,611,612,613
128,172,173,607,610,613
174,126,71,614,615,401
175,58,126,616,617,404
85,175,174,618,619,620
126,174,175,614,617,620
177,176,84,621,622,623
178,85,176,624,625,626
55,178,177,627,628,629
176,177,178,621,625,629
174,176,85,630,619,626
173,84,176,611,631,623
71,173,174,609,615,632
176,174,173,630,631,632
86,180,179,633,634,635
180,13,179,636,635,396
13,180,14,636,637,638
181,62,14,639,640,641
182,181,86,642,643,644
102,62,181,266,645,639
53,102,182,271,646,647
181,182,102,642,645,647
14,180,181,638,640,648
180,86,181,633,648,644
62,1,14,268,641,649
184,183,55,650,651,652
185,87,183,653,654,655
88,185,184,656,657,658
183,184,185,650,654,658
187,186,87,659,660,661
101,53,186,272,662,663
61,101,187,259,664,665
186,187,101,659,662,665
189,188,88,666,667,668
100,61,188,254,669,670
51,100,189,252,671,672
188,189,100,666,669,672
187,188,61,673,664,670
185,88,188,656,674,668
87,185,187,653,660,675
188,187,185,673,674,675
182,186,53,676,646,663
190,87,186,677,678,661
86,190,182,679,643,680
186,182,190,676,678,680
191,183,87,681,682,655
178,55,183,627,683,652
85,178,191,624,684,685
183,191,178,681,683,685
179,192,86,686,634,687
175,85,192,618,688,689
58,175,179,616,394,690
192,179,175,686,688,690
191,192,85,691,684,689
190,86,192,679,692,687
87,190,191,677,682,693
192,191,190,691,692,693
105,193,48,694,293,695
194,89,193,696,697,698
63,194,105,699,288,700
193,105,194,694,697,700
196,195,89,701,702,703
197,54,195,704,705,706
90,197,196,707,708,709
195,196,197,701,705,709
103,198,63,710,296,711
199,90,198,712,713,714
57,199,103,715,283,716
198,103,199,710,713,716
196,198,90,717,708,714
194,63,198,699,718,711
89,194,196,696,702,719
198,196,194,717,718,719
201,200,54,720,721,722
202,91,200,723,724,725
92,202,201,726,727,728
200,201,202,720,724,728
204,203,91,729,730,731
99,51,203,274,732,733
60,99,204,246,734,735
203,204,99,729,732,735
206,205,92,736,737,738
98,60,205,241,739,740
52,98,206,239,741,742
205,206,98,736,739,742
204,205,60,743,734,740
202,92,205,726,744,738
91,202,204,723,730,745
205,204,202,743,744,745
208,93,207,746,747,748
32,208,31,749,750,751
208,207,31,747,751,297
210,209,93,752,753,754
97,52,209,230,755,756
59,97,210,238,757,758
209,210,97,752,755,758
210,208,32,759,760,749
32,3,59,761,762,235
32,59,210,762,760,757
93,208,210,746,753,759
206,209,52,763,741,756
211,93,209,764,765,754
92,211,206,766,737,767
209,206,211,763,765,767
212,207,93,768,769,748
199,57,207,715,770,298
90,199,212,712,771,772
207,212,199,768,770,772
201,213,92,773,727,774
197,90,213,707,775,776
54,197,201,704,721,777
213,201,197,773,775,777
212,213,90,778,771,776
211,92,213,766,779,774
93,211,212,764,769,780
213,212,211,778,779,780
189,203,51,781,671,733
214,91,203,782,783,731
88,214,189,784,667,785
203,189,214,781,783,785
215,200,91,786,787,725
216,54,200,788,789,722
94,216,215,790,791,792
200,215,216,786,789,792
184,217,88,793,657,794
218,94,217,795,796,797
55,218,184,798,651,799
217,184,218,793,796,799
215,217,94,800,791,797
214,88,217,784,801,794
91,214,215,782,787,802
217,215,214,800,801,802
219,195,54,803,804,706
220,89,195,805,806,703
95,220,219,807,808,809
195,219,220,803,806,809
221,193,89,810,811,698
168,48,193,584,812,695
83,168,221,581,813,814
193,221,168,810,812,814
166,83,222,576,815,816
166,5,42,817,818,819
221,222,83,820,813,816
222,95,5,821,822,823
166,222,5,815,817,822
220,95,222,807,824,821
89,220,221,805,811,825
222,221,220,820,824,825
177,223,55,826,628,827
224,96,223,828,829,830
84,224,177,831,622,832
223,177,224,826,829,832
225,4,96,833,834,835
81,161,225,554,836,837
161,56,43,557,838,839
56,42,43,840,839,841
172,226,84,842,612,843
225,161,4,837,833,844
161,43,4,838,844,845
158,81,226,548,846,847
46,158,172,546,608,848
226,172,158,842,846,848
225,226,81,849,836,847
224,84,226,831,850,843
96,224,225,828,834,851
226,225,224,849,850,851
227,44,95,852,853,854
56,166,42,573,840,818
227,96,45,855,856,857
96,4,45,835,857,858
228,223,96,859,860,830
5,95,44,823,861,854
227,45,44,856,852,862
218,55,223,798,863,827
94,218,228,795,864,865
223,228,218,859,863,865
219,229,95,866,808,867
216,94,229,790,868,869
54,216,219,788,804,870
229,219,216,866,868,870
228,229,94,871,864,869
227,95,229,853,872,867
96,227,228,855,860,873
229,228,227,871,872,873
