230 460
1 -2.500000e-03 -2.500000e-03 0.000000e+00
2 -2.500000e-03 2.500000e-03 0.000000e+00
3 2.500000e-03 -2.500000e-03 0.000000e+00
4 2.500000e-03 2.500000e-03 0.000000e+00
5 -5.000000e-04 1.270549e-21 0.000000e+00
6 5.000000e-04 4.274111e-22 0.000000e+00
7 -2.500000e-03 -2.000000e-03 0.000000e+00
8 -2.500000e-03 -1.500000e-03 0.000000e+00
9 -2.500000e-03 -1.000000e-03 0.000000e+00
10 -2.500000e-03 -5.000000e-04 0.000000e+00
11 -2.500000e-03 0.000000e+00 0.000000e+00
12 -2.500000e-03 5.000000e-04 0.000000e+00
13 -2.500000e-03 1.000000e-03 0.000000e+00
14 -2.500000e-03 1.500000e-03 0.000000e+00
15 -2.500000e-03 2.000000e-03 0.000000e+00
16 -2.000000e-03 -2.500000e-03 0.000000e+00
17 -1.500000e-03 -2.500000e-03 0.000000e+00
18 -1.000000e-03 -2.500000e-03 0.000000e+00
19 -5.000000e-04 -2.500000e-03 0.000000e+00
20 0.000000e+00 -2.500000e-03 0.000000e+00
21 5.000000e-04 -2.500000e-03 0.000000e+00
22 1.000000e-03 -2.500000e-03 0.000000e+00
23 1.500000e-03 -2.500000e-03 0.000000e+00
24 2.000000e-03 -2.500000e-03 0.000000e+00
25 2.500000e-03 -2.000000e-03 0.000000e+00
26 2.500000e-03 -1.500000e-03 0.000000e+00
27 2.500000e-03 -1.000000e-03 0.000000e+00
28 2.500000e-03 -5.000000e-04 0.000000e+00
29 2.500000e-03 0.000000e+00 0.000000e+00
30 2.500000e-03 5.000000e-04 0.000000e+00
31 2.500000e-03 1.000000e-03 0.000000e+00
32 2.500000e-03 1.500000e-03 0.000000e+00
33 2.500000e-03 2.000000e-03 0.000000e+00
34 -2.000000e-03 2.500000e-03 0.000000e+00
35 -1.500000e-03 2.500000e-03 0.000000e+00
36 -1.000000e-03 2.500000e-03 0.000000e+00
37 -5.000000e-04 2.500000e-03 0.000000e+00
38 0.000000e+00 2.500000e-03 0.000000e+00
39 5.000000e-04 2.500000e-03 0.000000e+00
40 1.000000e-03 2.500000e-03 0.000000e+00
41 1.500000e-03 2.500000e-03 0.000000e+00
42 2.000000e-03 2.500000e-03 0.000000e+00
43 1.632548e-04 -2.878171e-05 0.000000e+00
44 -1.735442e-04 -5.914782e-05 0.000000e+00
45 1.652165e-04 5.134465e-05 0.000000e+00
46 -1.731958e-04 6.040053e-05 0.000000e+00
47 -1.534045e-03 -3.181212e-04 0.000000e+00
48 -7.674182e-04 -1.644895e-03 0.000000e+00
49 1.535901e-03 -3.167958e-04 0.000000e+00
50 2.227149e-03 -1.691727e-03 0.000000e+00
51 7.673486e-04 -1.644937e-03 0.000000e+00
52 -1.969457e-08 2.218113e-03 0.000000e+00
53 1.525867e-03 2.218706e-03 0.000000e+00
54 -1.525944e-03 2.218690e-03 0.000000e+00
55 7.682246e-04 1.009658e-03 0.000000e+00
56 -7.682469e-04 1.009652e-03 0.000000e+00
57 -1.868696e-06 -3.276172e-04 0.000000e+00
58 2.268820e-03 1.014306e-03 0.000000e+00
59 -2.272498e-03 1.004824e-03 0.000000e+00
60 2.200775e-03 2.260825e-03 0.000000e+00
61 7.604791e-04 2.264496e-03 0.000000e+00
62 -7.604541e-04 2.264493e-03 0.000000e+00
63 -2.200752e-03 2.260763e-03 0.000000e+00
64 1.950053e-03 3.796206e-04 0.000000e+00
65 2.235775e-03 -2.836720e-04 0.000000e+00
66 1.912852e-03 -9.862344e-04 0.000000e+00
67 1.151729e-03 -9.840254e-04 0.000000e+00
68 1.533504e-03 -1.645548e-03 0.000000e+00
69 1.850826e-03 -2.243663e-03 0.000000e+00
70 1.180704e-03 -2.243628e-03 0.000000e+00
71 3.402440e-04 -2.243855e-03 0.000000e+00
72 -1.906490e-03 3.353327e-04 0.000000e+00
73 -2.228510e-03 -2.889921e-04 0.000000e+00
74 -1.151746e-03 -9.836376e-04 0.000000e+00
75 -1.909111e-03 -9.753535e-04 0.000000e+00
76 -1.539850e-03 -1.638357e-03 0.000000e+00
77 -3.402483e-04 -2.243753e-03 0.000000e+00
78 -1.180990e-03 -2.243514e-03 0.000000e+00
79 -1.857898e-03 -2.238288e-03 0.000000e+00
80 -2.545520e-09 -1.644238e-03 0.000000e+00
81 -3.844915e-04 -9.832246e-04 0.000000e+00
82 -7.780315e-04 -3.150383e-04 0.000000e+00
83 3.843901e-04 -9.831187e-04 0.000000e+00
84 7.778050e-04 -3.144160e-04 0.000000e+00
85 -1.153454e-03 3.447482e-04 0.000000e+00
86 -1.534651e-03 1.010285e-03 0.000000e+00
87 -1.905395e-03 1.678654e-03 0.000000e+00
88 -1.152340e-03 1.670625e-03 0.000000e+00
89 -3.827527e-04 1.670327e-03 0.000000e+00
90 1.154177e-03 3.455808e-04 0.000000e+00
91 1.534351e-03 1.012678e-03 0.000000e+00
92 3.827577e-04 1.670343e-03 0.000000e+00
93 1.152351e-03 1.670625e-03 0.000000e+00
94 1.905295e-03 1.678933e-03 0.000000e+00
95 -5.732948e-08 1.009286e-03 0.000000e+00
96 4.025158e-04 3.035178e-04 0.000000e+00
97 -4.040026e-04 3.047188e-04 0.000000e+00
98 1.850530e-03 2.255790e-03 0.000000e+00
99 1.181320e-03 2.257127e-03 0.000000e+00
100 3.401986e-04 2.256727e-03 0.000000e+00
101 -3.402042e-04 2.256706e-03 0.000000e+00
102 -1.181331e-03 2.257141e-03 0.000000e+00
103 -1.850557e-03 2.255720e-03 0.000000e+00
104 2.074769e-03 7.144878e-04 0.000000e+00
105 2.137867e-03 4.600103e-05 0.000000e+00
106 1.735382e-03 2.368778e-05 0.000000e+00
107 1.913647e-03 -3.052336e-04 0.000000e+00
108 1.724958e-03 -6.467302e-04 0.000000e+00
109 1.343547e-03 -6.508271e-04 0.000000e+00
110 1.534327e-03 -9.841900e-04 0.000000e+00
111 2.096082e-03 -1.353119e-03 0.000000e+00
112 1.723408e-03 -1.321907e-03 0.000000e+00
113 1.903362e-03 -1.656875e-03 0.000000e+00
114 1.342890e-03 -1.316475e-03 0.000000e+00
115 9.596793e-04 -1.315734e-03 0.000000e+00
116 1.151799e-03 -1.644271e-03 0.000000e+00
117 2.078387e-03 -1.972213e-03 0.000000e+00
118 2.197950e-03 -2.250496e-03 0.000000e+00
119 9.623796e-04 -1.960466e-03 0.000000e+00
120 5.688072e-04 -1.960097e-03 0.000000e+00
121 7.598686e-04 -2.245772e-03 0.000000e+00
122 1.522717e-03 -2.197716e-03 0.000000e+00
123 1.345326e-03 -1.952058e-03 0.000000e+00
124 1.711872e-03 -1.953303e-03 0.000000e+00
125 2.272071e-03 -9.932221e-04 0.000000e+00
126 2.097176e-03 -6.227962e-04 0.000000e+00
127 -2.096571e-03 6.428499e-04 0.000000e+00
128 -2.227567e-03 3.025454e-04 0.000000e+00
129 -1.722979e-03 1.229674e-05 0.000000e+00
130 -2.089041e-03 8.849965e-06 0.000000e+00
131 -1.904744e-03 -3.119514e-04 0.000000e+00
132 -1.343360e-03 -6.508683e-04 0.000000e+00
133 -1.723127e-03 -6.461146e-04 0.000000e+00
134 -1.533818e-03 -9.813578e-04 0.000000e+00
135 -9.598265e-04 -1.315524e-03 0.000000e+00
136 -1.343931e-03 -1.313710e-03 0.000000e+00
137 -1.152782e-03 -1.643164e-03 0.000000e+00
138 -1.725950e-03 -1.305626e-03 0.000000e+00
139 -2.074499e-03 -1.281433e-03 0.000000e+00
140 -1.948189e-03 -1.611226e-03 0.000000e+00
141 -5.687426e-04 -1.960735e-03 0.000000e+00
142 -9.624209e-04 -1.959636e-03 0.000000e+00
143 -7.598877e-04 -2.245730e-03 0.000000e+00
144 -2.127162e-03 -1.935762e-03 0.000000e+00
145 -2.206397e-03 -2.244181e-03 0.000000e+00
146 -1.524994e-03 -2.195916e-03 0.000000e+00
147 -1.725717e-03 -1.942516e-03 0.000000e+00
148 -1.347118e-03 -1.948420e-03 0.000000e+00
149 -2.268343e-03 -9.825948e-04 0.000000e+00
150 -2.094246e-03 -6.216342e-04 0.000000e+00
151 -6.261235e-09 -2.198072e-03 0.000000e+00
152 -1.856928e-04 -1.952274e-03 0.000000e+00
153 -3.822609e-04 -1.642373e-03 0.000000e+00
154 1.859341e-04 -1.950951e-03 0.000000e+00
155 3.822917e-04 -1.642148e-03 0.000000e+00
156 -5.757218e-04 -1.315185e-03 0.000000e+00
157 -7.682479e-04 -9.832133e-04 0.000000e+00
158 -9.613528e-04 -6.504914e-04 0.000000e+00
159 -1.153601e-03 -3.185135e-04 0.000000e+00
160 -5.798829e-04 -6.464874e-04 0.000000e+00
161 -1.948436e-04 -6.478273e-04 0.000000e+00
162 -4.045106e-04 -2.865114e-04 0.000000e+00
163 5.756873e-04 -1.315171e-03 0.000000e+00
164 7.681668e-04 -9.832294e-04 0.000000e+00
165 1.938131e-04 -6.473151e-04 0.000000e+00
166 5.794724e-04 -6.457963e-04 0.000000e+00
167 4.025066e-04 -2.822539e-04 0.000000e+00
168 9.614497e-04 -6.502477e-04 0.000000e+00
169 1.154001e-03 -3.181557e-04 0.000000e+00
170 -1.294535e-07 -9.830014e-04 0.000000e+00
171 1.917952e-04 -1.314973e-03 0.000000e+00
172 -1.918459e-04 -1.314868e-03 0.000000e+00
173 -1.344018e-03 1.303702e-05 0.000000e+00
174 -1.533670e-03 3.437669e-04 0.000000e+00
175 -1.723498e-03 6.719634e-04 0.000000e+00
176 -1.911679e-03 1.008260e-03 0.000000e+00
177 -1.343200e-03 6.769439e-04 0.000000e+00
178 -9.611860e-04 6.766334e-04 0.000000e+00
179 -1.151724e-03 1.010106e-03 0.000000e+00
180 -2.096088e-03 1.370871e-03 0.000000e+00
181 -2.226478e-03 1.706115e-03 0.000000e+00
182 -2.077673e-03 1.987296e-03 0.000000e+00
183 -1.713179e-03 1.976665e-03 0.000000e+00
184 -9.598172e-04 1.341956e-03 0.000000e+00
185 -5.757945e-04 1.341766e-03 0.000000e+00
186 -7.674346e-04 1.670429e-03 0.000000e+00
187 -1.345737e-03 1.975442e-03 0.000000e+00
188 -9.626238e-04 1.980899e-03 0.000000e+00
189 -5.687390e-04 1.980888e-03 0.000000e+00
190 -1.856536e-04 1.974936e-03 0.000000e+00
191 -1.532696e-03 1.668339e-03 0.000000e+00
192 -1.343159e-03 1.341851e-03 0.000000e+00
193 -1.722882e-03 1.345914e-03 0.000000e+00
194 1.346338e-03 1.517339e-05 0.000000e+00
195 1.541120e-03 3.523289e-04 0.000000e+00
196 9.613050e-04 6.769307e-04 0.000000e+00
197 1.344471e-03 6.797593e-04 0.000000e+00
198 1.151838e-03 1.010697e-03 0.000000e+00
199 1.726432e-03 6.891817e-04 0.000000e+00
200 1.908236e-03 1.021115e-03 0.000000e+00
201 5.757793e-04 1.341834e-03 0.000000e+00
202 9.598251e-04 1.341956e-03 0.000000e+00
203 7.674612e-04 1.670439e-03 0.000000e+00
204 1.861325e-04 1.974762e-03 0.000000e+00
205 5.685028e-04 1.980716e-03 0.000000e+00
206 9.624770e-04 1.981089e-03 0.000000e+00
207 1.346648e-03 1.975505e-03 0.000000e+00
208 2.095176e-03 1.373553e-03 0.000000e+00
209 2.226368e-03 1.706553e-03 0.000000e+00
210 1.714542e-03 1.976050e-03 0.000000e+00
211 2.076916e-03 1.986074e-03 0.000000e+00
212 1.532927e-03 1.668392e-03 0.000000e+00
213 1.722367e-03 1.348093e-03 0.000000e+00
214 1.342775e-03 1.342458e-03 0.000000e+00
215 5.935285e-08 1.666681e-03 0.000000e+00
216 1.918578e-04 1.341115e-03 0.000000e+00
217 3.843535e-04 1.008931e-03 0.000000e+00
218 -1.918747e-04 1.340959e-03 0.000000e+00
219 -3.844413e-04 1.008929e-03 0.000000e+00
220 5.795841e-04 6.710080e-04 0.000000e+00
221 7.784255e-04 3.386506e-04 0.000000e+00
222 9.695102e-04 1.290130e-05 0.000000e+00
223 6.319329e-04 1.016149e-05 0.000000e+00
224 -5.798354e-04 6.711555e-04 0.000000e+00
225 -7.785333e-04 3.386695e-04 0.000000e+00
226 -6.320329e-04 9.671176e-06 0.000000e+00
227 -9.699686e-04 1.237395e-05 0.000000e+00
228 -1.482112e-06 3.468249e-04 0.000000e+00
229 -1.950614e-04 6.713796e-04 0.000000e+00
230 1.942277e-04 6.709120e-04 0.000000e+00
1 102 1 7 
2 102 7 8 
3 102 8 9 
4 102 9 10 
5 102 10 11 
6 102 11 12 
7 102 12 13 
8 102 13 14 
9 102 14 15 
10 102 15 2 
11 102 1 16 
12 102 16 17 
13 102 17 18 
14 102 18 19 
15 102 19 20 
16 102 20 21 
17 102 21 22 
18 102 22 23 
19 102 23 24 
20 102 24 3 
21 102 3 25 
22 102 25 26 
23 102 26 27 
24 102 27 28 
25 102 28 29 
26 102 29 30 
27 102 30 31 
28 102 31 32 
29 102 32 33 
30 102 33 4 
31 102 2 34 
32 102 34 35 
33 102 35 36 
34 102 36 37 
35 102 37 38 
36 102 38 39 
37 102 39 40 
38 102 40 41 
39 102 41 42 
40 102 42 4 
41 102 6 43 
42 102 43 44 
43 102 44 5 
44 102 6 45 
45 102 45 46 
46 102 46 5 
47 203 53 98 41 
48 203 42 60 4 
49 203 42 41 98 
50 203 98 60 42 
51 203 53 41 99 
52 203 61 99 40 
53 203 39 61 40 
54 203 100 61 39 
55 203 38 100 39 
56 203 40 99 41 
57 203 52 38 101 
58 203 62 101 37 
59 203 36 62 37 
60 203 102 62 36 
61 203 35 102 36 
62 203 34 103 35 
63 203 103 34 63 
64 203 2 63 34 
65 203 54 35 103 
66 203 54 102 35 
67 203 37 101 38 
68 203 52 100 38 
69 203 58 31 32 
70 203 30 31 58 
71 203 105 29 30 
72 203 58 104 30 
73 203 30 64 105 
74 203 106 105 64 
75 203 107 65 105 
76 203 49 107 106 
77 203 105 106 107 
78 203 65 29 105 
79 203 30 104 64 
80 203 32 208 58 
81 203 109 108 49 
82 203 110 66 108 
83 203 67 110 109 
84 203 108 109 110 
85 203 112 111 66 
86 203 113 50 111 
87 203 68 113 112 
88 203 111 112 113 
89 203 115 114 67 
90 203 116 68 114 
91 203 51 116 115 
92 203 114 115 116 
93 203 112 114 68 
94 203 110 67 114 
95 203 66 110 112 
96 203 114 112 110 
97 203 50 117 25 
98 203 69 118 117 
99 203 118 25 117 
100 203 3 118 24 
101 203 69 24 118 
102 203 25 118 3 
103 203 120 119 51 
104 203 121 70 119 
105 203 71 121 120 
106 203 119 120 121 
107 203 23 70 22 
108 203 121 71 21 
109 203 22 121 21 
110 203 70 121 22 
111 203 24 69 23 
112 203 123 119 70 
113 203 122 23 69 
114 203 122 70 23 
115 203 116 51 119 
116 203 68 116 123 
117 203 119 123 116 
118 203 117 124 69 
119 203 113 68 124 
120 203 50 113 117 
121 203 124 117 113 
122 203 123 124 68 
123 203 122 69 124 
124 203 70 122 123 
125 203 124 123 122 
126 203 25 26 50 
127 203 125 66 111 
128 203 26 125 111 
129 203 125 27 28 
130 203 111 50 26 
131 203 126 108 66 
132 203 107 49 108 
133 203 65 107 126 
134 203 108 126 107 
135 203 29 65 28 
136 203 65 126 28 
137 203 28 126 125 
138 203 66 125 126 
139 203 26 27 125 
140 203 59 180 14 
141 203 14 13 59 
142 203 128 72 127 
143 203 12 127 59 
144 203 128 12 11 
145 203 128 127 12 
146 203 130 129 72 
147 203 131 47 129 
148 203 73 131 130 
149 203 129 130 131 
150 203 10 73 11 
151 203 73 130 11 
152 203 11 130 128 
153 203 72 128 130 
154 203 59 13 12 
155 203 133 132 47 
156 203 134 74 132 
157 203 75 134 133 
158 203 132 133 134 
159 203 136 135 74 
160 203 137 48 135 
161 203 76 137 136 
162 203 135 136 137 
163 203 139 138 75 
164 203 140 76 138 
165 203 138 139 140 
166 203 136 138 76 
167 203 134 75 138 
168 203 74 134 136 
169 203 138 136 134 
170 203 142 141 48 
171 203 143 77 141 
172 203 78 143 142 
173 203 141 142 143 
174 203 20 77 19 
175 203 143 78 18 
176 203 19 143 18 
177 203 77 143 19 
178 203 8 7 144 
179 203 145 79 144 
180 203 140 139 8 
181 203 1 145 7 
182 203 145 144 7 
183 203 16 17 79 
184 203 79 145 16 
185 203 16 145 1 
186 203 146 79 17 
187 203 78 146 17 
188 203 147 144 79 
189 203 17 18 78 
190 203 76 140 147 
191 203 144 147 140 
192 203 142 148 78 
193 203 137 76 148 
194 203 48 137 142 
195 203 148 142 137 
196 203 147 148 76 
197 203 146 78 148 
198 203 79 146 147 
199 203 148 147 146 
200 203 149 9 8 
201 203 75 149 139 
202 203 139 149 8 
203 203 8 144 140 
204 203 149 150 10 
205 203 10 9 149 
206 203 133 150 75 
207 203 131 73 150 
208 203 47 131 133 
209 203 150 133 131 
210 203 73 10 150 
211 203 149 75 150 
212 203 151 20 71 
213 203 152 141 77 
214 203 21 71 20 
215 203 151 77 20 
216 203 153 48 141 
217 203 80 153 152 
218 203 141 152 153 
219 203 120 154 71 
220 203 155 80 154 
221 203 51 155 120 
222 203 154 120 155 
223 203 152 154 80 
224 203 151 71 154 
225 203 77 151 152 
226 203 154 152 151 
227 203 156 135 48 
228 203 157 74 135 
229 203 81 157 156 
230 203 135 156 157 
231 203 158 132 74 
232 203 159 47 132 
233 203 82 159 158 
234 203 132 158 159 
235 203 161 160 81 
236 203 162 82 160 
237 203 57 162 161 
238 203 160 161 162 
239 203 158 160 82 
240 203 157 81 160 
241 203 74 157 158 
242 203 160 158 157 
243 203 115 163 51 
244 203 164 83 163 
245 203 67 164 115 
246 203 163 115 164 
247 203 166 165 83 
248 203 167 57 165 
249 203 84 167 166 
250 203 165 166 167 
251 203 109 168 67 
252 203 169 84 168 
253 203 49 169 109 
254 203 168 109 169 
255 203 166 168 84 
256 203 164 67 168 
257 203 83 164 166 
258 203 168 166 164 
259 203 161 165 57 
260 203 170 83 165 
261 203 81 170 161 
262 203 165 161 170 
263 203 171 163 83 
264 203 155 51 163 
265 203 80 155 171 
266 203 163 171 155 
267 203 156 172 81 
268 203 153 80 172 
269 203 48 153 156 
270 203 172 156 153 
271 203 171 172 80 
272 203 170 81 172 
273 203 83 170 171 
274 203 172 171 170 
275 203 173 129 47 
276 203 174 72 129 
277 203 85 174 173 
278 203 129 173 174 
279 203 175 127 72 
280 203 176 59 127 
281 203 86 176 175 
282 203 127 175 176 
283 203 178 177 85 
284 203 179 86 177 
285 203 56 179 178 
286 203 177 178 179 
287 203 175 177 86 
288 203 174 85 177 
289 203 72 174 175 
290 203 177 175 174 
291 203 87 181 180 
292 203 181 14 180 
293 203 14 181 15 
294 203 182 63 15 
295 203 183 182 87 
296 203 103 63 182 
297 203 54 103 183 
298 203 182 183 103 
299 203 15 181 182 
300 203 181 87 182 
301 203 63 2 15 
302 203 185 184 56 
303 203 186 88 184 
304 203 89 186 185 
305 203 184 185 186 
306 203 188 187 88 
307 203 102 54 187 
308 203 62 102 188 
309 203 187 188 102 
310 203 190 189 89 
311 203 101 62 189 
312 203 52 101 190 
313 203 189 190 101 
314 203 188 189 62 
315 203 186 89 189 
316 203 88 186 188 
317 203 189 188 186 
318 203 183 187 54 
319 203 191 88 187 
320 203 87 191 183 
321 203 187 183 191 
322 203 192 184 88 
323 203 179 56 184 
324 203 86 179 192 
325 203 184 192 179 
326 203 180 193 87 
327 203 176 86 193 
328 203 59 176 180 
329 203 193 180 176 
330 203 192 193 86 
331 203 191 87 193 
332 203 88 191 192 
333 203 193 192 191 
334 203 106 194 49 
335 203 195 90 194 
336 203 64 195 106 
337 203 194 106 195 
338 203 197 196 90 
339 203 198 55 196 
340 203 91 198 197 
341 203 196 197 198 
342 203 104 199 64 
343 203 200 91 199 
344 203 58 200 104 
345 203 199 104 200 
346 203 197 199 91 
347 203 195 64 199 
348 203 90 195 197 
349 203 199 197 195 
350 203 202 201 55 
351 203 203 92 201 
352 203 93 203 202 
353 203 201 202 203 
354 203 205 204 92 
355 203 100 52 204 
356 203 61 100 205 
357 203 204 205 100 
358 203 207 206 93 
359 203 99 61 206 
360 203 53 99 207 
361 203 206 207 99 
362 203 205 206 61 
363 203 203 93 206 
364 203 92 203 205 
365 203 206 205 203 
366 203 209 94 208 
367 203 33 209 32 
368 203 209 208 32 
369 203 211 210 94 
370 203 98 53 210 
371 203 60 98 211 
372 203 210 211 98 
373 203 211 209 33 
374 203 33 4 60 
375 203 33 60 211 
376 203 94 209 211 
377 203 207 210 53 
378 203 212 94 210 
379 203 93 212 207 
380 203 210 207 212 
381 203 213 208 94 
382 203 200 58 208 
383 203 91 200 213 
384 203 208 213 200 
385 203 202 214 93 
386 203 198 91 214 
387 203 55 198 202 
388 203 214 202 198 
389 203 213 214 91 
390 203 212 93 214 
391 203 94 212 213 
392 203 214 213 212 
393 203 190 204 52 
394 203 215 92 204 
395 203 89 215 190 
396 203 204 190 215 
397 203 216 201 92 
398 203 217 55 201 
399 203 95 217 216 
400 203 201 216 217 
401 203 185 218 89 
402 203 219 95 218 
403 203 56 219 185 
404 203 218 185 219 
405 203 216 218 95 
406 203 215 89 218 
407 203 92 215 216 
408 203 218 216 215 
409 203 220 196 55 
410 203 221 90 196 
411 203 96 221 220 
412 203 196 220 221 
413 203 222 194 90 
414 203 169 49 194 
415 203 84 169 222 
416 203 194 222 169 
417 203 167 84 223 
418 203 167 6 43 
419 203 222 223 84 
420 203 223 96 6 
421 203 167 223 6 
422 203 221 96 223 
423 203 90 221 222 
424 203 223 222 221 
425 203 178 224 56 
426 203 225 97 224 
427 203 85 225 178 
428 203 224 178 225 
429 203 226 5 97 
430 203 82 162 226 
431 203 162 57 44 
432 203 57 43 44 
433 203 173 227 85 
434 203 226 162 5 
435 203 162 44 5 
436 203 159 82 227 
437 203 47 159 173 
438 203 227 173 159 
439 203 226 227 82 
440 203 225 85 227 
441 203 97 225 226 
442 203 227 226 225 
443 203 228 45 96 
444 203 57 167 43 
445 203 228 97 46 
446 203 97 5 46 
447 203 229 224 97 
448 203 6 96 45 
449 203 228 46 45 
450 203 219 56 224 
451 203 95 219 229 
452 203 224 229 219 
453 203 220 230 96 
454 203 217 95 230 
455 203 55 217 220 
456 203 230 220 217 
457 203 229 230 95 
458 203 228 96 230 
459 203 97 228 229 
460 203 230 229 228 
