57 114
1 -2.500000e-03 -2.500000e-03 0.000000e+00
2 -2.500000e-03 2.500000e-03 0.000000e+00
3 2.500000e-03 -2.500000e-03 0.000000e+00
4 2.500000e-03 2.500000e-03 0.000000e+00
5 -5.000000e-04 1.270549e-21 0.000000e+00
6 5.000000e-04 4.274111e-22 0.000000e+00
7 -2.500000e-03 -1.500000e-03 0.000000e+00
8 -2.500000e-03 -5.000000e-04 0.000000e+00
9 -2.500000e-03 5.000000e-04 0.000000e+00
10 -2.500000e-03 1.500000e-03 0.000000e+00
11 -1.500000e-03 -2.500000e-03 0.000000e+00
12 -5.000000e-04 -2.500000e-03 0.000000e+00
13 5.000000e-04 -2.500000e-03 0.000000e+00
14 1.500000e-03 -2.500000e-03 0.000000e+00
15 2.500000e-03 -1.500000e-03 0.000000e+00
16 2.500000e-03 -5.000000e-04 0.000000e+00
17 2.500000e-03 5.000000e-04 0.000000e+00
18 2.500000e-03 1.500000e-03 0.000000e+00
19 -1.500000e-03 2.500000e-03 0.000000e+00
20 -5.000000e-04 2.500000e-03 0.000000e+00
21 5.000000e-04 2.500000e-03 0.000000e+00
22 1.500000e-03 2.500000e-03 0.000000e+00
23 -4.557939e-06 -5.089593e-05 0.000000e+00
24 -3.820030e-06 6.214370e-05 0.000000e+00
25 -1.635059e-03 -4.754665e-04 0.000000e+00
26 1.635358e-03 -4.756752e-04 0.000000e+00
27 9.076653e-04 -1.852398e-03 0.000000e+00
28 -9.075539e-04 -1.852219e-03 0.000000e+00
29 -7.031471e-07 -4.884178e-04 0.000000e+00
30 -8.197763e-04 1.019183e-03 0.000000e+00
31 8.470355e-04 1.000920e-03 0.000000e+00
32 1.932352e-03 1.663621e-04 0.000000e+00
33 1.951698e-03 -1.102086e-03 0.000000e+00
34 1.263784e-03 -1.164621e-03 0.000000e+00
35 1.769752e-03 -1.787323e-03 0.000000e+00
36 -1.931797e-03 1.667667e-04 0.000000e+00
37 -1.265737e-03 -1.165452e-03 0.000000e+00
38 -1.950896e-03 -1.101017e-03 0.000000e+00
39 -1.769953e-03 -1.787307e-03 0.000000e+00
40 -4.717218e-08 -1.859162e-03 0.000000e+00
41 -4.317117e-04 -1.182673e-03 0.000000e+00
42 -8.416742e-04 -5.073700e-04 0.000000e+00
43 4.310143e-04 -1.181652e-03 0.000000e+00
44 8.412604e-04 -5.072462e-04 0.000000e+00
45 -1.155713e-03 2.402401e-04 0.000000e+00
46 -1.726957e-03 1.007777e-03 0.000000e+00
47 -1.900468e-03 1.848683e-03 0.000000e+00
48 -1.143889e-03 1.767215e-03 0.000000e+00
49 -2.688818e-04 1.727196e-03 0.000000e+00
50 1.158853e-03 2.381065e-04 0.000000e+00
51 1.732039e-03 1.004343e-03 0.000000e+00
52 4.510158e-04 1.597216e-03 0.000000e+00
53 1.171900e-03 1.745938e-03 0.000000e+00
54 1.902252e-03 1.845419e-03 0.000000e+00
55 2.286133e-05 9.054506e-04 0.000000e+00
56 5.026553e-04 4.354265e-04 0.000000e+00
57 -4.936107e-04 4.382373e-04 0.000000e+00
1 102 1 7 
2 102 7 8 
3 102 8 9 
4 102 9 10 
5 102 10 2 
6 102 1 11 
7 102 11 12 
8 102 12 13 
9 102 13 14 
10 102 14 3 
11 102 3 15 
12 102 15 16 
13 102 16 17 
14 102 17 18 
15 102 18 4 
16 102 2 19 
17 102 19 20 
18 102 20 21 
19 102 21 22 
20 102 22 4 
21 102 6 23 
22 102 23 5 
23 102 6 24 
24 102 24 5 
25 203 22 53 54 
26 203 54 4 22 
27 203 18 51 17 
28 203 16 17 32 
29 203 34 33 26 
30 203 27 35 34 
31 203 33 34 35 
32 203 15 35 3 
33 203 14 27 13 
34 203 3 35 14 
35 203 35 27 14 
36 203 16 33 15 
37 203 33 35 15 
38 203 32 26 16 
39 203 26 33 16 
40 203 36 46 9 
41 203 8 36 9 
42 203 38 37 25 
43 203 39 28 37 
44 203 38 7 39 
45 203 37 38 39 
46 203 11 39 1 
47 203 39 11 28 
48 203 12 28 11 
49 203 1 39 7 
50 203 7 38 8 
51 203 25 36 8 
52 203 38 25 8 
53 203 40 28 12 
54 203 13 40 12 
55 203 27 40 13 
56 203 41 37 28 
57 203 42 25 37 
58 203 29 42 41 
59 203 37 41 42 
60 203 34 43 27 
61 203 44 29 43 
62 203 26 44 34 
63 203 43 34 44 
64 203 41 43 29 
65 203 40 27 43 
66 203 28 40 41 
67 203 43 41 40 
68 203 45 36 25 
69 203 30 46 45 
70 203 36 45 46 
71 203 9 46 10 
72 203 47 48 19 
73 203 10 47 2 
74 203 19 2 47 
75 203 49 48 30 
76 203 48 49 20 
77 203 20 19 48 
78 203 21 20 49 
79 203 49 52 21 
80 203 46 30 48 
81 203 47 10 46 
82 203 48 47 46 
83 203 32 50 26 
84 203 51 31 50 
85 203 32 17 51 
86 203 50 32 51 
87 203 53 52 31 
88 203 53 22 21 
89 203 21 52 53 
90 203 4 54 18 
91 203 54 51 18 
92 203 31 51 53 
93 203 54 53 51 
94 203 55 31 52 
95 203 30 55 49 
96 203 52 49 55 
97 203 56 50 31 
98 203 44 26 50 
99 203 56 6 50 
100 203 29 44 6 
101 203 44 50 6 
102 203 56 24 6 
103 203 45 57 30 
104 203 25 42 45 
105 203 42 29 5 
106 203 24 57 5 
107 203 57 45 5 
108 203 42 5 45 
109 203 56 55 24 
110 203 55 30 57 
111 203 5 29 23 
112 203 29 6 23 
113 203 31 55 56 
114 203 57 24 55 
