1331 335
1 0.000000e+00 0.000000e+00 2.000000e+00
2 0.000000e+00 0.000000e+00 0.000000e+00
3 0.000000e+00 2.000000e+00 2.000000e+00
4 0.000000e+00 2.000000e+00 0.000000e+00
5 2.000000e+00 0.000000e+00 2.000000e+00
6 2.000000e+00 0.000000e+00 0.000000e+00
7 2.000000e+00 2.000000e+00 2.000000e+00
8 2.000000e+00 2.000000e+00 0.000000e+00
9 0.000000e+00 0.000000e+00 4.000000e-01
10 0.000000e+00 0.000000e+00 8.000000e-01
11 0.000000e+00 0.000000e+00 1.200000e+00
12 0.000000e+00 0.000000e+00 1.600000e+00
13 0.000000e+00 4.000000e-01 2.000000e+00
14 0.000000e+00 8.000000e-01 2.000000e+00
15 0.000000e+00 1.200000e+00 2.000000e+00
16 0.000000e+00 1.600000e+00 2.000000e+00
17 0.000000e+00 2.000000e+00 4.000000e-01
18 0.000000e+00 2.000000e+00 8.000000e-01
19 0.000000e+00 2.000000e+00 1.200000e+00
20 0.000000e+00 2.000000e+00 1.600000e+00
21 0.000000e+00 4.000000e-01 0.000000e+00
22 0.000000e+00 8.000000e-01 0.000000e+00
23 0.000000e+00 1.200000e+00 0.000000e+00
24 0.000000e+00 1.600000e+00 0.000000e+00
25 2.000000e+00 0.000000e+00 4.000000e-01
26 2.000000e+00 0.000000e+00 8.000000e-01
27 2.000000e+00 0.000000e+00 1.200000e+00
28 2.000000e+00 0.000000e+00 1.600000e+00
29 2.000000e+00 4.000000e-01 2.000000e+00
30 2.000000e+00 8.000000e-01 2.000000e+00
31 2.000000e+00 1.200000e+00 2.000000e+00
32 2.000000e+00 1.600000e+00 2.000000e+00
33 2.000000e+00 2.000000e+00 4.000000e-01
34 2.000000e+00 2.000000e+00 8.000000e-01
35 2.000000e+00 2.000000e+00 1.200000e+00
36 2.000000e+00 2.000000e+00 1.600000e+00
37 2.000000e+00 4.000000e-01 0.000000e+00
38 2.000000e+00 8.000000e-01 0.000000e+00
39 2.000000e+00 1.200000e+00 0.000000e+00
40 2.000000e+00 1.600000e+00 0.000000e+00
41 4.000000e-01 0.000000e+00 0.000000e+00
42 8.000000e-01 0.000000e+00 0.000000e+00
43 1.200000e+00 0.000000e+00 0.000000e+00
44 1.600000e+00 0.000000e+00 0.000000e+00
45 4.000000e-01 0.000000e+00 2.000000e+00
46 8.000000e-01 0.000000e+00 2.000000e+00
47 1.200000e+00 0.000000e+00 2.000000e+00
48 1.600000e+00 0.000000e+00 2.000000e+00
49 4.000000e-01 2.000000e+00 0.000000e+00
50 8.000000e-01 2.000000e+00 0.000000e+00
51 1.200000e+00 2.000000e+00 0.000000e+00
52 1.600000e+00 2.000000e+00 0.000000e+00
53 4.000000e-01 2.000000e+00 2.000000e+00
54 8.000000e-01 2.000000e+00 2.000000e+00
55 1.200000e+00 2.000000e+00 2.000000e+00
56 1.600000e+00 2.000000e+00 2.000000e+00
57 0.000000e+00 4.000000e-01 4.000000e-01
58 0.000000e+00 8.000000e-01 4.000000e-01
59 0.000000e+00 1.200000e+00 4.000000e-01
60 0.000000e+00 1.600000e+00 4.000000e-01
61 0.000000e+00 4.000000e-01 8.000000e-01
62 0.000000e+00 8.000000e-01 8.000000e-01
63 0.000000e+00 1.200000e+00 8.000000e-01
64 0.000000e+00 1.600000e+00 8.000000e-01
65 0.000000e+00 4.000000e-01 1.200000e+00
66 0.000000e+00 8.000000e-01 1.200000e+00
67 0.000000e+00 1.200000e+00 1.200000e+00
68 0.000000e+00 1.600000e+00 1.200000e+00
69 0.000000e+00 4.000000e-01 1.600000e+00
70 0.000000e+00 8.000000e-01 1.600000e+00
71 0.000000e+00 1.200000e+00 1.600000e+00
72 0.000000e+00 1.600000e+00 1.600000e+00
73 2.000000e+00 4.000000e-01 1.600000e+00
74 2.000000e+00 8.000000e-01 1.600000e+00
75 2.000000e+00 1.200000e+00 1.600000e+00
76 2.000000e+00 1.600000e+00 1.600000e+00
77 2.000000e+00 4.000000e-01 1.200000e+00
78 2.000000e+00 8.000000e-01 1.200000e+00
79 2.000000e+00 1.200000e+00 1.200000e+00
80 2.000000e+00 1.600000e+00 1.200000e+00
81 2.000000e+00 4.000000e-01 8.000000e-01
82 2.000000e+00 8.000000e-01 8.000000e-01
83 2.000000e+00 1.200000e+00 8.000000e-01
84 2.000000e+00 1.600000e+00 8.000000e-01
85 2.000000e+00 4.000000e-01 4.000000e-01
86 2.000000e+00 8.000000e-01 4.000000e-01
87 2.000000e+00 1.200000e+00 4.000000e-01
88 2.000000e+00 1.600000e+00 4.000000e-01
89 4.000000e-01 0.000000e+00 4.000000e-01
90 4.000000e-01 0.000000e+00 8.000000e-01
91 4.000000e-01 0.000000e+00 1.200000e+00
92 4.000000e-01 0.000000e+00 1.600000e+00
93 8.000000e-01 0.000000e+00 4.000000e-01
94 8.000000e-01 0.000000e+00 8.000000e-01
95 8.000000e-01 0.000000e+00 1.200000e+00
96 8.000000e-01 0.000000e+00 1.600000e+00
97 1.200000e+00 0.000000e+00 4.000000e-01
98 1.200000e+00 0.000000e+00 8.000000e-01
99 1.200000e+00 0.000000e+00 1.200000e+00
100 1.200000e+00 0.000000e+00 1.600000e+00
101 1.600000e+00 0.000000e+00 4.000000e-01
102 1.600000e+00 0.000000e+00 8.000000e-01
103 1.600000e+00 0.000000e+00 1.200000e+00
104 1.600000e+00 0.000000e+00 1.600000e+00
105 1.600000e+00 2.000000e+00 4.000000e-01
106 1.600000e+00 2.000000e+00 8.000000e-01
107 1.600000e+00 2.000000e+00 1.200000e+00
108 1.600000e+00 2.000000e+00 1.600000e+00
109 1.200000e+00 2.000000e+00 4.000000e-01
110 1.200000e+00 2.000000e+00 8.000000e-01
111 1.200000e+00 2.000000e+00 1.200000e+00
112 1.200000e+00 2.000000e+00 1.600000e+00
113 8.000000e-01 2.000000e+00 4.000000e-01
114 8.000000e-01 2.000000e+00 8.000000e-01
115 8.000000e-01 2.000000e+00 1.200000e+00
116 8.000000e-01 2.000000e+00 1.600000e+00
117 4.000000e-01 2.000000e+00 4.000000e-01
118 4.000000e-01 2.000000e+00 8.000000e-01
119 4.000000e-01 2.000000e+00 1.200000e+00
120 4.000000e-01 2.000000e+00 1.600000e+00
121 4.000000e-01 4.000000e-01 0.000000e+00
122 8.000000e-01 4.000000e-01 0.000000e+00
123 1.200000e+00 4.000000e-01 0.000000e+00
124 1.600000e+00 4.000000e-01 0.000000e+00
125 4.000000e-01 8.000000e-01 0.000000e+00
126 8.000000e-01 8.000000e-01 0.000000e+00
127 1.200000e+00 8.000000e-01 0.000000e+00
128 1.600000e+00 8.000000e-01 0.000000e+00
129 4.000000e-01 1.200000e+00 0.000000e+00
130 8.000000e-01 1.200000e+00 0.000000e+00
131 1.200000e+00 1.200000e+00 0.000000e+00
132 1.600000e+00 1.200000e+00 0.000000e+00
133 4.000000e-01 1.600000e+00 0.000000e+00
134 8.000000e-01 1.600000e+00 0.000000e+00
135 1.200000e+00 1.600000e+00 0.000000e+00
136 1.600000e+00 1.600000e+00 0.000000e+00
137 4.000000e-01 1.600000e+00 2.000000e+00
138 8.000000e-01 1.600000e+00 2.000000e+00
139 1.200000e+00 1.600000e+00 2.000000e+00
140 1.600000e+00 1.600000e+00 2.000000e+00
141 4.000000e-01 1.200000e+00 2.000000e+00
142 8.000000e-01 1.200000e+00 2.000000e+00
143 1.200000e+00 1.200000e+00 2.000000e+00
144 1.600000e+00 1.200000e+00 2.000000e+00
145 4.000000e-01 8.000000e-01 2.000000e+00
146 8.000000e-01 8.000000e-01 2.000000e+00
147 1.200000e+00 8.000000e-01 2.000000e+00
148 1.600000e+00 8.000000e-01 2.000000e+00
149 4.000000e-01 4.000000e-01 2.000000e+00
150 8.000000e-01 4.000000e-01 2.000000e+00
151 1.200000e+00 4.000000e-01 2.000000e+00
152 1.600000e+00 4.000000e-01 2.000000e+00
153 4.000000e-01 4.000000e-01 1.600000e+00
154 8.000000e-01 4.000000e-01 1.600000e+00
155 1.200000e+00 4.000000e-01 1.600000e+00
156 1.600000e+00 4.000000e-01 1.600000e+00
157 4.000000e-01 8.000000e-01 1.600000e+00
158 8.000000e-01 8.000000e-01 1.600000e+00
159 1.200000e+00 8.000000e-01 1.600000e+00
160 1.600000e+00 8.000000e-01 1.600000e+00
161 4.000000e-01 1.200000e+00 1.600000e+00
162 8.000000e-01 1.200000e+00 1.600000e+00
163 1.200000e+00 1.200000e+00 1.600000e+00
164 1.600000e+00 1.200000e+00 1.600000e+00
165 4.000000e-01 1.600000e+00 1.600000e+00
166 8.000000e-01 1.600000e+00 1.600000e+00
167 1.200000e+00 1.600000e+00 1.600000e+00
168 1.600000e+00 1.600000e+00 1.600000e+00
169 4.000000e-01 4.000000e-01 1.200000e+00
170 8.000000e-01 4.000000e-01 1.200000e+00
171 1.200000e+00 4.000000e-01 1.200000e+00
172 1.600000e+00 4.000000e-01 1.200000e+00
173 4.000000e-01 8.000000e-01 1.200000e+00
174 8.000000e-01 8.000000e-01 1.200000e+00
175 1.200000e+00 8.000000e-01 1.200000e+00
176 1.600000e+00 8.000000e-01 1.200000e+00
177 4.000000e-01 1.200000e+00 1.200000e+00
178 8.000000e-01 1.200000e+00 1.200000e+00
179 1.200000e+00 1.200000e+00 1.200000e+00
180 1.600000e+00 1.200000e+00 1.200000e+00
181 4.000000e-01 1.600000e+00 1.200000e+00
182 8.000000e-01 1.600000e+00 1.200000e+00
183 1.200000e+00 1.600000e+00 1.200000e+00
184 1.600000e+00 1.600000e+00 1.200000e+00
185 4.000000e-01 4.000000e-01 8.000000e-01
186 8.000000e-01 4.000000e-01 8.000000e-01
187 1.200000e+00 4.000000e-01 8.000000e-01
188 1.600000e+00 4.000000e-01 8.000000e-01
189 4.000000e-01 8.000000e-01 8.000000e-01
190 8.000000e-01 8.000000e-01 8.000000e-01
191 1.200000e+00 8.000000e-01 8.000000e-01
192 1.600000e+00 8.000000e-01 8.000000e-01
193 4.000000e-01 1.200000e+00 8.000000e-01
194 8.000000e-01 1.200000e+00 8.000000e-01
195 1.200000e+00 1.200000e+00 8.000000e-01
196 1.600000e+00 1.200000e+00 8.000000e-01
197 4.000000e-01 1.600000e+00 8.000000e-01
198 8.000000e-01 1.600000e+00 8.000000e-01
199 1.200000e+00 1.600000e+00 8.000000e-01
200 1.600000e+00 1.600000e+00 8.000000e-01
201 4.000000e-01 4.000000e-01 4.000000e-01
202 8.000000e-01 4.000000e-01 4.000000e-01
203 1.200000e+00 4.000000e-01 4.000000e-01
204 1.600000e+00 4.000000e-01 4.000000e-01
205 4.000000e-01 8.000000e-01 4.000000e-01
206 8.000000e-01 8.000000e-01 4.000000e-01
207 1.200000e+00 8.000000e-01 4.000000e-01
208 1.600000e+00 8.000000e-01 4.000000e-01
209 4.000000e-01 1.200000e+00 4.000000e-01
210 8.000000e-01 1.200000e+00 4.000000e-01
211 1.200000e+00 1.200000e+00 4.000000e-01
212 1.600000e+00 1.200000e+00 4.000000e-01
213 4.000000e-01 1.600000e+00 4.000000e-01
214 8.000000e-01 1.600000e+00 4.000000e-01
215 1.200000e+00 1.600000e+00 4.000000e-01
216 1.600000e+00 1.600000e+00 4.000000e-01
217 0.000000e+00 0.000000e+00 2.000000e-01
218 0.000000e+00 0.000000e+00 6.000000e-01
219 0.000000e+00 0.000000e+00 1.000000e+00
220 0.000000e+00 0.000000e+00 1.400000e+00
221 0.000000e+00 0.000000e+00 1.800000e+00
222 0.000000e+00 2.000000e-01 2.000000e+00
223 0.000000e+00 6.000000e-01 2.000000e+00
224 0.000000e+00 1.000000e+00 2.000000e+00
225 0.000000e+00 1.400000e+00 2.000000e+00
226 0.000000e+00 1.800000e+00 2.000000e+00
227 0.000000e+00 2.000000e+00 2.000000e-01
228 0.000000e+00 2.000000e+00 6.000000e-01
229 0.000000e+00 2.000000e+00 1.000000e+00
230 0.000000e+00 2.000000e+00 1.400000e+00
231 0.000000e+00 2.000000e+00 1.800000e+00
232 0.000000e+00 2.000000e-01 0.000000e+00
233 0.000000e+00 6.000000e-01 0.000000e+00
234 0.000000e+00 1.000000e+00 0.000000e+00
235 0.000000e+00 1.400000e+00 0.000000e+00
236 0.000000e+00 1.800000e+00 0.000000e+00
237 2.000000e+00 0.000000e+00 2.000000e-01
238 2.000000e+00 0.000000e+00 6.000000e-01
239 2.000000e+00 0.000000e+00 1.000000e+00
240 2.000000e+00 0.000000e+00 1.400000e+00
241 2.000000e+00 0.000000e+00 1.800000e+00
242 2.000000e+00 2.000000e-01 2.000000e+00
243 2.000000e+00 6.000000e-01 2.000000e+00
244 2.000000e+00 1.000000e+00 2.000000e+00
245 2.000000e+00 1.400000e+00 2.000000e+00
246 2.000000e+00 1.800000e+00 2.000000e+00
247 2.000000e+00 2.000000e+00 2.000000e-01
248 2.000000e+00 2.000000e+00 6.000000e-01
249 2.000000e+00 2.000000e+00 1.000000e+00
250 2.000000e+00 2.000000e+00 1.400000e+00
251 2.000000e+00 2.000000e+00 1.800000e+00
252 2.000000e+00 2.000000e-01 0.000000e+00
253 2.000000e+00 6.000000e-01 0.000000e+00
254 2.000000e+00 1.000000e+00 0.000000e+00
255 2.000000e+00 1.400000e+00 0.000000e+00
256 2.000000e+00 1.800000e+00 0.000000e+00
257 2.000000e-01 0.000000e+00 0.000000e+00
258 6.000000e-01 0.000000e+00 0.000000e+00
259 1.000000e+00 0.000000e+00 0.000000e+00
260 1.400000e+00 0.000000e+00 0.000000e+00
261 1.800000e+00 0.000000e+00 0.000000e+00
262 2.000000e-01 0.000000e+00 2.000000e+00
263 6.000000e-01 0.000000e+00 2.000000e+00
264 1.000000e+00 0.000000e+00 2.000000e+00
265 1.400000e+00 0.000000e+00 2.000000e+00
266 1.800000e+00 0.000000e+00 2.000000e+00
267 2.000000e-01 2.000000e+00 0.000000e+00
268 6.000000e-01 2.000000e+00 0.000000e+00
269 1.000000e+00 2.000000e+00 0.000000e+00
270 1.400000e+00 2.000000e+00 0.000000e+00
271 1.800000e+00 2.000000e+00 0.000000e+00
272 2.000000e-01 2.000000e+00 2.000000e+00
273 6.000000e-01 2.000000e+00 2.000000e+00
274 1.000000e+00 2.000000e+00 2.000000e+00
275 1.400000e+00 2.000000e+00 2.000000e+00
276 1.800000e+00 2.000000e+00 2.000000e+00
277 0.000000e+00 2.000000e-01 4.000000e-01
278 0.000000e+00 4.000000e-01 2.000000e-01
279 0.000000e+00 2.000000e-01 2.000000e-01
280 0.000000e+00 6.000000e-01 4.000000e-01
281 0.000000e+00 8.000000e-01 2.000000e-01
282 0.000000e+00 6.000000e-01 2.000000e-01
283 0.000000e+00 1.000000e+00 4.000000e-01
284 0.000000e+00 1.200000e+00 2.000000e-01
285 0.000000e+00 1.000000e+00 2.000000e-01
286 0.000000e+00 1.400000e+00 4.000000e-01
287 0.000000e+00 1.600000e+00 2.000000e-01
288 0.000000e+00 1.400000e+00 2.000000e-01
289 0.000000e+00 1.800000e+00 4.000000e-01
290 0.000000e+00 1.800000e+00 2.000000e-01
291 0.000000e+00 2.000000e-01 8.000000e-01
292 0.000000e+00 4.000000e-01 6.000000e-01
293 0.000000e+00 2.000000e-01 6.000000e-01
294 0.000000e+00 6.000000e-01 8.000000e-01
295 0.000000e+00 8.000000e-01 6.000000e-01
296 0.000000e+00 6.000000e-01 6.000000e-01
297 0.000000e+00 1.000000e+00 8.000000e-01
298 0.000000e+00 1.200000e+00 6.000000e-01
299 0.000000e+00 1.000000e+00 6.000000e-01
300 0.000000e+00 1.400000e+00 8.000000e-01
301 0.000000e+00 1.600000e+00 6.000000e-01
302 0.000000e+00 1.400000e+00 6.000000e-01
303 0.000000e+00 1.800000e+00 8.000000e-01
304 0.000000e+00 1.800000e+00 6.000000e-01
305 0.000000e+00 2.000000e-01 1.200000e+00
306 0.000000e+00 4.000000e-01 1.000000e+00
307 0.000000e+00 2.000000e-01 1.000000e+00
308 0.000000e+00 6.000000e-01 1.200000e+00
309 0.000000e+00 8.000000e-01 1.000000e+00
310 0.000000e+00 6.000000e-01 1.000000e+00
311 0.000000e+00 1.000000e+00 1.200000e+00
312 0.000000e+00 1.200000e+00 1.000000e+00
313 0.000000e+00 1.000000e+00 1.000000e+00
314 0.000000e+00 1.400000e+00 1.200000e+00
315 0.000000e+00 1.600000e+00 1.000000e+00
316 0.000000e+00 1.400000e+00 1.000000e+00
317 0.000000e+00 1.800000e+00 1.200000e+00
318 0.000000e+00 1.800000e+00 1.000000e+00
319 0.000000e+00 2.000000e-01 1.600000e+00
320 0.000000e+00 4.000000e-01 1.400000e+00
321 0.000000e+00 2.000000e-01 1.400000e+00
322 0.000000e+00 6.000000e-01 1.600000e+00
323 0.000000e+00 8.000000e-01 1.400000e+00
324 0.000000e+00 6.000000e-01 1.400000e+00
325 0.000000e+00 1.000000e+00 1.600000e+00
326 0.000000e+00 1.200000e+00 1.400000e+00
327 0.000000e+00 1.000000e+00 1.400000e+00
328 0.000000e+00 1.400000e+00 1.600000e+00
329 0.000000e+00 1.600000e+00 1.400000e+00
330 0.000000e+00 1.400000e+00 1.400000e+00
331 0.000000e+00 1.800000e+00 1.600000e+00
332 0.000000e+00 1.800000e+00 1.400000e+00
333 0.000000e+00 4.000000e-01 1.800000e+00
334 0.000000e+00 2.000000e-01 1.800000e+00
335 0.000000e+00 8.000000e-01 1.800000e+00
336 0.000000e+00 6.000000e-01 1.800000e+00
337 0.000000e+00 1.200000e+00 1.800000e+00
338 0.000000e+00 1.000000e+00 1.800000e+00
339 0.000000e+00 1.600000e+00 1.800000e+00
340 0.000000e+00 1.400000e+00 1.800000e+00
341 0.000000e+00 1.800000e+00 1.800000e+00
342 2.000000e+00 2.000000e-01 1.600000e+00
343 2.000000e+00 4.000000e-01 1.800000e+00
344 2.000000e+00 2.000000e-01 1.800000e+00
345 2.000000e+00 6.000000e-01 1.600000e+00
346 2.000000e+00 8.000000e-01 1.800000e+00
347 2.000000e+00 6.000000e-01 1.800000e+00
348 2.000000e+00 1.000000e+00 1.600000e+00
349 2.000000e+00 1.200000e+00 1.800000e+00
350 2.000000e+00 1.000000e+00 1.800000e+00
351 2.000000e+00 1.400000e+00 1.600000e+00
352 2.000000e+00 1.600000e+00 1.800000e+00
353 2.000000e+00 1.400000e+00 1.800000e+00
354 2.000000e+00 1.800000e+00 1.600000e+00
355 2.000000e+00 1.800000e+00 1.800000e+00
356 2.000000e+00 2.000000e-01 1.200000e+00
357 2.000000e+00 4.000000e-01 1.400000e+00
358 2.000000e+00 2.000000e-01 1.400000e+00
359 2.000000e+00 6.000000e-01 1.200000e+00
360 2.000000e+00 8.000000e-01 1.400000e+00
361 2.000000e+00 6.000000e-01 1.400000e+00
362 2.000000e+00 1.000000e+00 1.200000e+00
363 2.000000e+00 1.200000e+00 1.400000e+00
364 2.000000e+00 1.000000e+00 1.400000e+00
365 2.000000e+00 1.400000e+00 1.200000e+00
366 2.000000e+00 1.600000e+00 1.400000e+00
367 2.000000e+00 1.400000e+00 1.400000e+00
368 2.000000e+00 1.800000e+00 1.200000e+00
369 2.000000e+00 1.800000e+00 1.400000e+00
370 2.000000e+00 2.000000e-01 8.000000e-01
371 2.000000e+00 4.000000e-01 1.000000e+00
372 2.000000e+00 2.000000e-01 1.000000e+00
373 2.000000e+00 6.000000e-01 8.000000e-01
374 2.000000e+00 8.000000e-01 1.000000e+00
375 2.000000e+00 6.000000e-01 1.000000e+00
376 2.000000e+00 1.000000e+00 8.000000e-01
377 2.000000e+00 1.200000e+00 1.000000e+00
378 2.000000e+00 1.000000e+00 1.000000e+00
379 2.000000e+00 1.400000e+00 8.000000e-01
380 2.000000e+00 1.600000e+00 1.000000e+00
381 2.000000e+00 1.400000e+00 1.000000e+00
382 2.000000e+00 1.800000e+00 8.000000e-01
383 2.000000e+00 1.800000e+00 1.000000e+00
384 2.000000e+00 2.000000e-01 4.000000e-01
385 2.000000e+00 4.000000e-01 6.000000e-01
386 2.000000e+00 2.000000e-01 6.000000e-01
387 2.000000e+00 6.000000e-01 4.000000e-01
388 2.000000e+00 8.000000e-01 6.000000e-01
389 2.000000e+00 6.000000e-01 6.000000e-01
390 2.000000e+00 1.000000e+00 4.000000e-01
391 2.000000e+00 1.200000e+00 6.000000e-01
392 2.000000e+00 1.000000e+00 6.000000e-01
393 2.000000e+00 1.400000e+00 4.000000e-01
394 2.000000e+00 1.600000e+00 6.000000e-01
395 2.000000e+00 1.400000e+00 6.000000e-01
396 2.000000e+00 1.800000e+00 4.000000e-01
397 2.000000e+00 1.800000e+00 6.000000e-01
398 2.000000e+00 4.000000e-01 2.000000e-01
399 2.000000e+00 2.000000e-01 2.000000e-01
400 2.000000e+00 8.000000e-01 2.000000e-01
401 2.000000e+00 6.000000e-01 2.000000e-01
402 2.000000e+00 1.200000e+00 2.000000e-01
403 2.000000e+00 1.000000e+00 2.000000e-01
404 2.000000e+00 1.600000e+00 2.000000e-01
405 2.000000e+00 1.400000e+00 2.000000e-01
406 2.000000e+00 1.800000e+00 2.000000e-01
407 4.000000e-01 0.000000e+00 2.000000e-01
408 2.000000e-01 0.000000e+00 4.000000e-01
409 2.000000e-01 0.000000e+00 2.000000e-01
410 4.000000e-01 0.000000e+00 6.000000e-01
411 2.000000e-01 0.000000e+00 8.000000e-01
412 2.000000e-01 0.000000e+00 6.000000e-01
413 4.000000e-01 0.000000e+00 1.000000e+00
414 2.000000e-01 0.000000e+00 1.200000e+00
415 2.000000e-01 0.000000e+00 1.000000e+00
416 4.000000e-01 0.000000e+00 1.400000e+00
417 2.000000e-01 0.000000e+00 1.600000e+00
418 2.000000e-01 0.000000e+00 1.400000e+00
419 4.000000e-01 0.000000e+00 1.800000e+00
420 2.000000e-01 0.000000e+00 1.800000e+00
421 8.000000e-01 0.000000e+00 2.000000e-01
422 6.000000e-01 0.000000e+00 4.000000e-01
423 6.000000e-01 0.000000e+00 2.000000e-01
424 8.000000e-01 0.000000e+00 6.000000e-01
425 6.000000e-01 0.000000e+00 8.000000e-01
426 6.000000e-01 0.000000e+00 6.000000e-01
427 8.000000e-01 0.000000e+00 1.000000e+00
428 6.000000e-01 0.000000e+00 1.200000e+00
429 6.000000e-01 0.000000e+00 1.000000e+00
430 8.000000e-01 0.000000e+00 1.400000e+00
431 6.000000e-01 0.000000e+00 1.600000e+00
432 6.000000e-01 0.000000e+00 1.400000e+00
433 8.000000e-01 0.000000e+00 1.800000e+00
434 6.000000e-01 0.000000e+00 1.800000e+00
435 1.200000e+00 0.000000e+00 2.000000e-01
436 1.000000e+00 0.000000e+00 4.000000e-01
437 1.000000e+00 0.000000e+00 2.000000e-01
438 1.200000e+00 0.000000e+00 6.000000e-01
439 1.000000e+00 0.000000e+00 8.000000e-01
440 1.000000e+00 0.000000e+00 6.000000e-01
441 1.200000e+00 0.000000e+00 1.000000e+00
442 1.000000e+00 0.000000e+00 1.200000e+00
443 1.000000e+00 0.000000e+00 1.000000e+00
444 1.200000e+00 0.000000e+00 1.400000e+00
445 1.000000e+00 0.000000e+00 1.600000e+00
446 1.000000e+00 0.000000e+00 1.400000e+00
447 1.200000e+00 0.000000e+00 1.800000e+00
448 1.000000e+00 0.000000e+00 1.800000e+00
449 1.600000e+00 0.000000e+00 2.000000e-01
450 1.400000e+00 0.000000e+00 4.000000e-01
451 1.400000e+00 0.000000e+00 2.000000e-01
452 1.600000e+00 0.000000e+00 6.000000e-01
453 1.400000e+00 0.000000e+00 8.000000e-01
454 1.400000e+00 0.000000e+00 6.000000e-01
455 1.600000e+00 0.000000e+00 1.000000e+00
456 1.400000e+00 0.000000e+00 1.200000e+00
457 1.400000e+00 0.000000e+00 1.000000e+00
458 1.600000e+00 0.000000e+00 1.400000e+00
459 1.400000e+00 0.000000e+00 1.600000e+00
460 1.400000e+00 0.000000e+00 1.400000e+00
461 1.600000e+00 0.000000e+00 1.800000e+00
462 1.400000e+00 0.000000e+00 1.800000e+00
463 1.800000e+00 0.000000e+00 4.000000e-01
464 1.800000e+00 0.000000e+00 2.000000e-01
465 1.800000e+00 0.000000e+00 8.000000e-01
466 1.800000e+00 0.000000e+00 6.000000e-01
467 1.800000e+00 0.000000e+00 1.200000e+00
468 1.800000e+00 0.000000e+00 1.000000e+00
469 1.800000e+00 0.000000e+00 1.600000e+00
470 1.800000e+00 0.000000e+00 1.400000e+00
471 1.800000e+00 0.000000e+00 1.800000e+00
472 1.600000e+00 2.000000e+00 2.000000e-01
473 1.800000e+00 2.000000e+00 4.000000e-01
474 1.800000e+00 2.000000e+00 2.000000e-01
475 1.600000e+00 2.000000e+00 6.000000e-01
476 1.800000e+00 2.000000e+00 8.000000e-01
477 1.800000e+00 2.000000e+00 6.000000e-01
478 1.600000e+00 2.000000e+00 1.000000e+00
479 1.800000e+00 2.000000e+00 1.200000e+00
480 1.800000e+00 2.000000e+00 1.000000e+00
481 1.600000e+00 2.000000e+00 1.400000e+00
482 1.800000e+00 2.000000e+00 1.600000e+00
483 1.800000e+00 2.000000e+00 1.400000e+00
484 1.600000e+00 2.000000e+00 1.800000e+00
485 1.800000e+00 2.000000e+00 1.800000e+00
486 1.200000e+00 2.000000e+00 2.000000e-01
487 1.400000e+00 2.000000e+00 4.000000e-01
488 1.400000e+00 2.000000e+00 2.000000e-01
489 1.200000e+00 2.000000e+00 6.000000e-01
490 1.400000e+00 2.000000e+00 8.000000e-01
491 1.400000e+00 2.000000e+00 6.000000e-01
492 1.200000e+00 2.000000e+00 1.000000e+00
493 1.400000e+00 2.000000e+00 1.200000e+00
494 1.400000e+00 2.000000e+00 1.000000e+00
495 1.200000e+00 2.000000e+00 1.400000e+00
496 1.400000e+00 2.000000e+00 1.600000e+00
497 1.400000e+00 2.000000e+00 1.400000e+00
498 1.200000e+00 2.000000e+00 1.800000e+00
499 1.400000e+00 2.000000e+00 1.800000e+00
500 8.000000e-01 2.000000e+00 2.000000e-01
501 1.000000e+00 2.000000e+00 4.000000e-01
502 1.000000e+00 2.000000e+00 2.000000e-01
503 8.000000e-01 2.000000e+00 6.000000e-01
504 1.000000e+00 2.000000e+00 8.000000e-01
505 1.000000e+00 2.000000e+00 6.000000e-01
506 8.000000e-01 2.000000e+00 1.000000e+00
507 1.000000e+00 2.000000e+00 1.200000e+00
508 1.000000e+00 2.000000e+00 1.000000e+00
509 8.000000e-01 2.000000e+00 1.400000e+00
510 1.000000e+00 2.000000e+00 1.600000e+00
511 1.000000e+00 2.000000e+00 1.400000e+00
512 8.000000e-01 2.000000e+00 1.800000e+00
513 1.000000e+00 2.000000e+00 1.800000e+00
514 4.000000e-01 2.000000e+00 2.000000e-01
515 6.000000e-01 2.000000e+00 4.000000e-01
516 6.000000e-01 2.000000e+00 2.000000e-01
517 4.000000e-01 2.000000e+00 6.000000e-01
518 6.000000e-01 2.000000e+00 8.000000e-01
519 6.000000e-01 2.000000e+00 6.000000e-01
520 4.000000e-01 2.000000e+00 1.000000e+00
521 6.000000e-01 2.000000e+00 1.200000e+00
522 6.000000e-01 2.000000e+00 1.000000e+00
523 4.000000e-01 2.000000e+00 1.400000e+00
524 6.000000e-01 2.000000e+00 1.600000e+00
525 6.000000e-01 2.000000e+00 1.400000e+00
526 4.000000e-01 2.000000e+00 1.800000e+00
527 6.000000e-01 2.000000e+00 1.800000e+00
528 2.000000e-01 2.000000e+00 4.000000e-01
529 2.000000e-01 2.000000e+00 2.000000e-01
530 2.000000e-01 2.000000e+00 8.000000e-01
531 2.000000e-01 2.000000e+00 6.000000e-01
532 2.000000e-01 2.000000e+00 1.200000e+00
533 2.000000e-01 2.000000e+00 1.000000e+00
534 2.000000e-01 2.000000e+00 1.600000e+00
535 2.000000e-01 2.000000e+00 1.400000e+00
536 2.000000e-01 2.000000e+00 1.800000e+00
537 2.000000e-01 4.000000e-01 0.000000e+00
538 4.000000e-01 2.000000e-01 0.000000e+00
539 2.000000e-01 2.000000e-01 0.000000e+00
540 6.000000e-01 4.000000e-01 0.000000e+00
541 8.000000e-01 2.000000e-01 0.000000e+00
542 6.000000e-01 2.000000e-01 0.000000e+00
543 1.000000e+00 4.000000e-01 0.000000e+00
544 1.200000e+00 2.000000e-01 0.000000e+00
545 1.000000e+00 2.000000e-01 0.000000e+00
546 1.400000e+00 4.000000e-01 0.000000e+00
547 1.600000e+00 2.000000e-01 0.000000e+00
548 1.400000e+00 2.000000e-01 0.000000e+00
549 1.800000e+00 4.000000e-01 0.000000e+00
550 1.800000e+00 2.000000e-01 0.000000e+00
551 2.000000e-01 8.000000e-01 0.000000e+00
552 4.000000e-01 6.000000e-01 0.000000e+00
553 2.000000e-01 6.000000e-01 0.000000e+00
554 6.000000e-01 8.000000e-01 0.000000e+00
555 8.000000e-01 6.000000e-01 0.000000e+00
556 6.000000e-01 6.000000e-01 0.000000e+00
557 1.000000e+00 8.000000e-01 0.000000e+00
558 1.200000e+00 6.000000e-01 0.000000e+00
559 1.000000e+00 6.000000e-01 0.000000e+00
560 1.400000e+00 8.000000e-01 0.000000e+00
561 1.600000e+00 6.000000e-01 0.000000e+00
562 1.400000e+00 6.000000e-01 0.000000e+00
563 1.800000e+00 8.000000e-01 0.000000e+00
564 1.800000e+00 6.000000e-01 0.000000e+00
565 2.000000e-01 1.200000e+00 0.000000e+00
566 4.000000e-01 1.000000e+00 0.000000e+00
567 2.000000e-01 1.000000e+00 0.000000e+00
568 6.000000e-01 1.200000e+00 0.000000e+00
569 8.000000e-01 1.000000e+00 0.000000e+00
570 6.000000e-01 1.000000e+00 0.000000e+00
571 1.000000e+00 1.200000e+00 0.000000e+00
572 1.200000e+00 1.000000e+00 0.000000e+00
573 1.000000e+00 1.000000e+00 0.000000e+00
574 1.400000e+00 1.200000e+00 0.000000e+00
575 1.600000e+00 1.000000e+00 0.000000e+00
576 1.400000e+00 1.000000e+00 0.000000e+00
577 1.800000e+00 1.200000e+00 0.000000e+00
578 1.800000e+00 1.000000e+00 0.000000e+00
579 2.000000e-01 1.600000e+00 0.000000e+00
580 4.000000e-01 1.400000e+00 0.000000e+00
581 2.000000e-01 1.400000e+00 0.000000e+00
582 6.000000e-01 1.600000e+00 0.000000e+00
583 8.000000e-01 1.400000e+00 0.000000e+00
584 6.000000e-01 1.400000e+00 0.000000e+00
585 1.000000e+00 1.600000e+00 0.000000e+00
586 1.200000e+00 1.400000e+00 0.000000e+00
587 1.000000e+00 1.400000e+00 0.000000e+00
588 1.400000e+00 1.600000e+00 0.000000e+00
589 1.600000e+00 1.400000e+00 0.000000e+00
590 1.400000e+00 1.400000e+00 0.000000e+00
591 1.800000e+00 1.600000e+00 0.000000e+00
592 1.800000e+00 1.400000e+00 0.000000e+00
593 4.000000e-01 1.800000e+00 0.000000e+00
594 2.000000e-01 1.800000e+00 0.000000e+00
595 8.000000e-01 1.800000e+00 0.000000e+00
596 6.000000e-01 1.800000e+00 0.000000e+00
597 1.200000e+00 1.800000e+00 0.000000e+00
598 1.000000e+00 1.800000e+00 0.000000e+00
599 1.600000e+00 1.800000e+00 0.000000e+00
600 1.400000e+00 1.800000e+00 0.000000e+00
601 1.800000e+00 1.800000e+00 0.000000e+00
602 2.000000e-01 1.600000e+00 2.000000e+00
603 4.000000e-01 1.800000e+00 2.000000e+00
604 2.000000e-01 1.800000e+00 2.000000e+00
605 6.000000e-01 1.600000e+00 2.000000e+00
606 8.000000e-01 1.800000e+00 2.000000e+00
607 6.000000e-01 1.800000e+00 2.000000e+00
608 1.000000e+00 1.600000e+00 2.000000e+00
609 1.200000e+00 1.800000e+00 2.000000e+00
610 1.000000e+00 1.800000e+00 2.000000e+00
611 1.400000e+00 1.600000e+00 2.000000e+00
612 1.600000e+00 1.800000e+00 2.000000e+00
613 1.400000e+00 1.800000e+00 2.000000e+00
614 1.800000e+00 1.600000e+00 2.000000e+00
615 1.800000e+00 1.800000e+00 2.000000e+00
616 2.000000e-01 1.200000e+00 2.000000e+00
617 4.000000e-01 1.400000e+00 2.000000e+00
618 2.000000e-01 1.400000e+00 2.000000e+00
619 6.000000e-01 1.200000e+00 2.000000e+00
620 8.000000e-01 1.400000e+00 2.000000e+00
621 6.000000e-01 1.400000e+00 2.000000e+00
622 1.000000e+00 1.200000e+00 2.000000e+00
623 1.200000e+00 1.400000e+00 2.000000e+00
624 1.000000e+00 1.400000e+00 2.000000e+00
625 1.400000e+00 1.200000e+00 2.000000e+00
626 1.600000e+00 1.400000e+00 2.000000e+00
627 1.400000e+00 1.400000e+00 2.000000e+00
628 1.800000e+00 1.200000e+00 2.000000e+00
629 1.800000e+00 1.400000e+00 2.000000e+00
630 2.000000e-01 8.000000e-01 2.000000e+00
631 4.000000e-01 1.000000e+00 2.000000e+00
632 2.000000e-01 1.000000e+00 2.000000e+00
633 6.000000e-01 8.000000e-01 2.000000e+00
634 8.000000e-01 1.000000e+00 2.000000e+00
635 6.000000e-01 1.000000e+00 2.000000e+00
636 1.000000e+00 8.000000e-01 2.000000e+00
637 1.200000e+00 1.000000e+00 2.000000e+00
638 1.000000e+00 1.000000e+00 2.000000e+00
639 1.400000e+00 8.000000e-01 2.000000e+00
640 1.600000e+00 1.000000e+00 2.000000e+00
641 1.400000e+00 1.000000e+00 2.000000e+00
642 1.800000e+00 8.000000e-01 2.000000e+00
643 1.800000e+00 1.000000e+00 2.000000e+00
644 2.000000e-01 4.000000e-01 2.000000e+00
645 4.000000e-01 6.000000e-01 2.000000e+00
646 2.000000e-01 6.000000e-01 2.000000e+00
647 6.000000e-01 4.000000e-01 2.000000e+00
648 8.000000e-01 6.000000e-01 2.000000e+00
649 6.000000e-01 6.000000e-01 2.000000e+00
650 1.000000e+00 4.000000e-01 2.000000e+00
651 1.200000e+00 6.000000e-01 2.000000e+00
652 1.000000e+00 6.000000e-01 2.000000e+00
653 1.400000e+00 4.000000e-01 2.000000e+00
654 1.600000e+00 6.000000e-01 2.000000e+00
655 1.400000e+00 6.000000e-01 2.000000e+00
656 1.800000e+00 4.000000e-01 2.000000e+00
657 1.800000e+00 6.000000e-01 2.000000e+00
658 4.000000e-01 2.000000e-01 2.000000e+00
659 2.000000e-01 2.000000e-01 2.000000e+00
660 8.000000e-01 2.000000e-01 2.000000e+00
661 6.000000e-01 2.000000e-01 2.000000e+00
662 1.200000e+00 2.000000e-01 2.000000e+00
663 1.000000e+00 2.000000e-01 2.000000e+00
664 1.600000e+00 2.000000e-01 2.000000e+00
665 1.400000e+00 2.000000e-01 2.000000e+00
666 1.800000e+00 2.000000e-01 2.000000e+00
667 4.000000e-01 4.000000e-01 1.800000e+00
668 4.000000e-01 2.000000e-01 1.600000e+00
669 2.000000e-01 4.000000e-01 1.600000e+00
670 2.000000e-01 4.000000e-01 1.800000e+00
671 2.000000e-01 2.000000e-01 1.600000e+00
672 4.000000e-01 2.000000e-01 1.800000e+00
673 2.000000e-01 2.000000e-01 1.800000e+00
674 8.000000e-01 4.000000e-01 1.800000e+00
675 8.000000e-01 2.000000e-01 1.600000e+00
676 6.000000e-01 4.000000e-01 1.600000e+00
677 6.000000e-01 4.000000e-01 1.800000e+00
678 6.000000e-01 2.000000e-01 1.600000e+00
679 8.000000e-01 2.000000e-01 1.800000e+00
680 6.000000e-01 2.000000e-01 1.800000e+00
681 1.200000e+00 4.000000e-01 1.800000e+00
682 1.200000e+00 2.000000e-01 1.600000e+00
683 1.000000e+00 4.000000e-01 1.600000e+00
684 1.000000e+00 4.000000e-01 1.800000e+00
685 1.000000e+00 2.000000e-01 1.600000e+00
686 1.200000e+00 2.000000e-01 1.800000e+00
687 1.000000e+00 2.000000e-01 1.800000e+00
688 1.600000e+00 4.000000e-01 1.800000e+00
689 1.600000e+00 2.000000e-01 1.600000e+00
690 1.400000e+00 4.000000e-01 1.600000e+00
691 1.400000e+00 4.000000e-01 1.800000e+00
692 1.400000e+00 2.000000e-01 1.600000e+00
693 1.600000e+00 2.000000e-01 1.800000e+00
694 1.400000e+00 2.000000e-01 1.800000e+00
695 1.800000e+00 4.000000e-01 1.600000e+00
696 1.800000e+00 4.000000e-01 1.800000e+00
697 1.800000e+00 2.000000e-01 1.600000e+00
698 1.800000e+00 2.000000e-01 1.800000e+00
699 4.000000e-01 8.000000e-01 1.800000e+00
700 4.000000e-01 6.000000e-01 1.600000e+00
701 2.000000e-01 8.000000e-01 1.600000e+00
702 2.000000e-01 8.000000e-01 1.800000e+00
703 2.000000e-01 6.000000e-01 1.600000e+00
704 4.000000e-01 6.000000e-01 1.800000e+00
705 2.000000e-01 6.000000e-01 1.800000e+00
706 8.000000e-01 8.000000e-01 1.800000e+00
707 8.000000e-01 6.000000e-01 1.600000e+00
708 6.000000e-01 8.000000e-01 1.600000e+00
709 6.000000e-01 8.000000e-01 1.800000e+00
710 6.000000e-01 6.000000e-01 1.600000e+00
711 8.000000e-01 6.000000e-01 1.800000e+00
712 6.000000e-01 6.000000e-01 1.800000e+00
713 1.200000e+00 8.000000e-01 1.800000e+00
714 1.200000e+00 6.000000e-01 1.600000e+00
715 1.000000e+00 8.000000e-01 1.600000e+00
716 1.000000e+00 8.000000e-01 1.800000e+00
717 1.000000e+00 6.000000e-01 1.600000e+00
718 1.200000e+00 6.000000e-01 1.800000e+00
719 1.000000e+00 6.000000e-01 1.800000e+00
720 1.600000e+00 8.000000e-01 1.800000e+00
721 1.600000e+00 6.000000e-01 1.600000e+00
722 1.400000e+00 8.000000e-01 1.600000e+00
723 1.400000e+00 8.000000e-01 1.800000e+00
724 1.400000e+00 6.000000e-01 1.600000e+00
725 1.600000e+00 6.000000e-01 1.800000e+00
726 1.400000e+00 6.000000e-01 1.800000e+00
727 1.800000e+00 8.000000e-01 1.600000e+00
728 1.800000e+00 8.000000e-01 1.800000e+00
729 1.800000e+00 6.000000e-01 1.600000e+00
730 1.800000e+00 6.000000e-01 1.800000e+00
731 4.000000e-01 1.200000e+00 1.800000e+00
732 4.000000e-01 1.000000e+00 1.600000e+00
733 2.000000e-01 1.200000e+00 1.600000e+00
734 2.000000e-01 1.200000e+00 1.800000e+00
735 2.000000e-01 1.000000e+00 1.600000e+00
736 4.000000e-01 1.000000e+00 1.800000e+00
737 2.000000e-01 1.000000e+00 1.800000e+00
738 8.000000e-01 1.200000e+00 1.800000e+00
739 8.000000e-01 1.000000e+00 1.600000e+00
740 6.000000e-01 1.200000e+00 1.600000e+00
741 6.000000e-01 1.200000e+00 1.800000e+00
742 6.000000e-01 1.000000e+00 1.600000e+00
743 8.000000e-01 1.000000e+00 1.800000e+00
744 6.000000e-01 1.000000e+00 1.800000e+00
745 1.200000e+00 1.200000e+00 1.800000e+00
746 1.200000e+00 1.000000e+00 1.600000e+00
747 1.000000e+00 1.200000e+00 1.600000e+00
748 1.000000e+00 1.200000e+00 1.800000e+00
749 1.000000e+00 1.000000e+00 1.600000e+00
750 1.200000e+00 1.000000e+00 1.800000e+00
751 1.000000e+00 1.000000e+00 1.800000e+00
752 1.600000e+00 1.200000e+00 1.800000e+00
753 1.600000e+00 1.000000e+00 1.600000e+00
754 1.400000e+00 1.200000e+00 1.600000e+00
755 1.400000e+00 1.200000e+00 1.800000e+00
756 1.400000e+00 1.000000e+00 1.600000e+00
757 1.600000e+00 1.000000e+00 1.800000e+00
758 1.400000e+00 1.000000e+00 1.800000e+00
759 1.800000e+00 1.200000e+00 1.600000e+00
760 1.800000e+00 1.200000e+00 1.800000e+00
761 1.800000e+00 1.000000e+00 1.600000e+00
762 1.800000e+00 1.000000e+00 1.800000e+00
763 4.000000e-01 1.600000e+00 1.800000e+00
764 4.000000e-01 1.400000e+00 1.600000e+00
765 2.000000e-01 1.600000e+00 1.600000e+00
766 2.000000e-01 1.600000e+00 1.800000e+00
767 2.000000e-01 1.400000e+00 1.600000e+00
768 4.000000e-01 1.400000e+00 1.800000e+00
769 2.000000e-01 1.400000e+00 1.800000e+00
770 8.000000e-01 1.600000e+00 1.800000e+00
771 8.000000e-01 1.400000e+00 1.600000e+00
772 6.000000e-01 1.600000e+00 1.600000e+00
773 6.000000e-01 1.600000e+00 1.800000e+00
774 6.000000e-01 1.400000e+00 1.600000e+00
775 8.000000e-01 1.400000e+00 1.800000e+00
776 6.000000e-01 1.400000e+00 1.800000e+00
777 1.200000e+00 1.600000e+00 1.800000e+00
778 1.200000e+00 1.400000e+00 1.600000e+00
779 1.000000e+00 1.600000e+00 1.600000e+00
780 1.000000e+00 1.600000e+00 1.800000e+00
781 1.000000e+00 1.400000e+00 1.600000e+00
782 1.200000e+00 1.400000e+00 1.800000e+00
783 1.000000e+00 1.400000e+00 1.800000e+00
784 1.600000e+00 1.600000e+00 1.800000e+00
785 1.600000e+00 1.400000e+00 1.600000e+00
786 1.400000e+00 1.600000e+00 1.600000e+00
787 1.400000e+00 1.600000e+00 1.800000e+00
788 1.400000e+00 1.400000e+00 1.600000e+00
789 1.600000e+00 1.400000e+00 1.800000e+00
790 1.400000e+00 1.400000e+00 1.800000e+00
791 1.800000e+00 1.600000e+00 1.600000e+00
792 1.800000e+00 1.600000e+00 1.800000e+00
793 1.800000e+00 1.400000e+00 1.600000e+00
794 1.800000e+00 1.400000e+00 1.800000e+00
795 4.000000e-01 1.800000e+00 1.600000e+00
796 2.000000e-01 1.800000e+00 1.600000e+00
797 4.000000e-01 1.800000e+00 1.800000e+00
798 2.000000e-01 1.800000e+00 1.800000e+00
799 8.000000e-01 1.800000e+00 1.600000e+00
800 6.000000e-01 1.800000e+00 1.600000e+00
801 8.000000e-01 1.800000e+00 1.800000e+00
802 6.000000e-01 1.800000e+00 1.800000e+00
803 1.200000e+00 1.800000e+00 1.600000e+00
804 1.000000e+00 1.800000e+00 1.600000e+00
805 1.200000e+00 1.800000e+00 1.800000e+00
806 1.000000e+00 1.800000e+00 1.800000e+00
807 1.600000e+00 1.800000e+00 1.600000e+00
808 1.400000e+00 1.800000e+00 1.600000e+00
809 1.600000e+00 1.800000e+00 1.800000e+00
810 1.400000e+00 1.800000e+00 1.800000e+00
811 1.800000e+00 1.800000e+00 1.600000e+00
812 1.800000e+00 1.800000e+00 1.800000e+00
813 4.000000e-01 4.000000e-01 1.400000e+00
814 4.000000e-01 2.000000e-01 1.200000e+00
815 2.000000e-01 4.000000e-01 1.200000e+00
816 2.000000e-01 4.000000e-01 1.400000e+00
817 2.000000e-01 2.000000e-01 1.200000e+00
818 4.000000e-01 2.000000e-01 1.400000e+00
819 2.000000e-01 2.000000e-01 1.400000e+00
820 8.000000e-01 4.000000e-01 1.400000e+00
821 8.000000e-01 2.000000e-01 1.200000e+00
822 6.000000e-01 4.000000e-01 1.200000e+00
823 6.000000e-01 4.000000e-01 1.400000e+00
824 6.000000e-01 2.000000e-01 1.200000e+00
825 8.000000e-01 2.000000e-01 1.400000e+00
826 6.000000e-01 2.000000e-01 1.400000e+00
827 1.200000e+00 4.000000e-01 1.400000e+00
828 1.200000e+00 2.000000e-01 1.200000e+00
829 1.000000e+00 4.000000e-01 1.200000e+00
830 1.000000e+00 4.000000e-01 1.400000e+00
831 1.000000e+00 2.000000e-01 1.200000e+00
832 1.200000e+00 2.000000e-01 1.400000e+00
833 1.000000e+00 2.000000e-01 1.400000e+00
834 1.600000e+00 4.000000e-01 1.400000e+00
835 1.600000e+00 2.000000e-01 1.200000e+00
836 1.400000e+00 4.000000e-01 1.200000e+00
837 1.400000e+00 4.000000e-01 1.400000e+00
838 1.400000e+00 2.000000e-01 1.200000e+00
839 1.600000e+00 2.000000e-01 1.400000e+00
840 1.400000e+00 2.000000e-01 1.400000e+00
841 1.800000e+00 4.000000e-01 1.200000e+00
842 1.800000e+00 4.000000e-01 1.400000e+00
843 1.800000e+00 2.000000e-01 1.200000e+00
844 1.800000e+00 2.000000e-01 1.400000e+00
845 4.000000e-01 8.000000e-01 1.400000e+00
846 4.000000e-01 6.000000e-01 1.200000e+00
847 2.000000e-01 8.000000e-01 1.200000e+00
848 2.000000e-01 8.000000e-01 1.400000e+00
849 2.000000e-01 6.000000e-01 1.200000e+00
850 4.000000e-01 6.000000e-01 1.400000e+00
851 2.000000e-01 6.000000e-01 1.400000e+00
852 8.000000e-01 8.000000e-01 1.400000e+00
853 8.000000e-01 6.000000e-01 1.200000e+00
854 6.000000e-01 8.000000e-01 1.200000e+00
855 6.000000e-01 8.000000e-01 1.400000e+00
856 6.000000e-01 6.000000e-01 1.200000e+00
857 8.000000e-01 6.000000e-01 1.400000e+00
858 6.000000e-01 6.000000e-01 1.400000e+00
859 1.200000e+00 8.000000e-01 1.400000e+00
860 1.200000e+00 6.000000e-01 1.200000e+00
861 1.000000e+00 8.000000e-01 1.200000e+00
862 1.000000e+00 8.000000e-01 1.400000e+00
863 1.000000e+00 6.000000e-01 1.200000e+00
864 1.200000e+00 6.000000e-01 1.400000e+00
865 1.000000e+00 6.000000e-01 1.400000e+00
866 1.600000e+00 8.000000e-01 1.400000e+00
867 1.600000e+00 6.000000e-01 1.200000e+00
868 1.400000e+00 8.000000e-01 1.200000e+00
869 1.400000e+00 8.000000e-01 1.400000e+00
870 1.400000e+00 6.000000e-01 1.200000e+00
871 1.600000e+00 6.000000e-01 1.400000e+00
872 1.400000e+00 6.000000e-01 1.400000e+00
873 1.800000e+00 8.000000e-01 1.200000e+00
874 1.800000e+00 8.000000e-01 1.400000e+00
875 1.800000e+00 6.000000e-01 1.200000e+00
876 1.800000e+00 6.000000e-01 1.400000e+00
877 4.000000e-01 1.200000e+00 1.400000e+00
878 4.000000e-01 1.000000e+00 1.200000e+00
879 2.000000e-01 1.200000e+00 1.200000e+00
880 2.000000e-01 1.200000e+00 1.400000e+00
881 2.000000e-01 1.000000e+00 1.200000e+00
882 4.000000e-01 1.000000e+00 1.400000e+00
883 2.000000e-01 1.000000e+00 1.400000e+00
884 8.000000e-01 1.200000e+00 1.400000e+00
885 8.000000e-01 1.000000e+00 1.200000e+00
886 6.000000e-01 1.200000e+00 1.200000e+00
887 6.000000e-01 1.200000e+00 1.400000e+00
888 6.000000e-01 1.000000e+00 1.200000e+00
889 8.000000e-01 1.000000e+00 1.400000e+00
890 6.000000e-01 1.000000e+00 1.400000e+00
891 1.200000e+00 1.200000e+00 1.400000e+00
892 1.200000e+00 1.000000e+00 1.200000e+00
893 1.000000e+00 1.200000e+00 1.200000e+00
894 1.000000e+00 1.200000e+00 1.400000e+00
895 1.000000e+00 1.000000e+00 1.200000e+00
896 1.200000e+00 1.000000e+00 1.400000e+00
897 1.000000e+00 1.000000e+00 1.400000e+00
898 1.600000e+00 1.200000e+00 1.400000e+00
899 1.600000e+00 1.000000e+00 1.200000e+00
900 1.400000e+00 1.200000e+00 1.200000e+00
901 1.400000e+00 1.200000e+00 1.400000e+00
902 1.400000e+00 1.000000e+00 1.200000e+00
903 1.600000e+00 1.000000e+00 1.400000e+00
904 1.400000e+00 1.000000e+00 1.400000e+00
905 1.800000e+00 1.200000e+00 1.200000e+00
906 1.800000e+00 1.200000e+00 1.400000e+00
907 1.800000e+00 1.000000e+00 1.200000e+00
908 1.800000e+00 1.000000e+00 1.400000e+00
909 4.000000e-01 1.600000e+00 1.400000e+00
910 4.000000e-01 1.400000e+00 1.200000e+00
911 2.000000e-01 1.600000e+00 1.200000e+00
912 2.000000e-01 1.600000e+00 1.400000e+00
913 2.000000e-01 1.400000e+00 1.200000e+00
914 4.000000e-01 1.400000e+00 1.400000e+00
915 2.000000e-01 1.400000e+00 1.400000e+00
916 8.000000e-01 1.600000e+00 1.400000e+00
917 8.000000e-01 1.400000e+00 1.200000e+00
918 6.000000e-01 1.600000e+00 1.200000e+00
919 6.000000e-01 1.600000e+00 1.400000e+00
920 6.000000e-01 1.400000e+00 1.200000e+00
921 8.000000e-01 1.400000e+00 1.400000e+00
922 6.000000e-01 1.400000e+00 1.400000e+00
923 1.200000e+00 1.600000e+00 1.400000e+00
924 1.200000e+00 1.400000e+00 1.200000e+00
925 1.000000e+00 1.600000e+00 1.200000e+00
926 1.000000e+00 1.600000e+00 1.400000e+00
927 1.000000e+00 1.400000e+00 1.200000e+00
928 1.200000e+00 1.400000e+00 1.400000e+00
929 1.000000e+00 1.400000e+00 1.400000e+00
930 1.600000e+00 1.600000e+00 1.400000e+00
931 1.600000e+00 1.400000e+00 1.200000e+00
932 1.400000e+00 1.600000e+00 1.200000e+00
933 1.400000e+00 1.600000e+00 1.400000e+00
934 1.400000e+00 1.400000e+00 1.200000e+00
935 1.600000e+00 1.400000e+00 1.400000e+00
936 1.400000e+00 1.400000e+00 1.400000e+00
937 1.800000e+00 1.600000e+00 1.200000e+00
938 1.800000e+00 1.600000e+00 1.400000e+00
939 1.800000e+00 1.400000e+00 1.200000e+00
940 1.800000e+00 1.400000e+00 1.400000e+00
941 4.000000e-01 1.800000e+00 1.200000e+00
942 2.000000e-01 1.800000e+00 1.200000e+00
943 4.000000e-01 1.800000e+00 1.400000e+00
944 2.000000e-01 1.800000e+00 1.400000e+00
945 8.000000e-01 1.800000e+00 1.200000e+00
946 6.000000e-01 1.800000e+00 1.200000e+00
947 8.000000e-01 1.800000e+00 1.400000e+00
948 6.000000e-01 1.800000e+00 1.400000e+00
949 1.200000e+00 1.800000e+00 1.200000e+00
950 1.000000e+00 1.800000e+00 1.200000e+00
951 1.200000e+00 1.800000e+00 1.400000e+00
952 1.000000e+00 1.800000e+00 1.400000e+00
953 1.600000e+00 1.800000e+00 1.200000e+00
954 1.400000e+00 1.800000e+00 1.200000e+00
955 1.600000e+00 1.800000e+00 1.400000e+00
956 1.400000e+00 1.800000e+00 1.400000e+00
957 1.800000e+00 1.800000e+00 1.200000e+00
958 1.800000e+00 1.800000e+00 1.400000e+00
959 4.000000e-01 4.000000e-01 1.000000e+00
960 4.000000e-01 2.000000e-01 8.000000e-01
961 2.000000e-01 4.000000e-01 8.000000e-01
962 2.000000e-01 4.000000e-01 1.000000e+00
963 2.000000e-01 2.000000e-01 8.000000e-01
964 4.000000e-01 2.000000e-01 1.000000e+00
965 2.000000e-01 2.000000e-01 1.000000e+00
966 8.000000e-01 4.000000e-01 1.000000e+00
967 8.000000e-01 2.000000e-01 8.000000e-01
968 6.000000e-01 4.000000e-01 8.000000e-01
969 6.000000e-01 4.000000e-01 1.000000e+00
970 6.000000e-01 2.000000e-01 8.000000e-01
971 8.000000e-01 2.000000e-01 1.000000e+00
972 6.000000e-01 2.000000e-01 1.000000e+00
973 1.200000e+00 4.000000e-01 1.000000e+00
974 1.200000e+00 2.000000e-01 8.000000e-01
975 1.000000e+00 4.000000e-01 8.000000e-01
976 1.000000e+00 4.000000e-01 1.000000e+00
977 1.000000e+00 2.000000e-01 8.000000e-01
978 1.200000e+00 2.000000e-01 1.000000e+00
979 1.000000e+00 2.000000e-01 1.000000e+00
980 1.600000e+00 4.000000e-01 1.000000e+00
981 1.600000e+00 2.000000e-01 8.000000e-01
982 1.400000e+00 4.000000e-01 8.000000e-01
983 1.400000e+00 4.000000e-01 1.000000e+00
984 1.400000e+00 2.000000e-01 8.000000e-01
985 1.600000e+00 2.000000e-01 1.000000e+00
986 1.400000e+00 2.000000e-01 1.000000e+00
987 1.800000e+00 4.000000e-01 8.000000e-01
988 1.800000e+00 4.000000e-01 1.000000e+00
989 1.800000e+00 2.000000e-01 8.000000e-01
990 1.800000e+00 2.000000e-01 1.000000e+00
991 4.000000e-01 8.000000e-01 1.000000e+00
992 4.000000e-01 6.000000e-01 8.000000e-01
993 2.000000e-01 8.000000e-01 8.000000e-01
994 2.000000e-01 8.000000e-01 1.000000e+00
995 2.000000e-01 6.000000e-01 8.000000e-01
996 4.000000e-01 6.000000e-01 1.000000e+00
997 2.000000e-01 6.000000e-01 1.000000e+00
998 8.000000e-01 8.000000e-01 1.000000e+00
999 8.000000e-01 6.000000e-01 8.000000e-01
1000 6.000000e-01 8.000000e-01 8.000000e-01
1001 6.000000e-01 8.000000e-01 1.000000e+00
1002 6.000000e-01 6.000000e-01 8.000000e-01
1003 8.000000e-01 6.000000e-01 1.000000e+00
1004 6.000000e-01 6.000000e-01 1.000000e+00
1005 1.200000e+00 8.000000e-01 1.000000e+00
1006 1.200000e+00 6.000000e-01 8.000000e-01
1007 1.000000e+00 8.000000e-01 8.000000e-01
1008 1.000000e+00 8.000000e-01 1.000000e+00
1009 1.000000e+00 6.000000e-01 8.000000e-01
1010 1.200000e+00 6.000000e-01 1.000000e+00
1011 1.000000e+00 6.000000e-01 1.000000e+00
1012 1.600000e+00 8.000000e-01 1.000000e+00
1013 1.600000e+00 6.000000e-01 8.000000e-01
1014 1.400000e+00 8.000000e-01 8.000000e-01
1015 1.400000e+00 8.000000e-01 1.000000e+00
1016 1.400000e+00 6.000000e-01 8.000000e-01
1017 1.600000e+00 6.000000e-01 1.000000e+00
1018 1.400000e+00 6.000000e-01 1.000000e+00
1019 1.800000e+00 8.000000e-01 8.000000e-01
1020 1.800000e+00 8.000000e-01 1.000000e+00
1021 1.800000e+00 6.000000e-01 8.000000e-01
1022 1.800000e+00 6.000000e-01 1.000000e+00
1023 4.000000e-01 1.200000e+00 1.000000e+00
1024 4.000000e-01 1.000000e+00 8.000000e-01
1025 2.000000e-01 1.200000e+00 8.000000e-01
1026 2.000000e-01 1.200000e+00 1.000000e+00
1027 2.000000e-01 1.000000e+00 8.000000e-01
1028 4.000000e-01 1.000000e+00 1.000000e+00
1029 2.000000e-01 1.000000e+00 1.000000e+00
1030 8.000000e-01 1.200000e+00 1.000000e+00
1031 8.000000e-01 1.000000e+00 8.000000e-01
1032 6.000000e-01 1.200000e+00 8.000000e-01
1033 6.000000e-01 1.200000e+00 1.000000e+00
1034 6.000000e-01 1.000000e+00 8.000000e-01
1035 8.000000e-01 1.000000e+00 1.000000e+00
1036 6.000000e-01 1.000000e+00 1.000000e+00
1037 1.200000e+00 1.200000e+00 1.000000e+00
1038 1.200000e+00 1.000000e+00 8.000000e-01
1039 1.000000e+00 1.200000e+00 8.000000e-01
1040 1.000000e+00 1.200000e+00 1.000000e+00
1041 1.000000e+00 1.000000e+00 8.000000e-01
1042 1.200000e+00 1.000000e+00 1.000000e+00
1043 1.000000e+00 1.000000e+00 1.000000e+00
1044 1.600000e+00 1.200000e+00 1.000000e+00
1045 1.600000e+00 1.000000e+00 8.000000e-01
1046 1.400000e+00 1.200000e+00 8.000000e-01
1047 1.400000e+00 1.200000e+00 1.000000e+00
1048 1.400000e+00 1.000000e+00 8.000000e-01
1049 1.600000e+00 1.000000e+00 1.000000e+00
1050 1.400000e+00 1.000000e+00 1.000000e+00
1051 1.800000e+00 1.200000e+00 8.000000e-01
1052 1.800000e+00 1.200000e+00 1.000000e+00
1053 1.800000e+00 1.000000e+00 8.000000e-01
1054 1.800000e+00 1.000000e+00 1.000000e+00
1055 4.000000e-01 1.600000e+00 1.000000e+00
1056 4.000000e-01 1.400000e+00 8.000000e-01
1057 2.000000e-01 1.600000e+00 8.000000e-01
1058 2.000000e-01 1.600000e+00 1.000000e+00
1059 2.000000e-01 1.400000e+00 8.000000e-01
1060 4.000000e-01 1.400000e+00 1.000000e+00
1061 2.000000e-01 1.400000e+00 1.000000e+00
1062 8.000000e-01 1.600000e+00 1.000000e+00
1063 8.000000e-01 1.400000e+00 8.000000e-01
1064 6.000000e-01 1.600000e+00 8.000000e-01
1065 6.000000e-01 1.600000e+00 1.000000e+00
1066 6.000000e-01 1.400000e+00 8.000000e-01
1067 8.000000e-01 1.400000e+00 1.000000e+00
1068 6.000000e-01 1.400000e+00 1.000000e+00
1069 1.200000e+00 1.600000e+00 1.000000e+00
1070 1.200000e+00 1.400000e+00 8.000000e-01
1071 1.000000e+00 1.600000e+00 8.000000e-01
1072 1.000000e+00 1.600000e+00 1.000000e+00
1073 1.000000e+00 1.400000e+00 8.000000e-01
1074 1.200000e+00 1.400000e+00 1.000000e+00
1075 1.000000e+00 1.400000e+00 1.000000e+00
1076 1.600000e+00 1.600000e+00 1.000000e+00
1077 1.600000e+00 1.400000e+00 8.000000e-01
1078 1.400000e+00 1.600000e+00 8.000000e-01
1079 1.400000e+00 1.600000e+00 1.000000e+00
1080 1.400000e+00 1.400000e+00 8.000000e-01
1081 1.600000e+00 1.400000e+00 1.000000e+00
1082 1.400000e+00 1.400000e+00 1.000000e+00
1083 1.800000e+00 1.600000e+00 8.000000e-01
1084 1.800000e+00 1.600000e+00 1.000000e+00
1085 1.800000e+00 1.400000e+00 8.000000e-01
1086 1.800000e+00 1.400000e+00 1.000000e+00
1087 4.000000e-01 1.800000e+00 8.000000e-01
1088 2.000000e-01 1.800000e+00 8.000000e-01
1089 4.000000e-01 1.800000e+00 1.000000e+00
1090 2.000000e-01 1.800000e+00 1.000000e+00
1091 8.000000e-01 1.800000e+00 8.000000e-01
1092 6.000000e-01 1.800000e+00 8.000000e-01
1093 8.000000e-01 1.800000e+00 1.000000e+00
1094 6.000000e-01 1.800000e+00 1.000000e+00
1095 1.200000e+00 1.800000e+00 8.000000e-01
1096 1.000000e+00 1.800000e+00 8.000000e-01
1097 1.200000e+00 1.800000e+00 1.000000e+00
1098 1.000000e+00 1.800000e+00 1.000000e+00
1099 1.600000e+00 1.800000e+00 8.000000e-01
1100 1.400000e+00 1.800000e+00 8.000000e-01
1101 1.600000e+00 1.800000e+00 1.000000e+00
1102 1.400000e+00 1.800000e+00 1.000000e+00
1103 1.800000e+00 1.800000e+00 8.000000e-01
1104 1.800000e+00 1.800000e+00 1.000000e+00
1105 4.000000e-01 4.000000e-01 6.000000e-01
1106 4.000000e-01 2.000000e-01 4.000000e-01
1107 2.000000e-01 4.000000e-01 4.000000e-01
1108 2.000000e-01 4.000000e-01 6.000000e-01
1109 2.000000e-01 2.000000e-01 4.000000e-01
1110 4.000000e-01 2.000000e-01 6.000000e-01
1111 2.000000e-01 2.000000e-01 6.000000e-01
1112 8.000000e-01 4.000000e-01 6.000000e-01
1113 8.000000e-01 2.000000e-01 4.000000e-01
1114 6.000000e-01 4.000000e-01 4.000000e-01
1115 6.000000e-01 4.000000e-01 6.000000e-01
1116 6.000000e-01 2.000000e-01 4.000000e-01
1117 8.000000e-01 2.000000e-01 6.000000e-01
1118 6.000000e-01 2.000000e-01 6.000000e-01
1119 1.200000e+00 4.000000e-01 6.000000e-01
1120 1.200000e+00 2.000000e-01 4.000000e-01
1121 1.000000e+00 4.000000e-01 4.000000e-01
1122 1.000000e+00 4.000000e-01 6.000000e-01
1123 1.000000e+00 2.000000e-01 4.000000e-01
1124 1.200000e+00 2.000000e-01 6.000000e-01
1125 1.000000e+00 2.000000e-01 6.000000e-01
1126 1.600000e+00 4.000000e-01 6.000000e-01
1127 1.600000e+00 2.000000e-01 4.000000e-01
1128 1.400000e+00 4.000000e-01 4.000000e-01
1129 1.400000e+00 4.000000e-01 6.000000e-01
1130 1.400000e+00 2.000000e-01 4.000000e-01
1131 1.600000e+00 2.000000e-01 6.000000e-01
1132 1.400000e+00 2.000000e-01 6.000000e-01
1133 1.800000e+00 4.000000e-01 4.000000e-01
1134 1.800000e+00 4.000000e-01 6.000000e-01
1135 1.800000e+00 2.000000e-01 4.000000e-01
1136 1.800000e+00 2.000000e-01 6.000000e-01
1137 4.000000e-01 8.000000e-01 6.000000e-01
1138 4.000000e-01 6.000000e-01 4.000000e-01
1139 2.000000e-01 8.000000e-01 4.000000e-01
1140 2.000000e-01 8.000000e-01 6.000000e-01
1141 2.000000e-01 6.000000e-01 4.000000e-01
1142 4.000000e-01 6.000000e-01 6.000000e-01
1143 2.000000e-01 6.000000e-01 6.000000e-01
1144 8.000000e-01 8.000000e-01 6.000000e-01
1145 8.000000e-01 6.000000e-01 4.000000e-01
1146 6.000000e-01 8.000000e-01 4.000000e-01
1147 6.000000e-01 8.000000e-01 6.000000e-01
1148 6.000000e-01 6.000000e-01 4.000000e-01
1149 8.000000e-01 6.000000e-01 6.000000e-01
1150 6.000000e-01 6.000000e-01 6.000000e-01
1151 1.200000e+00 8.000000e-01 6.000000e-01
1152 1.200000e+00 6.000000e-01 4.000000e-01
1153 1.000000e+00 8.000000e-01 4.000000e-01
1154 1.000000e+00 8.000000e-01 6.000000e-01
1155 1.000000e+00 6.000000e-01 4.000000e-01
1156 1.200000e+00 6.000000e-01 6.000000e-01
1157 1.000000e+00 6.000000e-01 6.000000e-01
1158 1.600000e+00 8.000000e-01 6.000000e-01
1159 1.600000e+00 6.000000e-01 4.000000e-01
1160 1.400000e+00 8.000000e-01 4.000000e-01
1161 1.400000e+00 8.000000e-01 6.000000e-01
1162 1.400000e+00 6.000000e-01 4.000000e-01
1163 1.600000e+00 6.000000e-01 6.000000e-01
1164 1.400000e+00 6.000000e-01 6.000000e-01
1165 1.800000e+00 8.000000e-01 4.000000e-01
1166 1.800000e+00 8.000000e-01 6.000000e-01
1167 1.800000e+00 6.000000e-01 4.000000e-01
1168 1.800000e+00 6.000000e-01 6.000000e-01
1169 4.000000e-01 1.200000e+00 6.000000e-01
1170 4.000000e-01 1.000000e+00 4.000000e-01
1171 2.000000e-01 1.200000e+00 4.000000e-01
1172 2.000000e-01 1.200000e+00 6.000000e-01
1173 2.000000e-01 1.000000e+00 4.000000e-01
1174 4.000000e-01 1.000000e+00 6.000000e-01
1175 2.000000e-01 1.000000e+00 6.000000e-01
1176 8.000000e-01 1.200000e+00 6.000000e-01
1177 8.000000e-01 1.000000e+00 4.000000e-01
1178 6.000000e-01 1.200000e+00 4.000000e-01
1179 6.000000e-01 1.200000e+00 6.000000e-01
1180 6.000000e-01 1.000000e+00 4.000000e-01
1181 8.000000e-01 1.000000e+00 6.000000e-01
1182 6.000000e-01 1.000000e+00 6.000000e-01
1183 1.200000e+00 1.200000e+00 6.000000e-01
1184 1.200000e+00 1.000000e+00 4.000000e-01
1185 1.000000e+00 1.200000e+00 4.000000e-01
1186 1.000000e+00 1.200000e+00 6.000000e-01
1187 1.000000e+00 1.000000e+00 4.000000e-01
1188 1.200000e+00 1.000000e+00 6.000000e-01
1189 1.000000e+00 1.000000e+00 6.000000e-01
1190 1.600000e+00 1.200000e+00 6.000000e-01
1191 1.600000e+00 1.000000e+00 4.000000e-01
1192 1.400000e+00 1.200000e+00 4.000000e-01
1193 1.400000e+00 1.200000e+00 6.000000e-01
1194 1.400000e+00 1.000000e+00 4.000000e-01
1195 1.600000e+00 1.000000e+00 6.000000e-01
1196 1.400000e+00 1.000000e+00 6.000000e-01
1197 1.800000e+00 1.200000e+00 4.000000e-01
1198 1.800000e+00 1.200000e+00 6.000000e-01
1199 1.800000e+00 1.000000e+00 4.000000e-01
1200 1.800000e+00 1.000000e+00 6.000000e-01
1201 4.000000e-01 1.600000e+00 6.000000e-01
1202 4.000000e-01 1.400000e+00 4.000000e-01
1203 2.000000e-01 1.600000e+00 4.000000e-01
1204 2.000000e-01 1.600000e+00 6.000000e-01
1205 2.000000e-01 1.400000e+00 4.000000e-01
1206 4.000000e-01 1.400000e+00 6.000000e-01
1207 2.000000e-01 1.400000e+00 6.000000e-01
1208 8.000000e-01 1.600000e+00 6.000000e-01
1209 8.000000e-01 1.400000e+00 4.000000e-01
1210 6.000000e-01 1.600000e+00 4.000000e-01
1211 6.000000e-01 1.600000e+00 6.000000e-01
1212 6.000000e-01 1.400000e+00 4.000000e-01
1213 8.000000e-01 1.400000e+00 6.000000e-01
1214 6.000000e-01 1.400000e+00 6.000000e-01
1215 1.200000e+00 1.600000e+00 6.000000e-01
1216 1.200000e+00 1.400000e+00 4.000000e-01
1217 1.000000e+00 1.600000e+00 4.000000e-01
1218 1.000000e+00 1.600000e+00 6.000000e-01
1219 1.000000e+00 1.400000e+00 4.000000e-01
1220 1.200000e+00 1.400000e+00 6.000000e-01
1221 1.000000e+00 1.400000e+00 6.000000e-01
1222 1.600000e+00 1.600000e+00 6.000000e-01
1223 1.600000e+00 1.400000e+00 4.000000e-01
1224 1.400000e+00 1.600000e+00 4.000000e-01
1225 1.400000e+00 1.600000e+00 6.000000e-01
1226 1.400000e+00 1.400000e+00 4.000000e-01
1227 1.600000e+00 1.400000e+00 6.000000e-01
1228 1.400000e+00 1.400000e+00 6.000000e-01
1229 1.800000e+00 1.600000e+00 4.000000e-01
1230 1.800000e+00 1.600000e+00 6.000000e-01
1231 1.800000e+00 1.400000e+00 4.000000e-01
1232 1.800000e+00 1.400000e+00 6.000000e-01
1233 4.000000e-01 1.800000e+00 4.000000e-01
1234 2.000000e-01 1.800000e+00 4.000000e-01
1235 4.000000e-01 1.800000e+00 6.000000e-01
1236 2.000000e-01 1.800000e+00 6.000000e-01
1237 8.000000e-01 1.800000e+00 4.000000e-01
1238 6.000000e-01 1.800000e+00 4.000000e-01
1239 8.000000e-01 1.800000e+00 6.000000e-01
1240 6.000000e-01 1.800000e+00 6.000000e-01
1241 1.200000e+00 1.800000e+00 4.000000e-01
1242 1.000000e+00 1.800000e+00 4.000000e-01
1243 1.200000e+00 1.800000e+00 6.000000e-01
1244 1.000000e+00 1.800000e+00 6.000000e-01
1245 1.600000e+00 1.800000e+00 4.000000e-01
1246 1.400000e+00 1.800000e+00 4.000000e-01
1247 1.600000e+00 1.800000e+00 6.000000e-01
1248 1.400000e+00 1.800000e+00 6.000000e-01
1249 1.800000e+00 1.800000e+00 4.000000e-01
1250 1.800000e+00 1.800000e+00 6.000000e-01
1251 4.000000e-01 4.000000e-01 2.000000e-01
1252 2.000000e-01 4.000000e-01 2.000000e-01
1253 4.000000e-01 2.000000e-01 2.000000e-01
1254 2.000000e-01 2.000000e-01 2.000000e-01
1255 8.000000e-01 4.000000e-01 2.000000e-01
1256 6.000000e-01 4.000000e-01 2.000000e-01
1257 8.000000e-01 2.000000e-01 2.000000e-01
1258 6.000000e-01 2.000000e-01 2.000000e-01
1259 1.200000e+00 4.000000e-01 2.000000e-01
1260 1.000000e+00 4.000000e-01 2.000000e-01
1261 1.200000e+00 2.000000e-01 2.000000e-01
1262 1.000000e+00 2.000000e-01 2.000000e-01
1263 1.600000e+00 4.000000e-01 2.000000e-01
1264 1.400000e+00 4.000000e-01 2.000000e-01
1265 1.600000e+00 2.000000e-01 2.000000e-01
1266 1.400000e+00 2.000000e-01 2.000000e-01
1267 1.800000e+00 4.000000e-01 2.000000e-01
1268 1.800000e+00 2.000000e-01 2.000000e-01
1269 4.000000e-01 8.000000e-01 2.000000e-01
1270 2.000000e-01 8.000000e-01 2.000000e-01
1271 4.000000e-01 6.000000e-01 2.000000e-01
1272 2.000000e-01 6.000000e-01 2.000000e-01
1273 8.000000e-01 8.000000e-01 2.000000e-01
1274 6.000000e-01 8.000000e-01 2.000000e-01
1275 8.000000e-01 6.000000e-01 2.000000e-01
1276 6.000000e-01 6.000000e-01 2.000000e-01
1277 1.200000e+00 8.000000e-01 2.000000e-01
1278 1.000000e+00 8.000000e-01 2.000000e-01
1279 1.200000e+00 6.000000e-01 2.000000e-01
1280 1.000000e+00 6.000000e-01 2.000000e-01
1281 1.600000e+00 8.000000e-01 2.000000e-01
1282 1.400000e+00 8.000000e-01 2.000000e-01
1283 1.600000e+00 6.000000e-01 2.000000e-01
1284 1.400000e+00 6.000000e-01 2.000000e-01
1285 1.800000e+00 8.000000e-01 2.000000e-01
1286 1.800000e+00 6.000000e-01 2.000000e-01
1287 4.000000e-01 1.200000e+00 2.000000e-01
1288 2.000000e-01 1.200000e+00 2.000000e-01
1289 4.000000e-01 1.000000e+00 2.000000e-01
1290 2.000000e-01 1.000000e+00 2.000000e-01
1291 8.000000e-01 1.200000e+00 2.000000e-01
1292 6.000000e-01 1.200000e+00 2.000000e-01
1293 8.000000e-01 1.000000e+00 2.000000e-01
1294 6.000000e-01 1.000000e+00 2.000000e-01
1295 1.200000e+00 1.200000e+00 2.000000e-01
1296 1.000000e+00 1.200000e+00 2.000000e-01
1297 1.200000e+00 1.000000e+00 2.000000e-01
1298 1.000000e+00 1.000000e+00 2.000000e-01
1299 1.600000e+00 1.200000e+00 2.000000e-01
1300 1.400000e+00 1.200000e+00 2.000000e-01
1301 1.600000e+00 1.000000e+00 2.000000e-01
1302 1.400000e+00 1.000000e+00 2.000000e-01
1303 1.800000e+00 1.200000e+00 2.000000e-01
1304 1.800000e+00 1.000000e+00 2.000000e-01
1305 4.000000e-01 1.600000e+00 2.000000e-01
1306 2.000000e-01 1.600000e+00 2.000000e-01
1307 4.000000e-01 1.400000e+00 2.000000e-01
1308 2.000000e-01 1.400000e+00 2.000000e-01
1309 8.000000e-01 1.600000e+00 2.000000e-01
1310 6.000000e-01 1.600000e+00 2.000000e-01
1311 8.000000e-01 1.400000e+00 2.000000e-01
1312 6.000000e-01 1.400000e+00 2.000000e-01
1313 1.200000e+00 1.600000e+00 2.000000e-01
1314 1.000000e+00 1.600000e+00 2.000000e-01
1315 1.200000e+00 1.400000e+00 2.000000e-01
1316 1.000000e+00 1.400000e+00 2.000000e-01
1317 1.600000e+00 1.600000e+00 2.000000e-01
1318 1.400000e+00 1.600000e+00 2.000000e-01
1319 1.600000e+00 1.400000e+00 2.000000e-01
1320 1.400000e+00 1.400000e+00 2.000000e-01
1321 1.800000e+00 1.600000e+00 2.000000e-01
1322 1.800000e+00 1.400000e+00 2.000000e-01
1323 4.000000e-01 1.800000e+00 2.000000e-01
1324 2.000000e-01 1.800000e+00 2.000000e-01
1325 8.000000e-01 1.800000e+00 2.000000e-01
1326 6.000000e-01 1.800000e+00 2.000000e-01
1327 1.200000e+00 1.800000e+00 2.000000e-01
1328 1.000000e+00 1.800000e+00 2.000000e-01
1329 1.600000e+00 1.800000e+00 2.000000e-01
1330 1.400000e+00 1.800000e+00 2.000000e-01
1331 1.800000e+00 1.800000e+00 2.000000e-01
1 103 2 9 217 
2 103 9 10 218 
3 103 10 11 219 
4 103 11 12 220 
5 103 12 1 221 
6 103 1 13 222 
7 103 13 14 223 
8 103 14 15 224 
9 103 15 16 225 
10 103 16 3 226 
11 103 4 17 227 
12 103 17 18 228 
13 103 18 19 229 
14 103 19 20 230 
15 103 20 3 231 
16 103 2 21 232 
17 103 21 22 233 
18 103 22 23 234 
19 103 23 24 235 
20 103 24 4 236 
21 103 6 25 237 
22 103 25 26 238 
23 103 26 27 239 
24 103 27 28 240 
25 103 28 5 241 
26 103 5 29 242 
27 103 29 30 243 
28 103 30 31 244 
29 103 31 32 245 
30 103 32 7 246 
31 103 8 33 247 
32 103 33 34 248 
33 103 34 35 249 
34 103 35 36 250 
35 103 36 7 251 
36 103 6 37 252 
37 103 37 38 253 
38 103 38 39 254 
39 103 39 40 255 
40 103 40 8 256 
41 103 2 41 257 
42 103 41 42 258 
43 103 42 43 259 
44 103 43 44 260 
45 103 44 6 261 
46 103 1 45 262 
47 103 45 46 263 
48 103 46 47 264 
49 103 47 48 265 
50 103 48 5 266 
51 103 4 49 267 
52 103 49 50 268 
53 103 50 51 269 
54 103 51 52 270 
55 103 52 8 271 
56 103 3 53 272 
57 103 53 54 273 
58 103 54 55 274 
59 103 55 56 275 
60 103 56 7 276 
61 209 2 9 57 21 217 277 278 232 279 
62 209 21 57 58 22 278 280 281 233 282 
63 209 22 58 59 23 281 283 284 234 285 
64 209 23 59 60 24 284 286 287 235 288 
65 209 24 60 17 4 287 289 227 236 290 
66 209 9 10 61 57 218 291 292 277 293 
67 209 57 61 62 58 292 294 295 280 296 
68 209 58 62 63 59 295 297 298 283 299 
69 209 59 63 64 60 298 300 301 286 302 
70 209 60 64 18 17 301 303 228 289 304 
71 209 10 11 65 61 219 305 306 291 307 
72 209 61 65 66 62 306 308 309 294 310 
73 209 62 66 67 63 309 311 312 297 313 
74 209 63 67 68 64 312 314 315 300 316 
75 209 64 68 19 18 315 317 229 303 318 
76 209 11 12 69 65 220 319 320 305 321 
77 209 65 69 70 66 320 322 323 308 324 
78 209 66 70 71 67 323 325 326 311 327 
79 209 67 71 72 68 326 328 329 314 330 
80 209 68 72 20 19 329 331 230 317 332 
81 209 12 1 13 69 221 222 333 319 334 
82 209 69 13 14 70 333 223 335 322 336 
83 209 70 14 15 71 335 224 337 325 338 
84 209 71 15 16 72 337 225 339 328 340 
85 209 72 16 3 20 339 226 231 331 341 
86 209 5 28 73 29 241 342 343 242 344 
87 209 29 73 74 30 343 345 346 243 347 
88 209 30 74 75 31 346 348 349 244 350 
89 209 31 75 76 32 349 351 352 245 353 
90 209 32 76 36 7 352 354 251 246 355 
91 209 28 27 77 73 240 356 357 342 358 
92 209 73 77 78 74 357 359 360 345 361 
93 209 74 78 79 75 360 362 363 348 364 
94 209 75 79 80 76 363 365 366 351 367 
95 209 76 80 35 36 366 368 250 354 369 
96 209 27 26 81 77 239 370 371 356 372 
97 209 77 81 82 78 371 373 374 359 375 
98 209 78 82 83 79 374 376 377 362 378 
99 209 79 83 84 80 377 379 380 365 381 
100 209 80 84 34 35 380 382 249 368 383 
101 209 26 25 85 81 238 384 385 370 386 
102 209 81 85 86 82 385 387 388 373 389 
103 209 82 86 87 83 388 390 391 376 392 
104 209 83 87 88 84 391 393 394 379 395 
105 209 84 88 33 34 394 396 248 382 397 
106 209 25 6 37 85 237 252 398 384 399 
107 209 85 37 38 86 398 253 400 387 401 
108 209 86 38 39 87 400 254 402 390 403 
109 209 87 39 40 88 402 255 404 393 405 
110 209 88 40 8 33 404 256 247 396 406 
111 209 2 41 89 9 257 407 408 217 409 
112 209 9 89 90 10 408 410 411 218 412 
113 209 10 90 91 11 411 413 414 219 415 
114 209 11 91 92 12 414 416 417 220 418 
115 209 12 92 45 1 417 419 262 221 420 
116 209 41 42 93 89 258 421 422 407 423 
117 209 89 93 94 90 422 424 425 410 426 
118 209 90 94 95 91 425 427 428 413 429 
119 209 91 95 96 92 428 430 431 416 432 
120 209 92 96 46 45 431 433 263 419 434 
121 209 42 43 97 93 259 435 436 421 437 
122 209 93 97 98 94 436 438 439 424 440 
123 209 94 98 99 95 439 441 442 427 443 
124 209 95 99 100 96 442 444 445 430 446 
125 209 96 100 47 46 445 447 264 433 448 
126 209 43 44 101 97 260 449 450 435 451 
127 209 97 101 102 98 450 452 453 438 454 
128 209 98 102 103 99 453 455 456 441 457 
129 209 99 103 104 100 456 458 459 444 460 
130 209 100 104 48 47 459 461 265 447 462 
131 209 44 6 25 101 261 237 463 449 464 
132 209 101 25 26 102 463 238 465 452 466 
133 209 102 26 27 103 465 239 467 455 468 
134 209 103 27 28 104 467 240 469 458 470 
135 209 104 28 5 48 469 241 266 461 471 
136 209 8 52 105 33 271 472 473 247 474 
137 209 33 105 106 34 473 475 476 248 477 
138 209 34 106 107 35 476 478 479 249 480 
139 209 35 107 108 36 479 481 482 250 483 
140 209 36 108 56 7 482 484 276 251 485 
141 209 52 51 109 105 270 486 487 472 488 
142 209 105 109 110 106 487 489 490 475 491 
143 209 106 110 111 107 490 492 493 478 494 
144 209 107 111 112 108 493 495 496 481 497 
145 209 108 112 55 56 496 498 275 484 499 
146 209 51 50 113 109 269 500 501 486 502 
147 209 109 113 114 110 501 503 504 489 505 
148 209 110 114 115 111 504 506 507 492 508 
149 209 111 115 116 112 507 509 510 495 511 
150 209 112 116 54 55 510 512 274 498 513 
151 209 50 49 117 113 268 514 515 500 516 
152 209 113 117 118 114 515 517 518 503 519 
153 209 114 118 119 115 518 520 521 506 522 
154 209 115 119 120 116 521 523 524 509 525 
155 209 116 120 53 54 524 526 273 512 527 
156 209 49 4 17 117 267 227 528 514 529 
157 209 117 17 18 118 528 228 530 517 531 
158 209 118 18 19 119 530 229 532 520 533 
159 209 119 19 20 120 532 230 534 523 535 
160 209 120 20 3 53 534 231 272 526 536 
161 209 2 21 121 41 232 537 538 257 539 
162 209 41 121 122 42 538 540 541 258 542 
163 209 42 122 123 43 541 543 544 259 545 
164 209 43 123 124 44 544 546 547 260 548 
165 209 44 124 37 6 547 549 252 261 550 
166 209 21 22 125 121 233 551 552 537 553 
167 209 121 125 126 122 552 554 555 540 556 
168 209 122 126 127 123 555 557 558 543 559 
169 209 123 127 128 124 558 560 561 546 562 
170 209 124 128 38 37 561 563 253 549 564 
171 209 22 23 129 125 234 565 566 551 567 
172 209 125 129 130 126 566 568 569 554 570 
173 209 126 130 131 127 569 571 572 557 573 
174 209 127 131 132 128 572 574 575 560 576 
175 209 128 132 39 38 575 577 254 563 578 
176 209 23 24 133 129 235 579 580 565 581 
177 209 129 133 134 130 580 582 583 568 584 
178 209 130 134 135 131 583 585 586 571 587 
179 209 131 135 136 132 586 588 589 574 590 
180 209 132 136 40 39 589 591 255 577 592 
181 209 24 4 49 133 236 267 593 579 594 
182 209 133 49 50 134 593 268 595 582 596 
183 209 134 50 51 135 595 269 597 585 598 
184 209 135 51 52 136 597 270 599 588 600 
185 209 136 52 8 40 599 271 256 591 601 
186 209 3 16 137 53 226 602 603 272 604 
187 209 53 137 138 54 603 605 606 273 607 
188 209 54 138 139 55 606 608 609 274 610 
189 209 55 139 140 56 609 611 612 275 613 
190 209 56 140 32 7 612 614 246 276 615 
191 209 16 15 141 137 225 616 617 602 618 
192 209 137 141 142 138 617 619 620 605 621 
193 209 138 142 143 139 620 622 623 608 624 
194 209 139 143 144 140 623 625 626 611 627 
195 209 140 144 31 32 626 628 245 614 629 
196 209 15 14 145 141 224 630 631 616 632 
197 209 141 145 146 142 631 633 634 619 635 
198 209 142 146 147 143 634 636 637 622 638 
199 209 143 147 148 144 637 639 640 625 641 
200 209 144 148 30 31 640 642 244 628 643 
201 209 14 13 149 145 223 644 645 630 646 
202 209 145 149 150 146 645 647 648 633 649 
203 209 146 150 151 147 648 650 651 636 652 
204 209 147 151 152 148 651 653 654 639 655 
205 209 148 152 29 30 654 656 243 642 657 
206 209 13 1 45 149 222 262 658 644 659 
207 209 149 45 46 150 658 263 660 647 661 
208 209 150 46 47 151 660 264 662 650 663 
209 209 151 47 48 152 662 265 664 653 665 
210 209 152 48 5 29 664 266 242 656 666 
211 327 1 13 69 12 45 149 153 92 222 333 319 221 658 667 668 419 262 644 669 417 334 659 670 671 420 672 673 
212 327 45 149 153 92 46 150 154 96 658 667 668 419 660 674 675 433 263 647 676 431 672 661 677 678 434 679 680 
213 327 46 150 154 96 47 151 155 100 660 674 675 433 662 681 682 447 264 650 683 445 679 663 684 685 448 686 687 
214 327 47 151 155 100 48 152 156 104 662 681 682 447 664 688 689 461 265 653 690 459 686 665 691 692 462 693 694 
215 327 48 152 156 104 5 29 73 28 664 688 689 461 242 343 342 241 266 656 695 469 693 666 696 697 471 344 698 
216 327 13 14 70 69 149 145 157 153 223 335 322 333 645 699 700 667 644 630 701 669 336 646 702 703 670 704 705 
217 327 149 145 157 153 150 146 158 154 645 699 700 667 648 706 707 674 647 633 708 676 704 649 709 710 677 711 712 
218 327 150 146 158 154 151 147 159 155 648 706 707 674 651 713 714 681 650 636 715 683 711 652 716 717 684 718 719 
219 327 151 147 159 155 152 148 160 156 651 713 714 681 654 720 721 688 653 639 722 690 718 655 723 724 691 725 726 
220 327 152 148 160 156 29 30 74 73 654 720 721 688 243 346 345 343 656 642 727 695 725 657 728 729 696 347 730 
221 327 14 15 71 70 145 141 161 157 224 337 325 335 631 731 732 699 630 616 733 701 338 632 734 735 702 736 737 
222 327 145 141 161 157 146 142 162 158 631 731 732 699 634 738 739 706 633 619 740 708 736 635 741 742 709 743 744 
223 327 146 142 162 158 147 143 163 159 634 738 739 706 637 745 746 713 636 622 747 715 743 638 748 749 716 750 751 
224 327 147 143 163 159 148 144 164 160 637 745 746 713 640 752 753 720 639 625 754 722 750 641 755 756 723 757 758 
225 327 148 144 164 160 30 31 75 74 640 752 753 720 244 349 348 346 642 628 759 727 757 643 760 761 728 350 762 
226 327 15 16 72 71 141 137 165 161 225 339 328 337 617 763 764 731 616 602 765 733 340 618 766 767 734 768 769 
227 327 141 137 165 161 142 138 166 162 617 763 764 731 620 770 771 738 619 605 772 740 768 621 773 774 741 775 776 
228 327 142 138 166 162 143 139 167 163 620 770 771 738 623 777 778 745 622 608 779 747 775 624 780 781 748 782 783 
229 327 143 139 167 163 144 140 168 164 623 777 778 745 626 784 785 752 625 611 786 754 782 627 787 788 755 789 790 
230 327 144 140 168 164 31 32 76 75 626 784 785 752 245 352 351 349 628 614 791 759 789 629 792 793 760 353 794 
231 327 16 3 20 72 137 53 120 165 226 231 331 339 603 526 795 763 602 272 534 765 341 604 536 796 766 797 798 
232 327 137 53 120 165 138 54 116 166 603 526 795 763 606 512 799 770 605 273 524 772 797 607 527 800 773 801 802 
233 327 138 54 116 166 139 55 112 167 606 512 799 770 609 498 803 777 608 274 510 779 801 610 513 804 780 805 806 
234 327 139 55 112 167 140 56 108 168 609 498 803 777 612 484 807 784 611 275 496 786 805 613 499 808 787 809 810 
235 327 140 56 108 168 32 7 36 76 612 484 807 784 246 251 354 352 614 276 482 791 809 615 485 811 792 355 812 
236 327 12 69 65 11 92 153 169 91 319 320 305 220 668 813 814 416 417 669 815 414 321 671 816 817 418 818 819 
237 327 92 153 169 91 96 154 170 95 668 813 814 416 675 820 821 430 431 676 822 428 818 678 823 824 432 825 826 
238 327 96 154 170 95 100 155 171 99 675 820 821 430 682 827 828 444 445 683 829 442 825 685 830 831 446 832 833 
239 327 100 155 171 99 104 156 172 103 682 827 828 444 689 834 835 458 459 690 836 456 832 692 837 838 460 839 840 
240 327 104 156 172 103 28 73 77 27 689 834 835 458 342 357 356 240 469 695 841 467 839 697 842 843 470 358 844 
241 327 69 70 66 65 153 157 173 169 322 323 308 320 700 845 846 813 669 701 847 815 324 703 848 849 816 850 851 
242 327 153 157 173 169 154 158 174 170 700 845 846 813 707 852 853 820 676 708 854 822 850 710 855 856 823 857 858 
243 327 154 158 174 170 155 159 175 171 707 852 853 820 714 859 860 827 683 715 861 829 857 717 862 863 830 864 865 
244 327 155 159 175 171 156 160 176 172 714 859 860 827 721 866 867 834 690 722 868 836 864 724 869 870 837 871 872 
245 327 156 160 176 172 73 74 78 77 721 866 867 834 345 360 359 357 695 727 873 841 871 729 874 875 842 361 876 
246 327 70 71 67 66 157 161 177 173 325 326 311 323 732 877 878 845 701 733 879 847 327 735 880 881 848 882 883 
247 327 157 161 177 173 158 162 178 174 732 877 878 845 739 884 885 852 708 740 886 854 882 742 887 888 855 889 890 
248 327 158 162 178 174 159 163 179 175 739 884 885 852 746 891 892 859 715 747 893 861 889 749 894 895 862 896 897 
249 327 159 163 179 175 160 164 180 176 746 891 892 859 753 898 899 866 722 754 900 868 896 756 901 902 869 903 904 
250 327 160 164 180 176 74 75 79 78 753 898 899 866 348 363 362 360 727 759 905 873 903 761 906 907 874 364 908 
251 327 71 72 68 67 161 165 181 177 328 329 314 326 764 909 910 877 733 765 911 879 330 767 912 913 880 914 915 
252 327 161 165 181 177 162 166 182 178 764 909 910 877 771 916 917 884 740 772 918 886 914 774 919 920 887 921 922 
253 327 162 166 182 178 163 167 183 179 771 916 917 884 778 923 924 891 747 779 925 893 921 781 926 927 894 928 929 
254 327 163 167 183 179 164 168 184 180 778 923 924 891 785 930 931 898 754 786 932 900 928 788 933 934 901 935 936 
255 327 164 168 184 180 75 76 80 79 785 930 931 898 351 366 365 363 759 791 937 905 935 793 938 939 906 367 940 
256 327 72 20 19 68 165 120 119 181 331 230 317 329 795 523 941 909 765 534 532 911 332 796 535 942 912 943 944 
257 327 165 120 119 181 166 116 115 182 795 523 941 909 799 509 945 916 772 524 521 918 943 800 525 946 919 947 948 
258 327 166 116 115 182 167 112 111 183 799 509 945 916 803 495 949 923 779 510 507 925 947 804 511 950 926 951 952 
259 327 167 112 111 183 168 108 107 184 803 495 949 923 807 481 953 930 786 496 493 932 951 808 497 954 933 955 956 
260 327 168 108 107 184 76 36 35 80 807 481 953 930 354 250 368 366 791 482 479 937 955 811 483 957 938 369 958 
261 327 11 65 61 10 91 169 185 90 305 306 291 219 814 959 960 413 414 815 961 411 307 817 962 963 415 964 965 
262 327 91 169 185 90 95 170 186 94 814 959 960 413 821 966 967 427 428 822 968 425 964 824 969 970 429 971 972 
263 327 95 170 186 94 99 171 187 98 821 966 967 427 828 973 974 441 442 829 975 439 971 831 976 977 443 978 979 
264 327 99 171 187 98 103 172 188 102 828 973 974 441 835 980 981 455 456 836 982 453 978 838 983 984 457 985 986 
265 327 103 172 188 102 27 77 81 26 835 980 981 455 356 371 370 239 467 841 987 465 985 843 988 989 468 372 990 
266 327 65 66 62 61 169 173 189 185 308 309 294 306 846 991 992 959 815 847 993 961 310 849 994 995 962 996 997 
267 327 169 173 189 185 170 174 190 186 846 991 992 959 853 998 999 966 822 854 1000 968 996 856 1001 1002 969 1003 1004 
268 327 170 174 190 186 171 175 191 187 853 998 999 966 860 1005 1006 973 829 861 1007 975 1003 863 1008 1009 976 1010 1011 
269 327 171 175 191 187 172 176 192 188 860 1005 1006 973 867 1012 1013 980 836 868 1014 982 1010 870 1015 1016 983 1017 1018 
270 327 172 176 192 188 77 78 82 81 867 1012 1013 980 359 374 373 371 841 873 1019 987 1017 875 1020 1021 988 375 1022 
271 327 66 67 63 62 173 177 193 189 311 312 297 309 878 1023 1024 991 847 879 1025 993 313 881 1026 1027 994 1028 1029 
272 327 173 177 193 189 174 178 194 190 878 1023 1024 991 885 1030 1031 998 854 886 1032 1000 1028 888 1033 1034 1001 1035 1036 
273 327 174 178 194 190 175 179 195 191 885 1030 1031 998 892 1037 1038 1005 861 893 1039 1007 1035 895 1040 1041 1008 1042 1043 
274 327 175 179 195 191 176 180 196 192 892 1037 1038 1005 899 1044 1045 1012 868 900 1046 1014 1042 902 1047 1048 1015 1049 1050 
275 327 176 180 196 192 78 79 83 82 899 1044 1045 1012 362 377 376 374 873 905 1051 1019 1049 907 1052 1053 1020 378 1054 
276 327 67 68 64 63 177 181 197 193 314 315 300 312 910 1055 1056 1023 879 911 1057 1025 316 913 1058 1059 1026 1060 1061 
277 327 177 181 197 193 178 182 198 194 910 1055 1056 1023 917 1062 1063 1030 886 918 1064 1032 1060 920 1065 1066 1033 1067 1068 
278 327 178 182 198 194 179 183 199 195 917 1062 1063 1030 924 1069 1070 1037 893 925 1071 1039 1067 927 1072 1073 1040 1074 1075 
279 327 179 183 199 195 180 184 200 196 924 1069 1070 1037 931 1076 1077 1044 900 932 1078 1046 1074 934 1079 1080 1047 1081 1082 
280 327 180 184 200 196 79 80 84 83 931 1076 1077 1044 365 380 379 377 905 937 1083 1051 1081 939 1084 1085 1052 381 1086 
281 327 68 19 18 64 181 119 118 197 317 229 303 315 941 520 1087 1055 911 532 530 1057 318 942 533 1088 1058 1089 1090 
282 327 181 119 118 197 182 115 114 198 941 520 1087 1055 945 506 1091 1062 918 521 518 1064 1089 946 522 1092 1065 1093 1094 
283 327 182 115 114 198 183 111 110 199 945 506 1091 1062 949 492 1095 1069 925 507 504 1071 1093 950 508 1096 1072 1097 1098 
284 327 183 111 110 199 184 107 106 200 949 492 1095 1069 953 478 1099 1076 932 493 490 1078 1097 954 494 1100 1079 1101 1102 
285 327 184 107 106 200 80 35 34 84 953 478 1099 1076 368 249 382 380 937 479 476 1083 1101 957 480 1103 1084 383 1104 
286 327 10 61 57 9 90 185 201 89 291 292 277 218 960 1105 1106 410 411 961 1107 408 293 963 1108 1109 412 1110 1111 
287 327 90 185 201 89 94 186 202 93 960 1105 1106 410 967 1112 1113 424 425 968 1114 422 1110 970 1115 1116 426 1117 1118 
288 327 94 186 202 93 98 187 203 97 967 1112 1113 424 974 1119 1120 438 439 975 1121 436 1117 977 1122 1123 440 1124 1125 
289 327 98 187 203 97 102 188 204 101 974 1119 1120 438 981 1126 1127 452 453 982 1128 450 1124 984 1129 1130 454 1131 1132 
290 327 102 188 204 101 26 81 85 25 981 1126 1127 452 370 385 384 238 465 987 1133 463 1131 989 1134 1135 466 386 1136 
291 327 61 62 58 57 185 189 205 201 294 295 280 292 992 1137 1138 1105 961 993 1139 1107 296 995 1140 1141 1108 1142 1143 
292 327 185 189 205 201 186 190 206 202 992 1137 1138 1105 999 1144 1145 1112 968 1000 1146 1114 1142 1002 1147 1148 1115 1149 1150 
293 327 186 190 206 202 187 191 207 203 999 1144 1145 1112 1006 1151 1152 1119 975 1007 1153 1121 1149 1009 1154 1155 1122 1156 1157 
294 327 187 191 207 203 188 192 208 204 1006 1151 1152 1119 1013 1158 1159 1126 982 1014 1160 1128 1156 1016 1161 1162 1129 1163 1164 
295 327 188 192 208 204 81 82 86 85 1013 1158 1159 1126 373 388 387 385 987 1019 1165 1133 1163 1021 1166 1167 1134 389 1168 
296 327 62 63 59 58 189 193 209 205 297 298 283 295 1024 1169 1170 1137 993 1025 1171 1139 299 1027 1172 1173 1140 1174 1175 
297 327 189 193 209 205 190 194 210 206 1024 1169 1170 1137 1031 1176 1177 1144 1000 1032 1178 1146 1174 1034 1179 1180 1147 1181 1182 
298 327 190 194 210 206 191 195 211 207 1031 1176 1177 1144 1038 1183 1184 1151 1007 1039 1185 1153 1181 1041 1186 1187 1154 1188 1189 
299 327 191 195 211 207 192 196 212 208 1038 1183 1184 1151 1045 1190 1191 1158 1014 1046 1192 1160 1188 1048 1193 1194 1161 1195 1196 
300 327 192 196 212 208 82 83 87 86 1045 1190 1191 1158 376 391 390 388 1019 1051 1197 1165 1195 1053 1198 1199 1166 392 1200 
301 327 63 64 60 59 193 197 213 209 300 301 286 298 1056 1201 1202 1169 1025 1057 1203 1171 302 1059 1204 1205 1172 1206 1207 
302 327 193 197 213 209 194 198 214 210 1056 1201 1202 1169 1063 1208 1209 1176 1032 1064 1210 1178 1206 1066 1211 1212 1179 1213 1214 
303 327 194 198 214 210 195 199 215 211 1063 1208 1209 1176 1070 1215 1216 1183 1039 1071 1217 1185 1213 1073 1218 1219 1186 1220 1221 
304 327 195 199 215 211 196 200 216 212 1070 1215 1216 1183 1077 1222 1223 1190 1046 1078 1224 1192 1220 1080 1225 1226 1193 1227 1228 
305 327 196 200 216 212 83 84 88 87 1077 1222 1223 1190 379 394 393 391 1051 1083 1229 1197 1227 1085 1230 1231 1198 395 1232 
306 327 64 18 17 60 197 118 117 213 303 228 289 301 1087 517 1233 1201 1057 530 528 1203 304 1088 531 1234 1204 1235 1236 
307 327 197 118 117 213 198 114 113 214 1087 517 1233 1201 1091 503 1237 1208 1064 518 515 1210 1235 1092 519 1238 1211 1239 1240 
308 327 198 114 113 214 199 110 109 215 1091 503 1237 1208 1095 489 1241 1215 1071 504 501 1217 1239 1096 505 1242 1218 1243 1244 
309 327 199 110 109 215 200 106 105 216 1095 489 1241 1215 1099 475 1245 1222 1078 490 487 1224 1243 1100 491 1246 1225 1247 1248 
310 327 200 106 105 216 84 34 33 88 1099 475 1245 1222 382 248 396 394 1083 476 473 1229 1247 1103 477 1249 1230 397 1250 
311 327 9 57 21 2 89 201 121 41 277 278 232 217 1106 1251 538 407 408 1107 537 257 279 1109 1252 539 409 1253 1254 
312 327 89 201 121 41 93 202 122 42 1106 1251 538 407 1113 1255 541 421 422 1114 540 258 1253 1116 1256 542 423 1257 1258 
313 327 93 202 122 42 97 203 123 43 1113 1255 541 421 1120 1259 544 435 436 1121 543 259 1257 1123 1260 545 437 1261 1262 
314 327 97 203 123 43 101 204 124 44 1120 1259 544 435 1127 1263 547 449 450 1128 546 260 1261 1130 1264 548 451 1265 1266 
315 327 101 204 124 44 25 85 37 6 1127 1263 547 449 384 398 252 237 463 1133 549 261 1265 1135 1267 550 464 399 1268 
316 327 57 58 22 21 201 205 125 121 280 281 233 278 1138 1269 552 1251 1107 1139 551 537 282 1141 1270 553 1252 1271 1272 
317 327 201 205 125 121 202 206 126 122 1138 1269 552 1251 1145 1273 555 1255 1114 1146 554 540 1271 1148 1274 556 1256 1275 1276 
318 327 202 206 126 122 203 207 127 123 1145 1273 555 1255 1152 1277 558 1259 1121 1153 557 543 1275 1155 1278 559 1260 1279 1280 
319 327 203 207 127 123 204 208 128 124 1152 1277 558 1259 1159 1281 561 1263 1128 1160 560 546 1279 1162 1282 562 1264 1283 1284 
320 327 204 208 128 124 85 86 38 37 1159 1281 561 1263 387 400 253 398 1133 1165 563 549 1283 1167 1285 564 1267 401 1286 
321 327 58 59 23 22 205 209 129 125 283 284 234 281 1170 1287 566 1269 1139 1171 565 551 285 1173 1288 567 1270 1289 1290 
322 327 205 209 129 125 206 210 130 126 1170 1287 566 1269 1177 1291 569 1273 1146 1178 568 554 1289 1180 1292 570 1274 1293 1294 
323 327 206 210 130 126 207 211 131 127 1177 1291 569 1273 1184 1295 572 1277 1153 1185 571 557 1293 1187 1296 573 1278 1297 1298 
324 327 207 211 131 127 208 212 132 128 1184 1295 572 1277 1191 1299 575 1281 1160 1192 574 560 1297 1194 1300 576 1282 1301 1302 
325 327 208 212 132 128 86 87 39 38 1191 1299 575 1281 390 402 254 400 1165 1197 577 563 1301 1199 1303 578 1285 403 1304 
326 327 59 60 24 23 209 213 133 129 286 287 235 284 1202 1305 580 1287 1171 1203 579 565 288 1205 1306 581 1288 1307 1308 
327 327 209 213 133 129 210 214 134 130 1202 1305 580 1287 1209 1309 583 1291 1178 1210 582 568 1307 1212 1310 584 1292 1311 1312 
328 327 210 214 134 130 211 215 135 131 1209 1309 583 1291 1216 1313 586 1295 1185 1217 585 571 1311 1219 1314 587 1296 1315 1316 
329 327 211 215 135 131 212 216 136 132 1216 1313 586 1295 1223 1317 589 1299 1192 1224 588 574 1315 1226 1318 590 1300 1319 1320 
330 327 212 216 136 132 87 88 40 39 1223 1317 589 1299 393 404 255 402 1197 1229 591 577 1319 1231 1321 592 1303 405 1322 
331 327 60 17 4 24 213 117 49 133 289 227 236 287 1233 514 593 1305 1203 528 267 579 290 1234 529 594 1306 1323 1324 
332 327 213 117 49 133 214 113 50 134 1233 514 593 1305 1237 500 595 1309 1210 515 268 582 1323 1238 516 596 1310 1325 1326 
333 327 214 113 50 134 215 109 51 135 1237 500 595 1309 1241 486 597 1313 1217 501 269 585 1325 1242 502 598 1314 1327 1328 
334 327 215 109 51 135 216 105 52 136 1241 486 597 1313 1245 472 599 1317 1224 487 270 588 1327 1246 488 600 1318 1329 1330 
335 327 216 105 52 136 88 33 8 40 1245 472 599 1317 396 247 256 404 1229 473 271 591 1329 1249 474 601 1321 406 1331 
