27 19
1 0.000000e+00 0.000000e+00 2.000000e+00
2 0.000000e+00 0.000000e+00 0.000000e+00
3 0.000000e+00 2.000000e+00 2.000000e+00
4 0.000000e+00 2.000000e+00 0.000000e+00
5 2.000000e+00 0.000000e+00 2.000000e+00
6 2.000000e+00 0.000000e+00 0.000000e+00
7 2.000000e+00 2.000000e+00 2.000000e+00
8 2.000000e+00 2.000000e+00 0.000000e+00
9 0.000000e+00 0.000000e+00 1.000000e+00
10 0.000000e+00 1.000000e+00 2.000000e+00
11 0.000000e+00 2.000000e+00 1.000000e+00
12 0.000000e+00 1.000000e+00 0.000000e+00
13 2.000000e+00 0.000000e+00 1.000000e+00
14 2.000000e+00 1.000000e+00 2.000000e+00
15 2.000000e+00 2.000000e+00 1.000000e+00
16 2.000000e+00 1.000000e+00 0.000000e+00
17 1.000000e+00 0.000000e+00 0.000000e+00
18 1.000000e+00 0.000000e+00 2.000000e+00
19 1.000000e+00 2.000000e+00 0.000000e+00
20 1.000000e+00 2.000000e+00 2.000000e+00
21 0.000000e+00 1.000000e+00 1.000000e+00
22 2.000000e+00 1.000000e+00 1.000000e+00
23 1.000000e+00 0.000000e+00 1.000000e+00
24 1.000000e+00 2.000000e+00 1.000000e+00
25 1.000000e+00 1.000000e+00 0.000000e+00
26 1.000000e+00 1.000000e+00 2.000000e+00
27 1.000000e+00 1.000000e+00 1.000000e+00
1 103 2 1 9 
2 103 1 3 10 
3 103 4 3 11 
4 103 2 4 12 
5 103 6 5 13 
6 103 5 7 14 
7 103 8 7 15 
8 103 6 8 16 
9 103 2 6 17 
10 103 1 5 18 
11 103 4 8 19 
12 103 3 7 20 
13 209 2 1 3 4 9 10 11 12 21 
14 209 5 6 8 7 13 16 15 14 22 
15 209 2 6 5 1 17 13 18 9 23 
16 209 8 4 3 7 19 11 20 15 24 
17 209 2 4 8 6 12 19 16 17 25 
18 209 3 1 5 7 10 18 14 20 26 
19 327 1 3 4 2 5 7 8 6 10 11 12 9 14 15 16 13 18 20 19 17 21 26 24 25 23 22 27 
