18 34
1 -1.000000e+00 -4.978997e-17 0.000000e+00
2 1.000000e+00 0.000000e+00 0.000000e+00
3 -5.000000e-01 0.000000e+00 0.000000e+00
4 0.000000e+00 0.000000e+00 0.000000e+00
5 5.000000e-01 0.000000e+00 0.000000e+00
6 9.009689e-01 4.338837e-01 0.000000e+00
7 6.234898e-01 7.818315e-01 0.000000e+00
8 2.225209e-01 9.749279e-01 0.000000e+00
9 -2.225209e-01 9.749279e-01 0.000000e+00
10 -6.234898e-01 7.818315e-01 0.000000e+00
11 -9.009689e-01 4.338837e-01 0.000000e+00
12 4.764811e-01 5.249845e-01 0.000000e+00
13 -4.732973e-01 4.432218e-01 0.000000e+00
14 -7.319123e-01 2.082535e-01 0.000000e+00
15 -2.481791e-01 2.226833e-01 0.000000e+00
16 6.662755e-01 2.305287e-01 0.000000e+00
17 1.206626e-02 4.888299e-01 0.000000e+00
18 3.368289e-01 2.550832e-01 0.000000e+00
1 102 1 3 
2 102 3 4 
3 102 4 5 
4 102 5 2 
5 102 2 6 
6 102 6 7 
7 102 7 8 
8 102 8 9 
9 102 9 10 
10 102 10 11 
11 102 11 1 
12 203 15 3 13 
13 203 14 13 3 
14 203 1 14 3 
15 203 13 14 11 
16 203 14 1 11 
17 203 5 18 16 
18 203 5 16 2 
19 203 17 18 4 
20 203 16 6 2 
21 203 12 7 6 
22 203 16 12 6 
23 203 12 16 18 
24 203 15 17 4 
25 203 3 15 4 
26 203 13 17 15 
27 203 17 12 18 
28 203 12 8 7 
29 203 13 11 10 
30 203 13 10 9 
31 203 17 8 12 
32 203 17 13 9 
33 203 17 9 8 
34 203 5 4 18 
