40 80
1 -3.855000e-02 -5.302155e-24 1.348840e-17
2 -3.523085e-02 -7.761702e-03 1.210224e-17
3 -3.523085e-02 7.761702e-03 1.210224e-17
4 -3.523085e-02 -1.136809e-02 1.226878e-17
5 -3.523085e-02 1.136809e-02 1.226878e-17
6 -3.417721e-02 -1.242128e-02 1.218551e-17
7 -3.417721e-02 1.242128e-02 1.218551e-17
8 -2.118830e-02 -1.242128e-02 6.939705e-18
9 -2.118830e-02 1.242128e-02 6.939705e-18
10 -2.042710e-02 -8.814894e-03 6.797911e-18
11 -2.042710e-02 8.814894e-03 6.797911e-18
12 -1.812447e-02 -8.297872e-03 6.051526e-18
13 -1.812447e-02 8.297872e-03 6.051526e-18
14 -3.455911e-02 -2.239207e-12 1.226878e-17
15 -2.706064e-02 -7.498468e-03 9.659751e-18
16 -2.706064e-02 7.498468e-03 9.604240e-18
17 -1.956217e-02 -1.565906e-12 6.939705e-18
18 -2.768276e-02 -1.242128e-02 9.562607e-18
19 -2.768276e-02 1.242128e-02 9.562607e-18
20 -1.812447e-02 0.000000e+00 6.051526e-18
21 -3.236286e-02 -5.302218e-03 1.155941e-17
22 -3.236286e-02 5.302217e-03 1.155941e-17
23 -2.175842e-02 5.302218e-03 7.413406e-18
24 -2.175842e-02 -5.302217e-03 7.657288e-18
25 -1.943509e-02 -3.408966e-03 3.491674e-18
26 -2.841479e-02 9.687005e-03 7.767417e-18
27 -3.216443e-02 -9.880587e-03 1.046864e-17
28 -2.448659e-02 -9.870738e-03 6.402835e-18
29 -3.216059e-02 9.903797e-03 9.742899e-18
30 -2.448626e-02 9.883524e-03 5.680055e-18
31 -3.322724e-02 -7.002933e-03 1.092614e-17
32 -2.234515e-02 -7.923225e-03 5.197697e-18
33 -2.841970e-02 -9.626983e-03 8.476517e-18
34 -3.068268e-02 -7.869277e-03 9.610478e-18
35 -1.943509e-02 3.417696e-03 3.241956e-18
36 -2.234515e-02 7.937479e-03 4.617512e-18
37 -3.069625e-02 7.914975e-03 9.040279e-18
38 -3.322114e-02 7.031212e-03 1.040955e-17
39 -3.485604e-02 -4.028556e-03 1.167979e-17
40 -3.485532e-02 4.041141e-03 1.138423e-17
1 102 1 2 
2 102 1 3 
3 102 2 4 
4 102 3 5 
5 102 4 6 
6 102 5 7 
7 102 6 18 
8 102 18 8 
9 102 7 19 
10 102 19 9 
11 102 8 10 
12 102 9 11 
13 102 10 12 
14 102 11 13 
15 102 13 20 
16 102 20 12 
17 102 14 21 
18 102 21 15 
19 102 16 22 
20 102 22 14 
21 102 17 23 
22 102 23 16 
23 102 15 24 
24 102 24 17 
25 203 38 3 29 
26 203 19 26 29 
27 203 29 5 7 
28 203 29 7 19 
29 203 26 19 30 
30 203 11 30 9 
31 203 9 30 19 
32 203 21 39 14 
33 203 4 2 27 
34 203 21 31 39 
35 203 31 27 2 
36 203 27 6 4 
37 203 12 10 32 
38 203 12 32 24 
39 203 32 10 28 
40 203 8 28 10 
41 203 18 28 8 
42 203 25 20 12 
43 203 27 33 18 
44 203 15 24 32 
45 203 18 6 27 
46 203 33 28 18 
47 203 17 25 24 
48 203 12 24 25 
49 203 31 34 27 
50 203 15 34 21 
51 203 34 31 21 
52 203 1 3 40 
53 203 33 27 34 
54 203 33 15 28 
55 203 32 28 15 
56 203 33 34 15 
57 203 20 17 35 
58 203 23 35 17 
59 203 20 25 17 
60 203 13 20 35 
61 203 22 14 40 
62 203 36 23 16 
63 203 16 26 30 
64 203 35 23 13 
65 203 36 30 11 
66 203 30 36 16 
67 203 36 11 13 
68 203 13 23 36 
69 203 38 40 3 
70 203 38 22 40 
71 203 1 14 39 
72 203 29 26 37 
73 203 38 37 22 
74 203 5 29 3 
75 203 37 38 29 
76 203 1 40 14 
77 203 37 26 16 
78 203 22 37 16 
79 203 1 39 2 
80 203 31 2 39 
