15 28
1 -1.000000e+00 -1.110223e-16 0.000000e+00
2 1.000000e+00 -1.110223e-16 0.000000e+00
3 -6.601415e-01 3.114675e-01 0.000000e+00
4 -2.304972e-01 4.785646e-01 0.000000e+00
5 2.304972e-01 4.785646e-01 0.000000e+00
6 6.601415e-01 3.114675e-01 0.000000e+00
7 6.601415e-01 -3.114675e-01 0.000000e+00
8 2.304972e-01 -4.785646e-01 0.000000e+00
9 -2.304972e-01 -4.785646e-01 0.000000e+00
10 -6.601415e-01 -3.114675e-01 0.000000e+00
11 -4.749303e-01 7.268991e-02 0.000000e+00
12 5.605722e-01 7.893261e-02 0.000000e+00
13 -7.504890e-02 1.520868e-01 0.000000e+00
14 -1.697973e-01 -1.793791e-01 0.000000e+00
15 2.419737e-01 -5.151266e-02 0.000000e+00
1 102 1 3 
2 102 3 4 
3 102 4 5 
4 102 5 6 
5 102 6 2 
6 102 2 7 
7 102 7 8 
8 102 8 9 
9 102 9 10 
10 102 10 1 
11 203 13 14 15 
12 203 11 10 14 
13 203 6 12 2 
14 203 12 7 2 
15 203 9 14 10 
16 203 11 1 10 
17 203 12 5 15 
18 203 11 3 1 
19 203 8 15 14 
20 203 4 11 13 
21 203 12 15 7 
22 203 9 8 14 
23 203 11 4 3 
24 203 12 6 5 
25 203 14 13 11 
26 203 13 15 5 
27 203 13 5 4 
28 203 8 7 15 
