283 566
1 -2.000000e+00 0.000000e+00 0.000000e+00
2 -5.000000e-01 0.000000e+00 0.000000e+00
3 -1.984841e+00 2.457766e-01 0.000000e+00
4 -1.939594e+00 4.878274e-01 0.000000e+00
5 -1.864944e+00 7.224833e-01 0.000000e+00
6 -1.762024e+00 9.461871e-01 0.000000e+00
7 -1.632394e+00 1.155548e+00 0.000000e+00
8 -1.478018e+00 1.347391e+00 0.000000e+00
9 -1.301237e+00 1.518810e+00 0.000000e+00
10 -1.104730e+00 1.667205e+00 0.000000e+00
11 -8.914767e-01 1.790327e+00 0.000000e+00
12 -6.647096e-01 1.886309e+00 0.000000e+00
13 -4.278662e-01 1.953697e+00 0.000000e+00
14 -1.845367e-01 1.991468e+00 0.000000e+00
15 6.159012e-02 1.999051e+00 0.000000e+00
16 3.067833e-01 1.976331e+00 0.000000e+00
17 5.473260e-01 1.923651e+00 0.000000e+00
18 7.795717e-01 1.841811e+00 0.000000e+00
19 1.000000e+00 1.732051e+00 0.000000e+00
20 1.205269e+00 1.596034e+00 0.000000e+00
21 1.392268e+00 1.435824e+00 0.000000e+00
22 1.558161e+00 1.253848e+00 0.000000e+00
23 1.700434e+00 1.052864e+00 0.000000e+00
24 1.816931e+00 8.359207e-01 0.000000e+00
25 1.905884e+00 6.063053e-01 0.000000e+00
26 1.965946e+00 3.674990e-01 0.000000e+00
27 1.996207e+00 1.231218e-01 0.000000e+00
28 1.996207e+00 -1.231218e-01 0.000000e+00
29 1.965946e+00 -3.674990e-01 0.000000e+00
30 1.905884e+00 -6.063053e-01 0.000000e+00
31 1.816931e+00 -8.359207e-01 0.000000e+00
32 1.700434e+00 -1.052864e+00 0.000000e+00
33 1.558161e+00 -1.253848e+00 0.000000e+00
34 1.392268e+00 -1.435824e+00 0.000000e+00
35 1.205269e+00 -1.596034e+00 0.000000e+00
36 1.000000e+00 -1.732051e+00 0.000000e+00
37 7.795717e-01 -1.841811e+00 0.000000e+00
38 5.473260e-01 -1.923651e+00 0.000000e+00
39 3.067833e-01 -1.976331e+00 0.000000e+00
40 6.159012e-02 -1.999051e+00 0.000000e+00
41 -1.845367e-01 -1.991468e+00 0.000000e+00
42 -4.278662e-01 -1.953697e+00 0.000000e+00
43 -6.647096e-01 -1.886309e+00 0.000000e+00
44 -8.914767e-01 -1.790327e+00 0.000000e+00
45 -1.104730e+00 -1.667205e+00 0.000000e+00
46 -1.301237e+00 -1.518810e+00 0.000000e+00
47 -1.478018e+00 -1.347391e+00 0.000000e+00
48 -1.632394e+00 -1.155548e+00 0.000000e+00
49 -1.762024e+00 -9.461871e-01 0.000000e+00
50 -1.864944e+00 -7.224833e-01 0.000000e+00
51 -1.939594e+00 -4.878274e-01 0.000000e+00
52 -1.984841e+00 -2.457766e-01 0.000000e+00
53 -4.427280e-01 2.323616e-01 0.000000e+00
54 -2.840324e-01 4.114919e-01 0.000000e+00
55 -6.026834e-02 4.963544e-01 0.000000e+00
56 1.773024e-01 4.675081e-01 0.000000e+00
57 3.742554e-01 3.315613e-01 0.000000e+00
58 4.854709e-01 1.196578e-01 0.000000e+00
59 4.854709e-01 -1.196578e-01 0.000000e+00
60 3.742554e-01 -3.315613e-01 0.000000e+00
61 1.773024e-01 -4.675081e-01 0.000000e+00
62 -6.026834e-02 -4.963544e-01 0.000000e+00
63 -2.840324e-01 -4.114919e-01 0.000000e+00
64 -4.427280e-01 -2.323616e-01 0.000000e+00
65 -1.169777e+00 -2.302400e-01 0.000000e+00
66 -6.569056e-01 -1.234667e+00 0.000000e+00
67 1.191342e+00 -2.353556e-01 0.000000e+00
68 5.874537e-01 -1.249250e+00 0.000000e+00
69 1.685996e+00 8.093578e-01 0.000000e+00
70 -2.024857e-02 1.786524e+00 0.000000e+00
71 5.789105e-01 8.061420e-01 0.000000e+00
72 -1.682847e+00 7.809298e-01 0.000000e+00
73 -5.912221e-01 7.948307e-01 0.000000e+00
74 5.626344e-01 1.747070e+00 0.000000e+00
75 -5.141150e-01 1.760163e+00 0.000000e+00
76 1.472986e+00 2.908074e-01 0.000000e+00
77 1.772316e+00 -1.917664e-01 0.000000e+00
78 1.481416e+00 -7.285505e-01 0.000000e+00
79 8.797093e-01 -6.630715e-01 0.000000e+00
80 1.151818e+00 -1.180436e+00 0.000000e+00
81 8.222695e-01 -1.670240e+00 0.000000e+00
82 2.828394e-01 -1.710218e+00 0.000000e+00
83 -1.498104e+00 2.821562e-01 0.000000e+00
84 -1.724005e+00 -2.469895e-01 0.000000e+00
85 -8.783422e-01 -7.216608e-01 0.000000e+00
86 -1.449857e+00 -7.157078e-01 0.000000e+00
87 -1.208491e+00 -1.235870e+00 0.000000e+00
88 -3.186441e-01 -1.723481e+00 0.000000e+00
89 -8.342547e-01 -1.672734e+00 0.000000e+00
90 6.149985e-04 -1.229891e+00 0.000000e+00
91 -3.014596e-01 -6.316592e-01 0.000000e+00
92 -6.294320e-01 -2.454904e-01 0.000000e+00
93 3.049362e-01 -7.151739e-01 0.000000e+00
94 6.041528e-01 -2.615201e-01 0.000000e+00
95 -8.505446e-01 2.808269e-01 0.000000e+00
96 -1.203443e+00 7.641969e-01 0.000000e+00
97 -1.389389e+00 1.288479e+00 0.000000e+00
98 -8.824468e-01 1.309408e+00 0.000000e+00
99 -2.947697e-01 1.310095e+00 0.000000e+00
100 8.767418e-01 2.962619e-01 0.000000e+00
101 1.174186e+00 8.068295e-01 0.000000e+00
102 2.908137e-01 1.311851e+00 0.000000e+00
103 8.793560e-01 1.309462e+00 0.000000e+00
104 1.372476e+00 1.274810e+00 0.000000e+00
105 -2.288260e-03 7.334205e-01 0.000000e+00
106 2.920574e-01 1.797485e+00 0.000000e+00
107 -2.903128e-01 1.774505e+00 0.000000e+00
108 1.824053e+00 4.568131e-01 0.000000e+00
109 1.634537e+00 5.443583e-01 0.000000e+00
110 1.765523e+00 2.686503e-01 0.000000e+00
111 1.834133e+00 2.406213e-02 0.000000e+00
112 1.621358e+00 4.239732e-02 0.000000e+00
113 1.346754e+00 1.653007e-02 0.000000e+00
114 1.434930e+00 -2.123660e-01 0.000000e+00
115 1.258119e+00 -4.861782e-01 0.000000e+00
116 1.007562e+00 -4.541729e-01 0.000000e+00
117 1.186135e+00 -8.064554e-01 0.000000e+00
118 1.592186e+00 -8.798760e-01 0.000000e+00
119 1.273658e+00 -1.004980e+00 0.000000e+00
120 1.358433e+00 -1.217693e+00 0.000000e+00
121 1.031026e+00 -9.734481e-01 0.000000e+00
122 7.527103e-01 -1.042903e+00 0.000000e+00
123 8.179555e-01 -1.218840e+00 0.000000e+00
124 7.223621e-01 -1.537338e+00 0.000000e+00
125 4.346000e-01 -1.437054e+00 0.000000e+00
126 6.062911e-01 -1.718163e+00 0.000000e+00
127 9.680443e-01 -1.511658e+00 0.000000e+00
128 1.662538e+00 -6.911764e-01 0.000000e+00
129 1.652337e+00 -4.951090e-01 0.000000e+00
130 1.793328e+00 -3.999915e-01 0.000000e+00
131 -1.595719e+00 6.163366e-01 0.000000e+00
132 -1.809631e+00 2.840054e-01 0.000000e+00
133 -1.307561e+00 4.273946e-02 0.000000e+00
134 -1.636591e+00 2.757938e-02 0.000000e+00
135 -1.466745e+00 -2.363613e-01 0.000000e+00
136 -1.805618e+00 2.193456e-02 0.000000e+00
137 -1.028587e+00 -4.700038e-01 0.000000e+00
138 -1.316772e+00 -4.717374e-01 0.000000e+00
139 -1.171907e+00 -7.195470e-01 0.000000e+00
140 -7.147118e-01 -9.858969e-01 0.000000e+00
141 -1.029721e+00 -9.740859e-01 0.000000e+00
142 -8.899473e-01 -1.208200e+00 0.000000e+00
143 -1.314353e+00 -9.605128e-01 0.000000e+00
144 -1.557591e+00 -9.447084e-01 0.000000e+00
145 -1.441741e+00 -1.137406e+00 0.000000e+00
146 -4.297709e-01 -1.503383e+00 0.000000e+00
147 -6.952454e-01 -1.467411e+00 0.000000e+00
148 -5.667411e-01 -1.704645e+00 0.000000e+00
149 -9.864262e-01 -1.453763e+00 0.000000e+00
150 -1.686265e+00 -7.136851e-01 0.000000e+00
151 -1.810916e+00 -4.785191e-01 0.000000e+00
152 -1.585276e+00 -4.742446e-01 0.000000e+00
153 7.617384e-03 -1.791291e+00 0.000000e+00
154 -1.907728e-01 -1.487997e+00 0.000000e+00
155 -3.393271e-01 -1.207263e+00 0.000000e+00
156 1.332844e-01 -1.482988e+00 0.000000e+00
157 3.135600e-01 -1.242312e+00 0.000000e+00
158 -4.725525e-01 -9.381707e-01 0.000000e+00
159 -5.609571e-01 -7.184079e-01 0.000000e+00
160 -7.437349e-01 -4.704842e-01 0.000000e+00
161 -8.835746e-01 -2.345145e-01 0.000000e+00
162 -4.897687e-01 -4.544000e-01 0.000000e+00
163 4.080048e-01 -9.154633e-01 0.000000e+00
164 5.985043e-01 -7.152039e-01 0.000000e+00
165 4.612864e-01 -4.905606e-01 0.000000e+00
166 7.352167e-01 -4.675889e-01 0.000000e+00
167 8.773810e-01 -2.217810e-01 0.000000e+00
168 5.417978e-02 -7.232453e-01 0.000000e+00
169 1.584620e-01 -9.436777e-01 0.000000e+00
170 -1.603475e-01 -9.706938e-01 0.000000e+00
171 -1.045607e+00 4.012329e-02 0.000000e+00
172 -1.198202e+00 3.023380e-01 0.000000e+00
173 -1.248025e+00 5.082420e-01 0.000000e+00
174 -1.469994e+00 8.135079e-01 0.000000e+00
175 -1.053397e+00 5.892143e-01 0.000000e+00
176 -7.103478e-01 5.415296e-01 0.000000e+00
177 -8.944335e-01 7.672070e-01 0.000000e+00
178 -1.604942e+00 9.493263e-01 0.000000e+00
179 -7.419208e-01 1.052067e+00 0.000000e+00
180 -4.455343e-01 1.058699e+00 0.000000e+00
181 -5.866672e-01 1.314200e+00 0.000000e+00
182 -1.013134e+00 1.532975e+00 0.000000e+00
183 -7.158449e-01 1.593382e+00 0.000000e+00
184 -4.289034e-01 1.555244e+00 0.000000e+00
185 -1.492337e-01 1.553679e+00 0.000000e+00
186 -1.166609e+00 1.302639e+00 0.000000e+00
187 -1.071653e+00 1.040432e+00 0.000000e+00
188 -1.339388e+00 1.116985e+00 0.000000e+00
189 1.026311e+00 3.413564e-02 0.000000e+00
190 1.175591e+00 2.921178e-01 0.000000e+00
191 7.301050e-01 5.526008e-01 0.000000e+00
192 1.025644e+00 5.503523e-01 0.000000e+00
193 8.782346e-01 8.054196e-01 0.000000e+00
194 1.322453e+00 5.486046e-01 0.000000e+00
195 1.455228e+00 8.000107e-01 0.000000e+00
196 4.344044e-01 1.060807e+00 0.000000e+00
197 7.312905e-01 1.058994e+00 0.000000e+00
198 5.869142e-01 1.313086e+00 0.000000e+00
199 1.422143e-01 1.556564e+00 0.000000e+00
200 4.375459e-01 1.554327e+00 0.000000e+00
201 7.493461e-01 1.575451e+00 0.000000e+00
202 1.003401e+00 1.511660e+00 0.000000e+00
203 1.553742e+00 1.002418e+00 0.000000e+00
204 1.175358e+00 1.324161e+00 0.000000e+00
205 1.333119e+00 1.075080e+00 0.000000e+00
206 1.028256e+00 1.062536e+00 0.000000e+00
207 -2.985375e-03 1.309653e+00 0.000000e+00
208 1.403106e-01 1.071771e+00 0.000000e+00
209 2.556491e-01 8.173580e-01 0.000000e+00
210 -1.525068e-01 1.052004e+00 0.000000e+00
211 -3.258807e-01 8.365322e-01 0.000000e+00
212 4.144079e-01 5.543041e-01 0.000000e+00
213 5.985414e-01 3.125055e-01 0.000000e+00
214 7.087800e-01 2.544318e-02 0.000000e+00
215 -4.672861e-01 4.900631e-01 0.000000e+00
216 -6.169151e-01 2.713728e-01 0.000000e+00
217 -7.176736e-01 7.258468e-02 0.000000e+00
218 -2.351316e-01 6.366897e-01 0.000000e+00
219 1.587383e-01 6.115425e-01 0.000000e+00
220 9.889891e-01 -1.305472e+00 0.000000e+00
221 1.872162e-01 -1.831659e+00 0.000000e+00
222 1.011676e+00 -7.897554e-01 0.000000e+00
223 6.082847e-01 -1.426112e+00 0.000000e+00
224 4.272032e-01 -1.637948e+00 0.000000e+00
225 -1.474599e+00 4.736109e-01 0.000000e+00
226 -7.386637e-03 -1.583756e+00 0.000000e+00
227 -1.471234e+00 9.947467e-01 0.000000e+00
228 -1.310805e+00 9.458476e-01 0.000000e+00
229 -1.323739e-01 -1.709642e+00 0.000000e+00
230 -1.402530e+00 6.328742e-01 0.000000e+00
231 5.561442e-01 -1.556697e+00 0.000000e+00
232 7.773388e-01 -1.371214e+00 0.000000e+00
233 1.106595e+00 -6.441705e-01 0.000000e+00
234 9.546647e-01 -1.146590e+00 0.000000e+00
235 -1.045612e+00 3.957012e-01 0.000000e+00
236 -1.766267e-02 -1.387072e+00 0.000000e+00
237 -3.199475e-01 -1.044591e+00 0.000000e+00
238 -1.697433e+00 4.299292e-01 0.000000e+00
239 1.380035e+00 -8.462945e-01 0.000000e+00
240 1.477365e+00 -1.043854e+00 0.000000e+00
241 -1.279484e-02 -1.065664e+00 0.000000e+00
242 -1.341826e+00 1.918562e-01 0.000000e+00
243 3.908999e-01 -1.811675e+00 0.000000e+00
244 1.192146e+00 -1.380928e+00 0.000000e+00
245 1.467501e+00 -5.705190e-01 0.000000e+00
246 -4.999085e-01 -1.113949e+00 0.000000e+00
247 1.313005e+00 -6.691432e-01 0.000000e+00
248 1.381699e-01 -1.662434e+00 0.000000e+00
249 -1.646457e+00 1.890647e-01 0.000000e+00
250 -1.695715e-01 -1.185323e+00 0.000000e+00
251 1.612462e+00 -3.058372e-01 0.000000e+00
252 6.048989e-01 -9.123956e-01 0.000000e+00
253 -1.318944e+00 -9.742982e-02 0.000000e+00
254 -1.621717e+00 -1.057125e-01 0.000000e+00
255 -4.709194e-01 -1.312659e+00 0.000000e+00
256 2.672653e-01 -1.399096e+00 0.000000e+00
257 2.866842e-01 -1.066121e+00 0.000000e+00
258 -1.367610e-01 -7.730114e-01 0.000000e+00
259 -1.019601e+00 -1.058996e-01 0.000000e+00
260 -1.032059e+00 1.976216e-01 0.000000e+00
261 -6.086332e-01 6.414737e-01 0.000000e+00
262 -1.473199e-01 8.516201e-01 0.000000e+00
263 -7.269118e-01 -1.034281e-01 0.000000e+00
264 8.249573e-01 -8.447830e-01 0.000000e+00
265 2.827491e-01 -1.547509e+00 0.000000e+00
266 -9.147978e-01 5.126462e-01 0.000000e+00
267 -1.759279e+00 6.029179e-01 0.000000e+00
268 -2.752816e-02 -9.009159e-01 0.000000e+00
269 -1.350046e+00 3.533124e-01 0.000000e+00
270 1.431914e+00 -3.879607e-01 0.000000e+00
271 -8.733965e-01 5.817152e-03 0.000000e+00
272 8.998467e-03 9.052245e-01 0.000000e+00
273 -4.448844e-01 6.688051e-01 0.000000e+00
274 -1.194968e+00 1.371261e-01 0.000000e+00
275 -1.156372e+00 -2.725395e-02 0.000000e+00
276 -3.112094e-01 -8.329376e-01 0.000000e+00
277 4.719010e-01 -1.075456e+00 0.000000e+00
278 1.179303e-01 -1.325861e+00 0.000000e+00
279 -2.837465e-01 -1.344944e+00 0.000000e+00
280 -1.493910e+00 1.583826e-02 0.000000e+00
281 1.560530e+00 -1.415568e-01 0.000000e+00
282 1.247971e-01 -1.156043e+00 0.000000e+00
283 -7.794820e-01 -1.330120e+00 0.000000e+00
1 102 1 3 
2 102 3 4 
3 102 4 5 
4 102 5 6 
5 102 6 7 
6 102 7 8 
7 102 8 9 
8 102 9 10 
9 102 10 11 
10 102 11 12 
11 102 12 13 
12 102 13 14 
13 102 14 15 
14 102 15 16 
15 102 16 17 
16 102 17 18 
17 102 18 19 
18 102 19 20 
19 102 20 21 
20 102 21 22 
21 102 22 23 
22 102 23 24 
23 102 24 25 
24 102 25 26 
25 102 26 27 
26 102 27 28 
27 102 28 29 
28 102 29 30 
29 102 30 31 
30 102 31 32 
31 102 32 33 
32 102 33 34 
33 102 34 35 
34 102 35 36 
35 102 36 37 
36 102 37 38 
37 102 38 39 
38 102 39 40 
39 102 40 41 
40 102 41 42 
41 102 42 43 
42 102 43 44 
43 102 44 45 
44 102 45 46 
45 102 46 47 
46 102 47 48 
47 102 48 49 
48 102 49 50 
49 102 50 51 
50 102 51 52 
51 102 52 1 
52 102 2 53 
53 102 53 54 
54 102 54 55 
55 102 55 56 
56 102 56 57 
57 102 57 58 
58 102 58 59 
59 102 59 60 
60 102 60 61 
61 102 61 62 
62 102 62 63 
63 102 63 64 
64 102 64 2 
65 203 74 201 18 
66 203 74 17 106 
67 203 106 16 15 
68 203 106 17 16 
69 203 74 18 17 
70 203 107 70 14 
71 203 70 15 14 
72 203 75 107 13 
73 203 107 14 13 
74 203 75 13 12 
75 203 70 106 15 
76 203 69 25 24 
77 203 108 25 109 
78 203 76 110 109 
79 203 111 27 110 
80 203 108 110 26 
81 203 108 109 110 
82 203 111 28 27 
83 203 77 29 28 
84 203 111 77 28 
85 203 113 112 76 
86 203 90 278 282 
87 203 67 114 113 
88 203 114 281 113 
89 203 111 112 77 
90 203 110 76 112 
91 203 26 110 27 
92 203 112 111 110 
93 203 25 108 26 
94 203 69 109 25 
95 203 116 115 67 
96 203 78 247 239 
97 203 222 233 79 
98 203 116 233 115 
99 203 240 118 239 
100 203 33 32 240 
101 203 80 120 119 
102 203 168 268 169 
103 203 222 264 121 
104 203 172 260 235 
105 203 68 123 122 
106 203 123 234 122 
107 203 119 121 80 
108 203 224 231 125 
109 203 78 239 118 
110 203 222 121 117 
111 203 82 243 224 
112 203 126 81 124 
113 203 126 124 231 
114 203 223 231 124 
115 203 36 81 37 
116 203 35 34 244 
117 203 131 238 225 
118 203 81 126 37 
119 203 126 38 37 
120 203 224 243 126 
121 203 127 124 81 
122 203 223 232 68 
123 203 82 248 221 
124 203 220 232 127 
125 203 251 270 129 
126 203 121 234 80 
127 203 120 34 33 
128 203 80 244 120 
129 203 35 244 127 
130 203 127 81 36 
131 203 123 232 220 
132 203 127 36 35 
133 203 128 78 118 
134 203 118 240 32 
135 203 158 140 246 
136 203 118 32 31 
137 203 128 118 31 
138 203 115 270 67 
139 203 163 277 252 
140 203 217 95 271 
141 203 29 130 30 
142 203 130 29 77 
143 203 77 251 130 
144 203 129 245 128 
145 203 128 31 30 
146 203 130 129 30 
147 203 128 30 129 
148 203 5 267 72 
149 203 249 83 238 
150 203 40 39 221 
151 203 153 221 248 
152 203 242 83 280 
153 203 84 135 254 
154 203 237 246 155 
155 203 133 280 253 
156 203 136 1 52 
157 203 84 254 136 
158 203 136 3 1 
159 203 155 279 250 
160 203 132 4 3 
161 203 136 132 3 
162 203 134 249 136 
163 203 72 6 5 
164 203 238 267 4 
165 203 156 248 265 
166 203 138 137 65 
167 203 139 85 137 
168 203 86 139 138 
169 203 137 138 139 
170 203 141 140 85 
171 203 142 66 140 
172 203 87 142 141 
173 203 140 141 142 
174 203 144 143 86 
175 203 145 87 143 
176 203 143 144 145 
177 203 145 144 48 
178 203 144 49 48 
179 203 141 143 87 
180 203 139 86 143 
181 203 85 139 141 
182 203 143 141 139 
183 203 146 255 147 
184 203 148 88 146 
185 203 89 148 147 
186 203 146 147 148 
187 203 88 42 41 
188 203 41 40 153 
189 203 153 229 41 
190 203 89 45 44 
191 203 89 44 43 
192 203 88 148 42 
193 203 148 43 42 
194 203 148 89 43 
195 203 145 47 87 
196 203 147 149 89 
197 203 46 149 87 
198 203 87 47 46 
199 203 145 48 47 
200 203 142 87 149 
201 203 147 283 149 
202 203 153 40 221 
203 203 45 149 46 
204 203 89 149 45 
205 203 127 244 220 
206 203 147 66 283 
207 203 142 149 283 
208 203 241 90 282 
209 203 157 257 282 
210 203 112 113 281 
211 203 251 77 281 
212 203 133 242 280 
213 203 254 135 280 
214 203 154 236 279 
215 203 255 146 279 
216 203 90 236 278 
217 203 256 157 278 
218 203 68 122 277 
219 203 257 157 277 
220 203 258 91 276 
221 203 158 237 276 
222 203 259 171 275 
223 203 133 253 275 
224 203 260 172 274 
225 203 86 150 144 
226 203 150 151 50 
227 203 133 275 274 
228 203 261 215 273 
229 203 211 73 273 
230 203 262 105 272 
231 203 144 150 49 
232 203 150 50 49 
233 203 151 52 51 
234 203 208 210 272 
235 203 263 217 271 
236 203 171 259 271 
237 203 84 136 52 
238 203 114 67 270 
239 203 151 84 52 
240 203 138 152 86 
241 203 135 84 152 
242 203 65 135 138 
243 203 152 138 135 
244 203 151 152 84 
245 203 150 86 152 
246 203 151 51 50 
247 203 152 151 150 
248 203 245 129 270 
249 203 173 225 269 
250 203 242 172 269 
251 203 168 258 268 
252 203 241 169 268 
253 203 238 131 267 
254 203 5 4 267 
255 203 176 177 266 
256 203 235 95 266 
257 203 256 156 265 
258 203 224 125 265 
259 203 222 79 264 
260 203 122 121 264 
261 203 124 127 232 
262 203 123 220 234 
263 203 105 209 272 
264 203 256 265 125 
265 203 39 243 221 
266 203 68 125 223 
267 203 154 146 88 
268 203 175 235 266 
269 203 250 279 236 
270 203 134 254 280 
271 203 224 265 82 
272 203 155 255 279 
273 203 68 157 125 
274 203 93 169 163 
275 203 170 276 237 
276 203 226 248 156 
277 203 173 96 230 
278 203 188 7 227 
279 203 115 233 247 
280 203 159 85 140 
281 203 158 276 159 
282 203 140 158 159 
283 203 160 137 85 
284 203 161 65 137 
285 203 92 161 160 
286 203 137 160 161 
287 203 62 63 91 
288 203 92 2 263 
289 203 210 211 262 
290 203 92 162 64 
291 203 162 63 64 
292 203 160 162 92 
293 203 162 91 63 
294 203 215 218 273 
295 203 73 177 261 
296 203 159 91 162 
297 203 85 159 160 
298 203 162 160 159 
299 203 252 277 122 
300 203 164 93 163 
301 203 252 264 164 
302 203 135 65 253 
303 203 242 133 274 
304 203 165 60 61 
305 203 168 93 61 
306 203 93 165 61 
307 203 171 271 260 
308 203 94 59 60 
309 203 242 274 172 
310 203 165 94 60 
311 203 116 166 79 
312 203 167 94 166 
313 203 67 167 116 
314 203 166 116 167 
315 203 165 166 94 
316 203 164 79 166 
317 203 93 164 165 
318 203 166 165 164 
319 203 91 258 62 
320 203 61 62 168 
321 203 119 117 121 
322 203 257 163 169 
323 203 91 159 276 
324 203 117 247 233 
325 203 263 271 161 
326 203 236 156 278 
327 203 257 169 282 
328 203 168 62 258 
329 203 258 276 170 
330 203 241 170 250 
331 203 255 155 246 
332 203 4 132 238 
333 203 173 269 172 
334 203 65 161 259 
335 203 93 168 169 
336 203 83 242 269 
337 203 253 65 275 
338 203 38 126 243 
339 203 176 215 261 
340 203 171 274 275 
341 203 156 236 226 
342 203 174 72 131 
343 203 174 230 96 
344 203 225 230 131 
345 203 131 72 267 
346 203 177 96 175 
347 203 176 261 177 
348 203 175 266 177 
349 203 173 175 96 
350 203 154 226 236 
351 203 83 269 225 
352 203 172 235 173 
353 203 170 268 258 
354 203 178 7 6 
355 203 163 257 277 
356 203 174 178 72 
357 203 68 277 157 
358 203 97 8 7 
359 203 241 282 169 
360 203 178 227 7 
361 203 157 282 278 
362 203 125 157 256 
363 203 154 279 146 
364 203 66 147 255 
365 203 134 136 254 
366 203 253 280 135 
367 203 114 251 281 
368 203 97 9 8 
369 203 259 275 65 
370 203 164 163 252 
371 203 122 264 252 
372 203 129 130 251 
373 203 114 270 251 
374 203 237 155 250 
375 203 180 179 73 
376 203 181 98 179 
377 203 99 181 180 
378 203 179 180 181 
379 203 183 182 98 
380 203 90 241 250 
381 203 75 12 183 
382 203 185 184 99 
383 203 182 183 11 
384 203 183 12 11 
385 203 134 280 249 
386 203 107 75 184 
387 203 70 107 185 
388 203 184 185 107 
389 203 183 184 75 
390 203 181 99 184 
391 203 98 181 183 
392 203 184 183 181 
393 203 186 98 182 
394 203 132 136 249 
395 203 182 11 10 
396 203 226 153 248 
397 203 182 10 9 
398 203 97 186 9 
399 203 186 182 9 
400 203 82 265 248 
401 203 187 179 98 
402 203 177 73 179 
403 203 96 177 187 
404 203 179 187 177 
405 203 97 7 188 
406 203 153 226 229 
407 203 227 178 174 
408 203 188 227 228 
409 203 188 228 187 
410 203 186 97 188 
411 203 98 186 187 
412 203 188 187 186 
413 203 113 189 67 
414 203 190 100 189 
415 203 76 190 113 
416 203 189 113 190 
417 203 192 191 100 
418 203 193 71 191 
419 203 101 193 192 
420 203 191 192 193 
421 203 109 194 76 
422 203 195 101 194 
423 203 69 195 109 
424 203 194 109 195 
425 203 192 194 101 
426 203 190 76 194 
427 203 100 190 192 
428 203 194 192 190 
429 203 197 196 71 
430 203 198 102 196 
431 203 103 198 197 
432 203 196 197 198 
433 203 200 199 102 
434 203 106 70 199 
435 203 74 106 200 
436 203 199 200 106 
437 203 202 201 103 
438 203 78 245 247 
439 203 202 19 201 
440 203 117 239 247 
441 203 18 201 19 
442 203 202 20 19 
443 203 200 201 74 
444 203 198 103 201 
445 203 102 198 200 
446 203 201 200 198 
447 203 66 255 246 
448 203 140 66 246 
449 203 203 69 23 
450 203 69 24 23 
451 203 78 128 245 
452 203 104 205 22 
453 203 203 23 22 
454 203 115 247 245 
455 203 80 220 244 
456 203 34 120 244 
457 203 39 38 243 
458 203 82 221 243 
459 203 260 274 171 
460 203 249 280 83 
461 203 66 142 283 
462 203 237 250 170 
463 203 120 33 240 
464 203 119 120 240 
465 203 21 104 22 
466 203 119 240 239 
467 203 103 204 202 
468 203 202 204 20 
469 203 117 119 239 
470 203 170 241 268 
471 203 204 104 21 
472 203 132 249 238 
473 203 20 204 21 
474 203 112 281 77 
475 203 203 22 205 
476 203 195 69 203 
477 203 101 195 205 
478 203 203 205 195 
479 203 197 206 103 
480 203 193 101 206 
481 203 71 193 197 
482 203 206 197 193 
483 203 205 206 101 
484 203 204 103 206 
485 203 104 204 205 
486 203 206 205 204 
487 203 185 199 70 
488 203 207 102 199 
489 203 99 207 185 
490 203 199 185 207 
491 203 208 196 102 
492 203 209 71 196 
493 203 208 272 209 
494 203 196 208 209 
495 203 180 210 99 
496 203 161 92 263 
497 203 73 211 180 
498 203 210 180 211 
499 203 262 272 210 
500 203 207 99 210 
501 203 102 207 208 
502 203 210 208 207 
503 203 212 191 71 
504 203 213 100 191 
505 203 191 212 213 
506 203 158 246 237 
507 203 213 212 57 
508 203 219 56 212 
509 203 214 189 100 
510 203 167 67 189 
511 203 94 167 214 
512 203 189 214 167 
513 203 90 250 236 
514 203 256 278 156 
515 203 175 173 235 
516 203 94 214 59 
517 203 176 266 95 
518 203 121 122 234 
519 203 220 80 234 
520 203 222 117 233 
521 203 100 213 214 
522 203 211 218 262 
523 203 59 214 58 
524 203 214 213 58 
525 203 213 57 58 
526 203 216 53 215 
527 203 95 216 176 
528 203 215 176 216 
529 203 116 79 233 
530 203 223 124 232 
531 203 123 68 232 
532 203 224 126 231 
533 203 95 260 271 
534 203 79 164 264 
535 203 95 235 260 
536 203 259 161 271 
537 203 216 95 217 
538 203 223 125 231 
539 203 217 263 2 
540 203 92 64 2 
541 203 217 2 216 
542 203 225 173 230 
543 203 216 2 53 
544 203 174 131 230 
545 203 88 41 229 
546 203 226 154 229 
547 203 96 187 228 
548 203 227 174 228 
549 203 261 273 73 
550 203 218 215 54 
551 203 215 53 54 
552 203 96 228 174 
553 203 105 262 218 
554 203 211 273 218 
555 203 57 212 56 
556 203 209 105 219 
557 203 71 209 212 
558 203 219 212 209 
559 203 218 55 105 
560 203 6 72 178 
561 203 225 238 83 
562 203 88 229 154 
563 203 219 55 56 
564 203 219 105 55 
565 203 218 54 55 
566 203 115 245 270 
